,0,1,2,3,4,5,6,7
0,0.0795230721122,0.0817141293791,0.161237201491,1.02755247262,45.90625,-23.09375,12.7533313663,1032.09375
1,0.0510346608885,0.073470480419,0.124505141307,1.43961925366,16.71875,-23.28125,10.4664176506,1032.28125
2,0.0682436978826,0.102312629032,0.170556326914,1.49922457613,45.296875,-23.703125,13.3962211177,1032.703125
3,0.0739984916655,0.14082252456,0.214821016226,1.90304587824,54.28125,-24.71875,17.2404581853,1033.71875
4,0.0859550242558,0.144485229633,0.230440253889,1.68093989717,53.515625,-34.484375,17.4311074192,1034.484375
5,0.0790675369669,0.104880887199,0.183948424166,1.32647216825,45.8125,-32.1875,15.5119661471,1032.1875
6,0.0726909134491,0.106633575351,0.1793244888,1.46694504569,46.09375,-31.90625,13.8999985949,1031.90625
7,0.0702322869513,0.111718358461,0.181950645412,1.59069800102,46.09375,-22.90625,13.4996744752,1031.90625
8,0.0592936589633,0.0922040927646,0.151497751728,1.55504137165,37.15625,-21.84375,11.6219333993,1030.84375
9,0.0792339060604,0.0714925631219,0.150726469182,0.902297598043,26.859375,-22.140625,11.8121589733,1031.140625
10,0.106988438759,0.0722421235159,0.179230562275,0.675232991096,36.90625,-31.09375,15.4249379557,1031.09375
11,0.125295424778,0.142317185888,0.267612610666,1.13585301411,75.59375,-31.40625,21.2218333548,1031.40625
12,0.155877015264,0.167124800465,0.323001815728,1.07215807399,108.046875,-28.953125,26.5579729598,1028.953125
13,0.152383360605,0.152974815312,0.305358175918,1.00388136017,109.109375,-37.890625,25.1558375354,1027.890625
14,0.111667246699,0.119197845386,0.230865092085,1.0674378469,78.203125,-38.796875,17.8651018814,1028.796875
15,0.0978120993931,0.0984880890241,0.196300188417,1.0069111044,40.25,-37.75,15.65547029,1027.75
16,0.112697183143,0.122882069529,0.235579252673,1.09037392153,78.0,-39.0,18.9695479651,1029.0
17,0.103322944948,0.118985927935,0.222308872883,1.15159249473,75.546875,-31.453125,17.3672911743,1031.453125
18,0.0992813332905,0.108004094845,0.207285428136,1.08785902914,76.796875,-30.203125,17.6937309586,1030.203125
19,0.121151576871,0.120352174647,0.241503751518,0.993401635837,79.453125,-37.546875,20.8483585141,1027.546875
20,0.120917229794,0.123134613585,0.244051843379,1.01833803003,50.453125,-37.546875,19.0377336554,1027.546875
21,0.0808377178484,0.0883027353236,0.169140453172,1.09234572269,29.34375,-38.65625,13.072177934,1028.65625
22,0.0641669277794,0.0918818185115,0.156048746291,1.43191861744,21.53125,-27.46875,11.6806045836,1027.46875
23,0.0764202405361,0.085426128579,0.161846369115,1.11784689475,31.1875,-26.8125,13.1444795922,1026.8125
24,0.061659691865,0.0949701318169,0.156629823682,1.54023039922,28.4375,-20.5625,12.5895231741,1029.5625
25,0.0729673845374,0.0799386555659,0.152906040103,1.09553954925,28.40625,-20.59375,11.7655731241,1029.59375
26,0.077545920202,0.0602501530243,0.137796073226,0.776960965418,20.296875,-28.703125,11.5483760865,1028.703125
27,0.0552586744554,0.0937039063168,0.148962580772,1.69573206814,28.375,-29.625,12.2837545156,1029.625
28,0.0945064212676,0.128328060193,0.222834481461,1.35787662332,48.53125,-39.46875,16.3525311019,1029.46875
29,0.103384669756,0.11736259256,0.220747262316,1.13520305125,51.109375,-36.890625,16.9402600957,1026.890625
30,0.103687390588,0.0908629436951,0.194550334283,0.876316234596,33.90625,-34.09375,16.4466170059,1024.09375
31,0.494195537894,0.206392330738,0.700587868632,0.417632930515,251.015625,-169.984375,67.6979717633,1012.984375
32,0.469995910029,0.297300026726,0.767295936755,0.63255875292,250.390625,-170.609375,70.814373803,1013.609375
33,0.956070933156,1.05736731696,2.01343825012,1.10595069915,643.515625,-356.484375,152.494466312,1022.484375
34,0.952302488287,1.06003430504,2.01233679333,1.11312772788,644.453125,-355.546875,152.662508668,1021.546875
35,0.786051341366,0.366873893225,1.15292523459,0.466730191678,386.171875,-270.828125,106.892988937,1024.828125
36,0.757289708361,0.361398874669,1.11868858303,0.477226708193,392.453125,-264.546875,111.439295371,1018.546875
37,0.255243655527,0.288861539039,0.544105194567,1.1317089878,197.203125,-96.796875,42.6977676844,1017.796875
38,0.0742314756969,0.135455266733,0.20968674243,1.8247686101,29.765625,-38.234375,16.0426601086,1028.234375
39,0.0669225135861,0.104122787686,0.171045301272,1.55587084386,27.609375,-30.390625,12.7470795522,1030.390625
40,0.0801516701693,0.107694255894,0.187845926063,1.34363083971,29.921875,-28.078125,14.344320182,1028.078125
41,0.0865770460984,0.0925911961194,0.179168242218,1.06946587221,49.8125,-28.1875,14.546128136,1028.1875
42,0.0760740847883,0.10646319253,0.182537277319,1.39946728017,47.921875,-30.078125,14.8063591569,1030.078125
43,0.0846178732122,0.104457985929,0.189075859141,1.23446716354,38.53125,-39.46875,14.7223986985,1029.46875
44,0.0732662368719,0.104524326843,0.177790563715,1.42663703372,38.859375,-39.140625,13.7861651524,1029.140625
45,0.0681283456592,0.107884949719,0.176013295378,1.58355452015,36.390625,-31.609375,13.5492356651,1031.609375
46,0.0767934641971,0.111672230619,0.188465694816,1.45418925668,43.9375,-25.0625,13.8325646122,1034.0625
47,0.106639770822,0.153496176423,0.260135947245,1.43938959397,84.1875,-32.8125,19.6221136412,1032.8125
48,0.807340710319,0.254152243215,1.06149295353,0.314801718737,337.203125,-358.796875,162.60219668,1014.796875
49,1.32819308718,1.08771369468,2.41590678186,0.81894244533,761.796875,-532.203125,212.584114212,1032.203125
50,1.5753887519,1.26584305295,2.84123180485,0.803511546861,640.859375,-663.140625,264.677449171,1153.140625
51,2.76090790285,2.25954334465,5.0204512475,0.818405909998,1869.625,-905.375,475.008700578,1071.375
52,2.58687411308,2.38946389764,4.97633801072,0.923687737862,1924.625,-850.375,420.920661319,1016.375
53,2.52810506392,0.984344091837,3.51244915576,0.38936043675,1162.03125,-925.96875,473.200306713,1052.96875
54,3.09657625752,1.30254936698,4.3991256245,0.420641785847,1172.921875,-915.078125,486.902720799,1042.078125
55,2.88371978233,1.02929883465,3.91301861698,0.356934415388,1082.171875,-917.828125,488.544699679,1054.828125
56,3.77636975174,4.79283866434,8.56920841609,1.26916562186,3425.078125,-1436.921875,672.252610275,1074.921875
57,3.92320431227,4.84929234835,8.77249666061,1.23605399117,3393.375,-1468.625,684.128951204,1106.625
58,3.62482594466,2.19688304479,5.82170898946,0.606065802422,1682.03125,-1120.96875,581.992213456,1071.96875
59,2.43913838607,2.17475837557,4.61389676164,0.891609261691,1632.046875,-788.953125,373.982261849,1121.953125
60,2.31141402079,2.13585601329,4.44727003408,0.924047355463,1464.765625,-849.234375,437.646216359,1054.234375
61,2.40261611193,2.14918259711,4.55179870904,0.894517682801,1523.96875,-790.03125,404.754978689,995.03125
62,2.64117119216,1.50839961077,4.14957080293,0.571110125404,1268.53125,-878.46875,496.139375855,1054.46875
63,3.80866029077,3.23768536193,7.04634565271,0.850085099417,2109.296875,-910.703125,623.629063418,1086.703125
64,3.41913744418,3.35755152731,6.77668897149,0.981987879144,2102.046875,-848.953125,583.84280391,1093.953125
65,3.02593134292,2.98048420574,6.00641554867,0.984980777147,2000.015625,-970.984375,533.127256507,1087.984375
66,3.4270691224,2.89945466056,6.32652378296,0.846044989758,1988.109375,-1021.890625,549.940824009,1099.890625
67,3.52967769954,2.48587953943,6.01555723897,0.704279469981,1799.640625,-1033.359375,554.606881245,1111.359375
68,3.02600054804,2.50221215471,5.52821270275,0.826904065276,1745.859375,-979.140625,442.038631909,1165.140625
69,2.9134539469,3.24822223877,6.16167618567,1.11490426757,2490.21875,-891.78125,531.014873519,1077.78125
70,2.9094484528,3.27514799856,6.18459645136,1.12569377038,2497.125,-796.875,468.432742638,1070.875
71,2.34715113371,1.65245401678,3.9996051505,0.704025400429,791.921875,-786.078125,410.037738533,1021.078125
72,2.06861197757,1.68091817159,3.74953014917,0.81258263503,854.84375,-684.15625,339.083471414,919.15625
73,0.588616126338,0.424756100831,1.01337222717,0.721618185138,253.453125,-148.546875,99.6942089729,981.546875
74,0.799154877042,0.415742425405,1.21489730245,0.520227602119,389.84375,-248.15625,122.789481781,1002.15625
75,0.929813527101,1.44102778608,2.37084131318,1.54980299176,772.40625,-501.59375,179.653026584,1001.59375
76,1.24874022013,1.54089066469,2.78963088481,1.23395614224,691.03125,-582.96875,251.881542641,1082.96875
77,3.02706498611,4.27416828549,7.3012332716,1.41198431652,3375.28125,-780.71875,553.395864999,1074.71875
78,3.1476807966,4.32064517724,7.46832597384,1.37264400568,3407.203125,-748.796875,544.99908772,1042.796875
79,2.05401022794,1.7045729953,3.75858322324,0.829875612165,911.28125,-1146.71875,413.940645985,999.71875
80,2.71913567649,1.52447411677,4.24360979326,0.560646579701,981.6875,-1076.3125,412.223084135,929.3125
81,2.55851492938,1.62757681321,4.1860917426,0.636141221816,851.578125,-1157.421875,414.702559248,1010.421875
82,2.32741350702,2.39931134795,4.72672485497,1.03089173485,1395.796875,-849.203125,440.155838159,1035.203125
83,2.21439671861,2.6547683416,4.86916506021,1.19886753773,1382.171875,-852.828125,455.937994506,1048.828125
84,2.64349439702,2.80819806164,5.45169245867,1.06230528228,1680.296875,-897.703125,482.743937031,1044.703125
85,2.63979306164,2.88572760983,5.52552067148,1.09316432858,1697.71875,-880.28125,492.876837707,1027.28125
86,2.31201131617,2.32459384084,4.636605157,1.00544224182,1161.390625,-808.609375,458.901801083,1053.609375
87,2.81404645109,2.26421749451,5.0782639456,0.804612693449,1179.609375,-947.390625,507.868788948,1035.390625
88,3.33378514406,2.3730784664,5.70686361047,0.71182705659,1960.265625,-990.734375,556.89477356,1078.734375
89,3.45345379462,2.47791652707,5.93137032168,0.717518366955,1903.328125,-1028.671875,545.841238786,1135.671875
90,3.11631164094,3.0857422645,6.20205390544,0.990190526507,1976.234375,-1004.765625,559.86099676,1111.765625
91,2.73997643847,3.1768999679,5.91687640637,1.15946251336,1947.828125,-974.171875,490.718496018,1140.171875
92,2.92883771153,2.62871845437,5.55755616591,0.897529570868,1258.625,-937.375,523.748582934,1064.375
93,2.82983514684,2.40926477764,5.23909992448,0.851379904702,1203.78125,-992.21875,474.606595928,1119.21875
94,2.3597145073,1.98060566635,4.34032017365,0.839341225485,1116.0625,-756.9375,435.832818973,1059.9375
95,2.26376862017,2.11965647651,4.38342509668,0.936339720247,874.0,-744.0,403.041910042,1047.0
96,2.72403858975,1.90978905877,4.63382764852,0.701087372975,911.453125,-852.546875,456.475318668,1038.546875
97,2.53603616713,1.85841249008,4.3944486572,0.732802045241,970.59375,-793.40625,403.679665652,979.40625
98,2.21185759032,0.912614269474,3.1244718598,0.412600826322,923.765625,-772.234375,389.880059369,1017.234375
99,2.99491843472,1.89187558377,4.88679401849,0.631695194715,1801.328125,-737.671875,441.647485795,982.671875
100,2.22510539863,1.69303309239,3.91813849102,0.760877706481,1806.84375,-595.15625,310.712649543,977.15625
101,1.02765330112,0.288772346695,1.31642564781,0.281001721476,387.21875,-494.78125,182.268814937,964.78125
102,1.57581700309,2.50903788337,4.08485488647,1.5922139934,1574.296875,-661.703125,294.910615679,1013.703125
103,1.58364198871,2.42190470901,4.00554669772,1.52932589959,1575.75,-660.25,294.321465408,1012.25
104,2.04020094012,0.931292758972,2.97149369909,0.456471095889,892.65625,-822.34375,381.030150495,1008.34375
105,2.92568712307,3.30034243999,6.22602956306,1.12805720542,2374.234375,-909.765625,517.786718344,1026.765625
106,2.95962017713,3.4046656015,6.36428577863,1.15037247948,2363.015625,-920.984375,529.116111199,1037.984375
107,3.32705422086,4.60248907228,7.92954329314,1.38335258964,3563.6875,-917.3125,616.924197,1083.3125
108,3.72620552374,4.58777944513,8.31398496887,1.23122018254,3561.984375,-1007.015625,651.815649076,1085.015625
109,3.30423887412,2.31545215262,5.61969102674,0.700752046336,1825.59375,-968.40625,542.616540442,1046.40625
110,3.23367274528,2.22071216493,5.45438491021,0.686746105699,1763.09375,-912.90625,468.841281737,1108.90625
111,2.49838347966,5.06787345884,7.56625693849,2.02846100293,2637.265625,-1910.734375,627.130948302,1067.734375
112,2.34475093893,5.06899052466,7.4137414636,2.16184603682,2603.546875,-1944.453125,594.179211436,1101.453125
113,2.4602617765,1.84632252232,4.30658429882,0.750457752079,885.671875,-849.328125,449.340004016,1064.328125
114,2.67901231096,1.80759719917,4.48660951013,0.674725230553,857.765625,-877.234375,429.624135953,1092.234375
115,2.44357204755,2.89580295519,5.33937500274,1.18506960255,1486.34375,-925.65625,472.99604315,1081.65625
116,2.33043201666,2.98562223197,5.31605424863,1.28114538876,1515.984375,-896.015625,477.482836478,1052.015625
117,2.93839540893,3.71657285329,6.65496826223,1.2648307447,2664.234375,-815.765625,552.403830493,1060.765625
118,3.1515805211,3.53112523417,6.68270575527,1.12042995904,2669.6875,-810.3125,526.581928425,1055.3125
119,2.47026431479,1.5314884994,4.00175281419,0.619969486757,1038.671875,-882.328125,402.414395194,1068.328125
120,2.51586941198,1.36412961956,3.87999903155,0.542210026111,1116.375,-804.625,355.601317313,990.625
121,2.03844781349,1.48495941365,3.52340722714,0.728475560581,916.296875,-906.703125,396.54419992,1033.703125
122,2.70560305118,1.91051115069,4.61611420186,0.706131355764,1078.234375,-921.765625,439.90097402,1048.765625
123,2.90613872204,2.07514544253,4.98128416457,0.714055879985,1100.5,-908.5,482.198902166,1055.5
124,3.03859090549,4.87361792881,7.9122088343,1.60390723213,3132.3125,-945.6875,621.436311977,1092.6875
125,3.15849816926,4.7925714996,7.95106966886,1.51735769431,3116.859375,-942.140625,561.497491846,1108.140625
126,2.39462825458,1.38191094836,3.77653920294,0.577087882314,892.0,-883.0,415.497894098,1049.0
127,1.78410408819,1.29394054757,3.07804463576,0.725260681895,941.328125,-745.671875,254.706513382,999.671875
128,0.624312120384,0.566146178499,1.19045829888,0.906831951541,414.375,-281.625,111.178558522,986.625
129,1.11703104852,0.645185898199,1.76221694672,0.577589941707,515.765625,-357.234375,160.439994837,1023.234375
130,1.5327690209,1.51381122417,3.04658024507,0.987631667612,565.1875,-964.8125,250.932752134,973.8125
131,2.28957747674,1.76867627515,4.05825375189,0.772490249014,1075.140625,-954.859375,434.965618871,963.859375
132,2.85376943515,5.528529552,8.38229898715,1.93727267659,3409.703125,-1765.296875,630.205762026,1040.296875
133,2.73798401825,5.59491038983,8.33289440808,2.04344158057,3357.609375,-1817.390625,606.651609688,1092.390625
134,3.20088764338,3.62061171472,6.8214993581,1.13112739905,2687.515625,-940.484375,543.04998021,1096.484375
135,3.29116307867,3.67604679598,6.96720987465,1.11694459014,2626.359375,-971.640625,522.802136544,1157.640625
136,4.13243551962,1.78552300322,5.91795852284,0.432075224099,1618.34375,-1019.65625,584.666844738,1126.65625
137,4.27476158554,1.64611932929,5.92088091483,0.38507862868,1636.640625,-1001.359375,551.663177559,1108.359375
138,2.61076796155,1.46896817307,4.07973613462,0.562657499519,1024.40625,-965.59375,468.430181522,1102.59375
139,3.01348288214,1.05951389282,4.07299677496,0.351591143623,1099.078125,-890.921875,422.816756434,1027.921875
140,2.41643881945,1.49937500306,3.91581382251,0.620489536501,1331.65625,-1108.34375,425.194191618,1030.34375
141,3.23456457244,2.43979800348,5.67436257592,0.754289471995,1959.734375,-1137.265625,523.660172553,1059.265625
142,3.35570280208,2.31735992678,5.67306272886,0.69057364834,1925.703125,-897.296875,508.257153162,1093.296875
143,3.26250275194,3.31262764419,6.57513039614,1.01536393869,2227.859375,-1017.140625,552.60318231,1095.140625
144,3.43724810438,3.25933090698,6.69657901136,0.94823847683,2164.65625,-1080.34375,504.389582154,1158.34375
145,3.03419595153,0.979613493312,4.01380944485,0.32285768914,910.125,-923.875,438.953104699,1079.875
146,2.67827725809,1.39673063554,4.07500789363,0.521503377338,916.015625,-838.984375,350.070863013,1063.984375
147,2.43972978693,1.42670109512,3.86643088205,0.584778323713,865.84375,-938.15625,431.741901297,1094.15625
148,3.02942049068,1.68628387773,4.71570436841,0.556635793188,1295.25,-900.75,439.833455697,1056.75
149,2.84487688742,1.71496525464,4.55984214206,0.60282582428,1310.703125,-914.296875,436.012029639,1041.296875
150,2.62848363111,1.29030728454,3.91879091565,0.490894167749,1042.96875,-937.03125,436.328072124,1064.03125
151,1.32720437657,1.23995544151,2.56715981808,0.934261115619,958.59375,-354.40625,231.254440413,1148.40625
152,2.68639795322,1.44687838578,4.133276339,0.5385942109,1299.015625,-974.984375,449.272449779,1101.984375
153,2.7919107616,1.39576382716,4.18767458876,0.49993138977,1386.703125,-887.296875,428.422822677,1014.296875
154,0.703007531855,0.358266090221,1.06127362208,0.509619134913,205.234375,-225.765625,113.701602642,970.765625
155,0.733679110477,0.268395794629,1.00207490511,0.365821775209,207.125,-223.875,109.085187468,968.875
156,0.703330217221,0.45889246201,1.16222267923,0.652456628158,439.859375,-187.140625,111.565264978,1030.140625
157,1.51998785679,0.676968700901,2.19695655769,0.445377703433,543.5625,-583.4375,319.962149861,975.4375
158,1.92562923945,1.81012641625,3.7357556557,0.940018140133,963.21875,-742.78125,361.426620697,967.78125
159,2.89989995235,2.33327692777,5.23317688012,0.80460600921,1540.140625,-939.859375,535.082846015,1027.859375
160,3.07209766053,4.67524538371,7.74734304424,1.52184139319,2763.328125,-1000.671875,641.645322946,1049.671875
161,3.1046125717,4.55386655605,7.65847912774,1.46680671127,2716.171875,-1047.828125,588.354127914,1096.828125
162,2.95752452639,4.51544788129,7.47297240767,1.5267659967,2836.453125,-1270.546875,605.694124788,1084.546875
163,2.5810410143,4.7198329812,7.30087399549,1.8286547773,2817.90625,-1289.09375,581.829193115,1103.09375
164,3.63613950045,2.78184487299,6.41798437344,0.765054496025,1876.546875,-966.453125,608.848244888,1073.453125
165,3.65348920095,2.73178034848,6.38526954943,0.747718194368,1844.8125,-998.1875,513.3481663,1105.1875
166,2.84299109906,1.72258660327,4.56557770233,0.6059064356,1047.234375,-923.765625,508.415422606,1089.765625
167,2.97345361168,1.77638513435,4.74983874603,0.597414779692,1095.203125,-875.796875,477.279470662,1041.796875
168,2.40161096491,1.46366095691,3.86527192182,0.609449647882,1228.828125,-908.171875,451.215114811,1055.171875
169,3.7898708945,2.00862403389,5.79849492839,0.529998010434,1604.296875,-924.703125,542.463209573,1071.703125
170,3.5408153611,1.86463052596,5.40544588706,0.526610493854,1588.875,-931.125,497.67435701,1087.125
171,2.99497858443,3.65565582228,6.65063440671,1.22059497897,2639.90625,-919.09375,521.40452502,1075.09375
172,2.74463922255,3.65702536295,6.4016645855,1.33242479846,2591.0,-938.0,474.321225542,1124.0
173,2.52873626281,2.03562256918,4.56435883199,0.80499599706,1422.328125,-1018.671875,441.549510767,1037.671875
174,2.52797736189,2.12851028434,4.65648764623,0.841981544782,1379.265625,-1061.734375,381.245255798,1080.734375
175,2.38910002254,2.57498357712,4.96408359966,1.07780484401,1699.03125,-859.96875,419.508863462,1094.96875
176,2.12810727107,2.50420452413,4.6323117952,1.17672852218,1764.765625,-794.234375,375.158122587,1029.234375
177,2.21752003811,0.841255643863,3.05877568198,0.379367775444,700.53125,-907.46875,397.615626609,1063.46875
178,3.1752381898,2.19107298589,5.36631117569,0.690049960011,1701.453125,-896.546875,476.844508517,1052.546875
179,1.81208102879,2.08514523976,3.89722626856,1.15069094959,1726.640625,-410.359375,290.521694929,1027.359375
180,0.532454696894,0.281551715635,0.814006412529,0.528780602889,189.796875,-232.203125,76.5572048552,986.203125
181,0.978415756797,0.594099713321,1.57251547012,0.607205790784,650.09375,-114.90625,141.429942767,1025.90625
182,1.22313687066,0.666443333753,1.88958020441,0.544864070195,655.953125,-511.046875,245.367226678,1020.046875
183,2.18024370747,5.54546252983,7.72570623729,2.54350580664,3626.140625,-1716.859375,544.885190521,1020.859375
184,2.97740739055,5.54079706439,8.51820445494,1.86094690366,3602.71875,-1740.28125,616.801590585,1044.28125
185,2.24895005571,1.53289134457,3.78184140029,0.681603106605,725.046875,-902.953125,413.884284466,1058.953125
186,2.50479561008,1.50465766731,4.00945327739,0.600710757097,834.28125,-910.71875,404.621021325,1066.71875
187,2.85407456053,3.61068102099,6.46475558153,1.26509694979,2706.28125,-921.71875,512.351913628,1077.71875
188,2.65035076411,3.49344787508,6.14379863919,1.31810774724,2664.28125,-923.71875,460.826345708,1119.71875
189,2.34066731464,1.40113368167,3.74180099631,0.598604369322,876.3125,-819.6875,409.639013149,1073.6875
190,2.17878974494,1.54055002547,3.7193397704,0.707066860878,900.46875,-736.53125,322.378997103,1049.53125
191,2.01306062357,0.946708172044,2.95976879561,0.47028299146,875.875,-899.125,390.595558891,1055.125
192,3.39839317559,4.41010037073,7.80849354633,1.29770163217,3447.984375,-925.015625,593.110405305,1081.015625
193,3.48175619822,4.35466393429,7.83642013251,1.25070903486,3461.0,-1087.0,596.003355695,1068.0
194,2.72633775066,2.07264110865,4.79897885931,0.760229031836,1685.90625,-1097.09375,455.24487637,1078.09375
195,2.23580908433,2.06971433062,4.30552341495,0.925711566845,1607.625,-696.375,350.615686151,1156.375
196,2.62282158787,2.12236702541,4.74518861328,0.80919229704,1594.3125,-700.6875,445.735623541,1052.6875
197,2.26881755739,1.98623959672,4.25505715411,0.87545143956,1640.5625,-654.4375,358.386700847,1006.4375
198,2.55258868877,1.2818370416,3.83442573037,0.502171402406,834.5625,-842.4375,431.918354372,1057.4375
199,3.53449624881,3.66290950408,7.1974057529,1.03633141648,2305.890625,-880.109375,605.787971292,1095.109375
200,3.85213041131,3.28724460312,7.13937501443,0.853357558577,2319.671875,-983.328125,573.73466904,1081.328125
201,3.07443009395,5.73981699072,8.81424708467,1.86695316378,3577.296875,-2010.703125,656.661767952,1010.703125
202,2.86863105614,5.6889994941,8.55763055024,1.98317573183,3577.140625,-2010.859375,654.817075296,1010.859375
203,2.38721786999,1.79228877329,4.17950664328,0.750785588457,1086.25,-933.75,426.935336146,1040.75
204,1.45268457264,1.75320929608,3.20589386872,1.20687541473,1004.1875,-642.8125,261.766407974,1122.8125
205,1.75192081443,0.775532797178,2.52745361161,0.442675713873,633.515625,-954.484375,337.041308308,1003.484375
206,1.47165595446,1.25286753903,2.72452349349,0.851331817897,1065.21875,-894.78125,305.955188138,943.78125
207,0.992441561689,1.19260329378,2.18504485547,1.20168616452,1008.40625,-255.59375,167.674416537,1000.59375
208,0.550830284176,0.227279158493,0.778109442669,0.41261195149,162.90625,-220.09375,91.4767249684,984.09375
209,0.564597875859,0.350009077767,0.914606953626,0.619926309916,168.34375,-213.65625,79.3452146379,1007.65625
210,0.883366845324,0.46237912984,1.34574597516,0.523428213643,468.609375,-237.390625,138.523194943,1031.390625
211,1.48968484025,1.85959562832,3.34928046857,1.24831479658,1141.25,-574.75,307.073993526,995.75
212,1.50333596646,1.89176833699,3.39510430345,1.25838028172,1160.609375,-555.390625,286.940685137,976.390625
213,2.09847855213,0.77989610409,2.87837465622,0.371648356042,616.703125,-814.296875,345.775201526,1039.296875
214,2.97545747679,5.46085521846,8.43631269525,1.83529936524,3736.65625,-1262.34375,607.493832755,1066.34375
215,3.16979978747,5.49449283467,8.66429262214,1.73338797497,3764.34375,-1234.65625,611.816920603,1038.65625
216,2.33166773699,1.36816259175,3.69983032874,0.586774251769,1172.203125,-798.796875,420.300382899,1023.796875
217,1.91889371721,1.50249848642,3.42139220363,0.783002452376,1050.921875,-645.078125,315.241985658,1145.078125
218,3.0197778748,4.8561560729,7.87593394771,1.60811697888,3472.5625,-1154.4375,592.296190553,1066.4375
219,3.35051901936,4.85831675902,8.20883577838,1.45001915552,3501.125,-1125.875,599.022445844,1037.875
220,2.95278183893,3.89325835163,6.84604019056,1.31850524827,2587.703125,-912.296875,584.077950697,1108.296875
221,2.93989738642,3.9404541324,6.88035151882,1.34033730245,2635.375,-884.625,559.276974651,1060.625
222,2.44063381274,1.93441843822,4.37505225096,0.792588559628,1281.375,-914.625,486.758779453,1070.625
223,3.41590339442,1.99867324999,5.41457664442,0.585108247867,1317.4375,-927.5625,538.785204041,1083.5625
224,3.14998895006,1.99886940427,5.14885835433,0.634563941639,1315.59375,-880.40625,516.014617003,1085.40625
225,3.02818792637,2.7684921544,5.79668008077,0.914240536489,1755.328125,-1263.671875,532.597850596,1077.671875
226,2.8858525055,2.63503446239,5.52088696788,0.913087019301,1777.265625,-1241.734375,498.105825923,1055.734375
227,2.40335308083,1.66051001353,4.06386309436,0.690913884761,904.15625,-889.84375,430.258941611,1065.84375
228,2.75738154934,1.86852726106,4.6259088104,0.677645522619,776.21875,-1085.78125,420.447732659,1134.78125
229,3.04579944714,2.71575739594,5.76155684308,0.891640255069,1904.875,-1016.125,523.898114498,1065.125
230,2.58624492328,2.69028534845,5.27653027173,1.04022837289,1873.421875,-930.578125,421.073434981,1096.578125
231,2.27182088034,1.78438607716,4.0562069575,0.785443118602,1092.0625,-956.9375,425.770289997,1034.9375
232,2.08856858841,1.82292322547,3.91149181388,0.872809844785,1149.046875,-899.953125,369.526573372,977.953125
233,2.01629317683,1.02595727793,3.04225045476,0.508833382826,680.734375,-976.265625,346.058577149,1054.265625
234,2.54575222585,1.62811863238,4.17387085823,0.639543242207,1075.125,-953.875,383.856764464,1031.875
235,2.43705730859,1.12356928323,3.56062659182,0.461035232644,1078.640625,-842.359375,325.223546541,1028.359375
236,2.03732764994,2.90162314491,4.93895079484,1.42422999315,1773.765625,-794.234375,394.977520808,980.234375
237,1.42120685089,2.88930849828,4.31051534917,2.03299646105,1785.796875,-753.203125,305.798860553,968.203125
238,0.588886855996,0.477833986624,1.06672084262,0.811419004785,502.5,-125.5,85.9565660668,997.5
239,0.798992916207,0.594016511308,1.39300942752,0.743456542929,437.140625,-170.859375,134.911529713,1062.859375
240,1.44185821919,4.1771411292,5.61899934839,2.89705400545,2294.09375,-1802.90625,448.674426741,1008.90625
241,1.75595212097,4.18592048364,5.94187260461,2.38384659448,2263.9375,-1833.0625,465.951609444,1039.0625
242,1.93426592451,2.08559207997,4.01985800448,1.07823441107,1038.4375,-824.5625,394.131675134,1029.5625
243,1.98745533284,2.05267258811,4.04012792095,1.03281445081,1073.25,-789.75,369.432842341,994.75
244,2.33216320118,1.11610684853,3.44827004971,0.478571503044,1138.546875,-714.453125,422.69732558,1066.453125
245,3.3249766455,2.8086000784,6.1335767239,0.84469768598,2245.234375,-764.765625,532.11561074,1087.765625
246,3.26183024521,2.90027470193,6.16210494714,0.889155622428,2262.84375,-914.15625,556.255230839,1070.15625
247,3.39385929067,5.16234271904,8.55620200971,1.52108330868,3654.421875,-914.578125,664.749149226,1070.578125
248,3.02508605382,5.09053551351,8.11562156733,1.68277378658,3594.984375,-807.015625,574.740742971,1130.015625
249,3.67930081216,3.55093259749,7.23023340965,0.965110704119,3070.734375,-920.265625,591.062238743,1076.265625
250,3.97046775085,3.78560048607,7.75606823691,0.953439424173,2996.75,-994.25,594.42748191,1150.25
251,3.47801965452,2.47381515412,5.95183480864,0.711271182985,1874.09375,-1036.90625,561.29690001,1085.90625
252,2.7406131675,2.29168021782,5.03229338532,0.836192515236,1991.5625,-919.4375,464.497977492,968.4375
253,2.44411137777,1.38354177151,3.82765314927,0.566071490887,1274.859375,-813.140625,423.928386758,1038.140625
254,3.1992714931,1.45873077423,4.65800226733,0.455957169431,1376.15625,-848.84375,477.454226168,1073.84375
255,2.78338132946,2.00781661205,4.79119794151,0.721358798668,1332.34375,-1029.65625,404.252482164,1117.65625
256,2.91966186456,2.19643012888,5.11609199344,0.752289213877,1744.21875,-961.78125,475.964102794,1049.78125
257,2.45269218428,2.36948583306,4.82217801734,0.966075501951,1736.953125,-881.046875,373.012836143,1057.046875
258,2.10164460485,1.46503859292,3.56668319777,0.697091501363,870.25,-864.75,411.323359718,1050.75
259,2.11829434705,1.42552299582,3.54381734287,0.672957937977,858.015625,-876.984375,420.954588264,1062.984375
260,1.85410827224,0.852874733198,2.70698300544,0.459991871006,662.453125,-818.546875,376.560666165,1033.546875
261,2.41449681753,2.39375899733,4.80825581486,0.99141112134,1901.21875,-804.78125,428.352566116,1019.78125
262,2.27298429146,2.45999953892,4.73298383038,1.08227740428,1830.421875,-963.578125,370.38150959,1090.578125
263,1.95135721359,0.984626035033,2.93598324863,0.504585233382,791.8125,-865.1875,363.859299515,992.1875
264,1.69882591196,0.984905868203,2.68373178016,0.579756796308,678.421875,-812.578125,260.794387682,968.578125
265,0.538075189866,0.349285869321,0.887361059187,0.649139517857,240.734375,-181.265625,76.8895803627,1004.265625
266,0.487586604025,0.414092409845,0.90167901387,0.84926945578,232.5625,-189.4375,71.9556884044,1012.4375
267,1.51613744554,0.811732182094,2.32786962764,0.535394851226,751.84375,-650.15625,313.322777796,1002.15625
268,2.26096932082,3.02281195763,5.28378127846,1.33695399128,2301.203125,-708.796875,460.137689301,1060.796875
269,2.42497282689,2.94367299607,5.36864582296,1.21389937381,2250.640625,-925.359375,451.711065256,1111.359375
270,2.09189887141,1.29987571403,3.39177458544,0.621385542005,596.171875,-864.828125,369.359858179,1050.828125
271,2.3173242575,1.44024821301,3.75757247051,0.621513458184,817.890625,-820.109375,365.269682785,1074.109375
272,3.11672384004,2.88544319047,6.00216703051,0.92579366622,2606.75,-873.25,526.732083226,1049.25
273,3.14318525895,3.02711615312,6.17030141208,0.963072776096,2560.546875,-919.453125,493.403008759,1095.453125
274,2.80798172914,4.82929205257,7.63727378171,1.7198445426,3324.078125,-764.921875,603.01231602,1067.921875
275,2.65018156288,4.81950136039,7.46968292326,1.81855516161,3388.375,-700.625,559.144505584,1003.625
276,2.18277239649,2.06565867431,4.2484310708,0.946346342676,1025.90625,-856.09375,404.088237531,1081.09375
277,2.47167415513,1.72837936952,4.20005352465,0.699274767238,1054.796875,-827.203125,404.179925114,1052.203125
278,2.27298304401,1.0022343531,3.27521739711,0.440933492991,868.71875,-759.28125,390.823068534,1023.28125
279,2.39628654356,2.05784962971,4.45413617327,0.858766091744,1402.203125,-754.796875,422.204156026,1018.796875
280,2.07773684057,1.96898516687,4.04672200743,0.947658591032,1404.375,-654.625,394.9866493,1016.625
281,2.57706347129,2.37887275203,4.95593622331,0.923094358574,1775.765625,-881.234375,455.232795604,1047.234375
282,2.42956402486,2.3281624123,4.75772643717,0.958263453228,1686.421875,-970.578125,383.619595298,1136.578125
283,2.54048899791,2.29591273669,4.8364017346,0.903728667425,1014.359375,-907.640625,446.349371541,1063.640625
284,2.74256672639,2.31217176777,5.05473849416,0.843068555278,1092.0625,-917.9375,428.867727095,1073.9375
285,2.5147621617,2.01221042956,4.52697259126,0.800159339205,1527.625,-913.375,452.088884375,1050.375
286,2.45698506004,1.85443178658,4.31141684661,0.754759081258,1621.375,-819.625,390.92032836,956.625
287,1.92073712334,0.935214818466,2.85595194181,0.486904119829,830.0,-661.0,346.842408379,1013.0
288,2.27407829902,4.42148261878,6.6955609178,1.94429656212,2856.390625,-986.609375,514.457864443,1035.609375
289,2.42304571326,4.35978462107,6.78283033433,1.79929936824,2868.953125,-974.046875,529.470119249,1023.046875
290,2.66228265109,1.954975425,4.61725807609,0.734323015703,1456.859375,-877.140625,436.135116219,1043.140625
291,1.41890185628,1.93293169281,3.35183354908,1.36227300307,1445.1875,-447.8125,253.637159331,1054.8125
292,1.00293775698,0.760875843292,1.76381360027,0.758647122415,352.140625,-520.859375,154.993333242,970.859375
293,1.16461255692,0.802608990146,1.96722154706,0.689163950174,361.828125,-511.171875,172.837491835,961.171875
294,0.953139404664,0.392279937872,1.34541934254,0.411566173796,373.890625,-292.109375,131.780015223,988.109375
295,1.50120992426,0.743579165882,2.24478909014,0.495319910871,620.609375,-575.390625,247.687783383,1006.390625
296,1.39806311629,1.67979943657,3.07786255286,1.20151902801,722.5,-551.5,298.192104607,982.5
297,1.44015164896,1.74584747484,3.1859991238,1.21226641382,640.96875,-633.03125,272.389654766,1064.03125
298,2.61812091991,3.22558435303,5.84370527294,1.23202268027,2533.296875,-849.703125,475.641628477,1054.703125
299,2.59967854113,3.2387255022,5.83840404333,1.24581768513,2577.109375,-805.890625,455.949459822,1010.890625
300,1.96911509612,0.652732494514,2.62184759064,0.331485191393,690.09375,-809.90625,365.153851083,1044.90625
301,2.61655519912,2.6369406419,5.25349584102,1.00779094696,2014.40625,-799.59375,445.118934905,1034.59375
302,2.87343237148,2.52882139195,5.40225376342,0.88006991814,2008.875,-903.125,486.995331728,1040.125
303,2.77578514419,2.04405232541,4.81983746959,0.736387083016,1369.609375,-934.390625,482.04575824,1071.390625
304,1.76351199531,1.94562266149,3.70913465679,1.10326590727,1257.5,-742.5,322.935897277,1183.5
305,2.30946401669,4.05711882373,6.36658284042,1.75673610605,2603.484375,-1071.515625,508.683932817,1052.515625
306,2.47018206385,3.98577411024,6.4559561741,1.61355479362,2644.21875,-1030.78125,486.261872244,1011.78125
307,2.17883401259,1.0290324702,3.20786648279,0.472285848421,870.65625,-894.34375,422.85891629,1050.34375
308,2.67758459431,2.57137631007,5.24896090439,0.960334293652,1731.21875,-866.78125,487.727301777,1022.78125
309,3.24797435624,2.59766797299,5.84564232923,0.799780936695,1720.921875,-828.078125,524.132834567,1033.078125
310,4.73584490274,3.05722452307,7.79306942581,0.645549967503,2722.96875,-914.03125,719.594828896,1149.03125
311,4.48434490567,2.79545567032,7.27980057599,0.623381057685,2646.390625,-1000.609375,634.174404669,1225.609375
312,2.48420679654,2.24974912666,4.73395592319,0.905620711526,1208.921875,-830.078125,447.020319193,1055.078125
313,2.43834474098,2.43304275989,4.87138750088,0.997825581838,1178.25,-840.75,385.722860354,1085.75
314,2.96477498387,3.94886659308,6.91364157695,1.33192792524,2935.765625,-947.234375,537.572632947,1054.234375
315,2.7583102683,3.89339665544,6.65170692374,1.41151512221,3014.828125,-868.171875,491.558921783,975.171875
316,1.94391490099,1.06068906483,3.00460396582,0.545645832691,623.9375,-945.0625,362.578865343,1003.0625
317,2.20494243101,1.36353639887,3.56847882988,0.618399999786,603.09375,-965.90625,395.267184903,1023.90625
318,0.854739680906,1.28204093962,2.13678062052,1.49991976301,529.703125,-343.296875,184.085380979,1097.296875
319,1.57587369382,0.875195596961,2.45106929078,0.55537166487,584.59375,-768.40625,301.43193255,1003.40625
320,1.36287062964,0.918598268054,2.2814688977,0.674017216363,633.140625,-719.859375,276.532483805,954.859375
321,0.961776777442,0.694747281359,1.6565240588,0.722358137204,383.15625,-557.84375,147.130067749,1047.84375
322,1.84557310882,1.22389684075,3.06946994958,0.663152727412,495.234375,-877.765625,308.389604548,994.765625
323,1.76264806156,1.28854573068,3.05119379225,0.731028365094,519.0,-854.0,269.887823919,971.0
324,0.107285555982,0.174493219538,0.28177877552,1.62643720247,45.5,-72.5,21.3409817019,1032.5
325,0.0692108605322,0.0929493627168,0.162160223249,1.34298810912,27.015625,-21.984375,12.4191034644,1030.984375
326,0.055730654522,0.104933664925,0.160664319447,1.88287156907,37.46875,-30.53125,12.496210363,1030.53125
327,0.0456751437325,0.11470526616,0.160380409893,2.51132797374,35.140625,-32.859375,12.7669827919,1032.859375
328,0.0536325681538,0.0933214994145,0.146954067568,1.74001549109,24.34375,-14.65625,10.9647428578,1033.65625
329,0.0598959608094,0.0902221884108,0.15011814922,1.50631507019,25.421875,-23.578125,10.9127286452,1032.578125
330,0.056564292046,0.0956874158775,0.152251707923,1.69165762385,25.609375,-23.390625,11.3792810454,1032.390625
331,0.0708168074621,0.0991533469786,0.169970154441,1.40013861867,35.765625,-32.234375,13.2967831959,1032.234375
332,0.0709225305362,0.115880285111,0.186802815647,1.6338994708,36.703125,-31.296875,14.6987241023,1031.296875
333,0.0785228979401,0.0876703840752,0.166193282015,1.11649450511,36.6875,-22.3125,13.4743680279,1031.3125
334,0.0625712898639,0.067637361359,0.130208651223,1.08096479242,17.1875,-22.8125,10.52805033,1031.8125
335,0.0556801745937,0.0838355055357,0.139515680129,1.50566168564,27.296875,-21.703125,10.6472996687,1030.703125
336,0.0646805394291,0.0994968496797,0.164177389109,1.53828107431,29.015625,-28.984375,12.8834828699,1028.984375
337,0.0812226586648,0.0929680214434,0.174190680108,1.14460697263,28.546875,-29.453125,13.1754147083,1029.453125
338,0.0737345920419,0.0755558054442,0.149290397486,1.02469957929,26.671875,-22.328125,11.6552760149,1031.328125
339,0.0574856042025,0.0849396382314,0.142425242434,1.47758102937,17.5,-22.5,10.6066017178,1031.5
340,0.0477094846632,0.0883103394156,0.136019824079,1.85100174607,17.1875,-22.8125,10.52805033,1031.8125
341,0.0515425479512,0.0860702357581,0.137612783709,1.66988709676,24.8125,-24.1875,10.7962305343,1033.1875
342,0.05784185742,0.0768662471465,0.134708104567,1.32890350647,25.734375,-32.265625,10.6363794761,1032.265625
343,0.0532881673535,0.0898823561608,0.143170523514,1.68672259949,27.4375,-30.5625,10.6988244097,1030.5625
344,0.0633421395859,0.101345213463,0.164687353049,1.5999651121,28.234375,-29.765625,12.3018573134,1029.765625
345,0.0820706424106,0.0986565019137,0.180727144324,1.20209247809,39.171875,-28.828125,13.4054031638,1028.828125
346,0.0686366823161,0.0999662403527,0.168602922669,1.45645501763,37.46875,-21.53125,12.8159675186,1030.53125
347,0.0564412841484,0.0947099737592,0.151151257908,1.67802655783,26.046875,-22.953125,11.3762769716,1031.953125
348,0.0604034494502,0.0958220131386,0.156225462589,1.58636657361,26.515625,-22.484375,11.2818883995,1031.484375
349,0.0597911738845,0.0763112642954,0.13610243818,1.27629647216,27.609375,-21.390625,10.5454628684,1030.390625
350,0.052733326562,0.0745418058335,0.127275132396,1.41356160692,28.078125,-20.921875,9.59053030256,1029.921875
351,0.0709511690644,0.0818136657309,0.152764834795,1.15309820557,25.3125,-23.6875,11.3837535001,1032.6875
352,0.081209240081,0.0672112171769,0.148420457258,0.827630170038,34.40625,-24.59375,12.6586417493,1033.59375
353,0.129277678844,0.104483150071,0.233760828915,0.808207194043,73.59375,-33.40625,19.9966549937,1033.40625
354,0.131363828925,0.107144121391,0.238507950316,0.815628794229,73.734375,-33.265625,19.8700797271,1033.265625
355,0.0780769386097,0.0854152150344,0.163492153644,1.09398775817,35.9375,-23.0625,12.7130285043,1032.0625
356,0.0663422370697,0.0994760894206,0.16581832649,1.49943827363,45.765625,-23.234375,13.9157534241,1032.234375
357,0.0858235679204,0.0929111816731,0.178734749593,1.08258353649,47.140625,-30.859375,15.2088247281,1030.859375
358,0.0698412374413,0.0859030647379,0.155744302179,1.22997627025,38.515625,-29.484375,13.3170381789,1029.484375
359,0.0709559748933,0.085574737234,0.156530712127,1.20602581196,28.84375,-29.15625,11.7129985886,1029.15625
360,0.081476111686,0.0886141851874,0.170090296873,1.08760940297,26.8125,-31.1875,13.0956517115,1031.1875
361,0.0782170917846,0.0979216198145,0.176138711599,1.25192100064,46.5,-31.5,14.2104714911,1031.5
362,0.0898846800532,0.0976408908343,0.187525570888,1.08629068687,48.09375,-29.90625,15.1726715162,1029.90625
363,0.141030137638,0.110334071944,0.251364209582,0.78234392869,57.84375,-40.15625,20.5420443466,1030.15625
364,0.134253540246,0.0877546845766,0.222008224823,0.653648942259,58.71875,-39.28125,19.8851929444,1029.28125
365,0.0672443311214,0.0865318462892,0.153776177411,1.2868273778,29.59375,-28.40625,12.3373401079,1028.40625
366,0.0687073226511,0.099711759126,0.168419081777,1.45125374238,28.375,-29.625,12.9040933428,1029.625
367,0.0555680183438,0.130276622354,0.185844640698,2.34445327073,26.34375,-31.65625,13.8803128905,1031.65625
368,0.0577212418694,0.120791177164,0.178512419034,2.09266421256,27.90625,-30.09375,13.1727924503,1030.09375
369,0.0523324567668,0.116406840938,0.168739297705,2.22437179774,48.046875,-29.953125,13.184306115,1029.953125
370,0.0565367347847,0.115713405545,0.17225014033,2.04669417124,48.546875,-29.453125,13.2699492363,1029.453125
371,0.0526617826266,0.111433569975,0.164095352602,2.11602350731,37.8125,-21.1875,13.2604616718,1030.1875
372,0.0687192664933,0.0995409484234,0.168260214917,1.44851587485,36.390625,-22.609375,12.5419510886,1031.609375
373,0.0888427762433,0.105342892846,0.19418566909,1.18572265862,45.921875,-23.078125,14.6290642723,1032.078125
374,0.0847194290094,0.086898707858,0.171618136867,1.02572348367,46.390625,-22.609375,14.3435712816,1031.609375
375,0.0837781024715,0.0970111020846,0.180789204556,1.15795296411,57.296875,-30.703125,13.962762629,1030.703125
376,0.0796238377325,0.113051916778,0.19267575451,1.4198250172,56.234375,-31.765625,15.378294553,1031.765625
377,0.0715952781712,0.0957726120413,0.167367890213,1.33769453081,36.859375,-22.140625,12.8146244428,1031.140625
378,0.0651754771809,0.0971440690926,0.162319546274,1.4905003123,44.8125,-24.1875,12.8815214067,1033.1875
379,0.0597727164669,0.108374750154,0.168147466621,1.81311401857,43.734375,-25.265625,13.1151655864,1034.265625
380,0.0597278938354,0.10298663901,0.162714532845,1.72426369652,26.234375,-22.765625,12.7067184339,1031.765625
381,0.0551855372229,0.0929764489665,0.148161986189,1.68479738796,27.765625,-21.234375,11.486054299,1030.234375
382,0.0584896662514,0.0864325796855,0.144922245937,1.4777410306,28.234375,-20.765625,10.8997451052,1029.765625
383,0.064517284811,0.0948407930866,0.159358077898,1.47000595832,30.25,-27.75,12.3629992316,1027.75
384,0.0572250120927,0.109516441832,0.166741453925,1.91378625931,31.171875,-26.828125,12.3244607989,1026.828125
385,0.083700169878,0.124478483877,0.208178653755,1.48719511631,60.109375,-27.890625,15.4344553551,1027.890625
386,0.0975910695113,0.119267300241,0.216858369753,1.2221128515,60.859375,-27.140625,16.9952816867,1027.140625
387,0.120422800465,0.131323273844,0.251746074309,1.09051835148,72.328125,-35.671875,19.3665745289,1025.671875
388,0.106868107191,0.128289452981,0.235157560172,1.20044657245,71.859375,-36.140625,18.1175563918,1026.140625
389,0.0610138060542,0.0940855240229,0.155099330077,1.54203663248,19.65625,-29.34375,11.642082543,1029.34375
390,0.0653866292186,0.0939085092731,0.159295138492,1.43620355408,26.515625,-22.484375,12.0843289371,1031.484375
391,0.0691244057375,0.102672542332,0.171796948069,1.48532983736,37.15625,-21.84375,12.7747538504,1030.84375
392,0.0884637150146,0.125131787522,0.213595502536,1.4144984472,46.421875,-31.578125,15.7924078748,1031.578125
393,0.0882543567801,0.124955623184,0.213209979964,1.41585784252,46.40625,-31.59375,16.3933282447,1031.59375
394,0.0733493507396,0.10573163864,0.17908098938,1.44148022545,27.4375,-30.5625,14.1265209358,1030.5625
395,0.762868428699,0.438377987428,1.20124641613,0.574644291121,177.703125,-508.296875,98.1646702752,1027.296875
396,0.955934571678,0.36745660571,1.32339117739,0.3843951423,201.890625,-484.109375,135.390421235,1003.109375
397,1.25753650646,2.38125888712,3.63879539358,1.89359026548,1379.109375,-972.890625,285.305106267,933.890625
398,1.32412451608,2.37270611563,3.6968306317,1.79190558503,1326.1875,-1025.8125,303.077180506,986.8125
399,1.40467765629,0.602591303861,2.00726896016,0.428989029021,471.15625,-754.84375,316.415185059,1008.84375
400,1.68556021847,2.86990070729,4.55546092576,1.70263908453,1800.125,-778.875,386.498766977,993.875
401,2.03784959087,2.84620679711,4.88405638797,1.39667167286,1780.828125,-808.171875,427.748668711,1013.171875
402,2.33381899392,2.59228722707,4.92610622099,1.11074904859,1724.953125,-834.046875,447.532730287,1039.046875
403,2.76287545024,2.85410471929,5.61698016953,1.0330196821,1696.71875,-842.28125,512.435437054,1067.28125
404,2.84787506845,2.28985475834,5.13772982679,0.804057307047,1756.328125,-841.671875,512.66808386,1066.671875
405,2.78509976015,2.43042892137,5.21552868152,0.872654170651,1708.71875,-1065.28125,462.558491867,1114.28125
406,2.76586021142,2.3275569399,5.09341715132,0.841530938651,1721.109375,-983.890625,519.401732681,1032.890625
407,2.63805142781,2.28374651658,4.9217979444,0.865694463917,1706.65625,-891.34375,399.403313501,1047.34375
408,2.09480766557,0.866015682207,2.96082334778,0.413410594414,722.140625,-895.859375,398.955662762,1022.859375
409,2.03258534977,0.990475405813,3.02306075559,0.48729830997,752.265625,-835.734375,361.477144946,962.734375
410,2.86243438895,2.7166446926,5.57907908154,0.949067934303,1999.359375,-833.640625,514.144172606,980.640625
411,2.83193122073,2.72736270997,5.5592939307,0.963075194058,2002.171875,-830.828125,514.054944616,977.828125
412,2.16070293504,4.38899349411,6.54969642915,2.03128038702,2511.9375,-1487.0625,514.43752278,1007.0625
413,2.3160963541,4.41924903005,6.73534538415,1.90805923174,2460.84375,-1538.15625,540.904514989,1058.15625
414,2.8048414135,4.23728602878,7.04212744228,1.5107043159,2755.1875,-1027.8125,559.915168658,969.8125
415,2.64931791201,4.28747892625,6.93679683826,1.61833312145,2746.453125,-1036.546875,558.275523646,978.546875
416,2.06456654008,0.874897646032,2.93946418612,0.423768199787,781.0,-798.0,363.860120788,954.0
417,1.8847958242,0.987808044005,2.8726038682,0.524092865298,708.4375,-811.5625,381.111814096,967.5625
418,2.19607026695,1.66033304484,3.85640331179,0.756047322268,926.109375,-690.890625,401.831631299,984.890625
419,2.45812653837,1.74719895786,4.20532549623,0.710784791014,970.0625,-715.9375,434.522074921,1009.9375
420,2.1315697958,3.56099677994,5.69256657574,1.67059825437,1900.6875,-1303.3125,524.978597034,1000.3125
421,1.95378203922,3.58146196961,5.53524400882,1.83309186886,1930.859375,-1273.140625,493.553501,970.140625
422,2.56277656516,1.36287361738,3.92565018254,0.531795723401,1268.984375,-721.015625,400.857186702,1034.015625
423,2.68820731752,1.38987594635,4.07808326387,0.517027067551,1260.609375,-729.390625,404.924167946,1042.390625
424,2.16376539264,1.19999655601,3.36376194865,0.554587184031,819.609375,-846.390625,393.98221792,1032.390625
425,2.06152279332,1.19620121076,3.25772400408,0.580251266024,877.484375,-788.515625,340.227542985,974.515625
426,2.06246744078,2.21925674207,4.28172418285,1.07602025525,1270.96875,-1032.03125,424.719575454,1003.03125
427,2.22829649642,2.41732999803,4.64562649445,1.0848331907,1287.34375,-1015.65625,440.337130033,986.65625
428,2.27474250002,2.71261377646,4.98735627648,1.19249267837,1646.421875,-961.578125,452.493777743,970.578125
429,2.12315520013,2.39185204078,4.5150072409,1.12655544005,1647.9375,-960.0625,430.710382501,969.0625
430,0.82306354714,0.632763076664,1.4558266238,0.768790063492,500.25,-225.75,127.941026454,989.75
431,1.46543177071,0.986275588858,2.45170735957,0.673027300603,664.6875,-580.3125,239.225826561,1001.3125
432,1.9224913169,2.34819570976,4.27068702666,1.22143371422,1715.765625,-618.234375,366.323061919,970.234375
433,2.20620181806,2.29558222209,4.50178404015,1.04051324919,1671.03125,-779.96875,406.699250397,1014.96875
434,1.98473415313,2.00774692991,3.99248108303,1.01159489131,788.75,-897.25,407.091436289,1024.25
435,2.21848656059,1.98260677642,4.20109333702,0.89367536033,950.859375,-882.140625,446.410400696,1009.140625
436,2.65396758482,2.67461213908,5.3285797239,1.00777875147,1793.140625,-931.859375,486.825073409,1019.859375
437,2.58872598174,2.71854247402,5.30726845575,1.05014686498,1780.0,-945.0,425.215460091,1033.0
438,2.11238417746,1.63806350297,3.75044768043,0.77545719214,900.4375,-883.5625,407.765591172,981.5625
439,2.07299266303,1.65016955305,3.72316221607,0.796032510137,886.328125,-897.671875,408.895924055,995.671875
440,1.9567060231,2.23358481911,4.19029084221,1.14150250101,827.609375,-1044.390625,392.69253308,1005.390625
441,1.8541958436,2.44708936427,4.30128520787,1.319757766,845.546875,-1036.453125,412.130589501,997.453125
442,2.16297498017,1.64859641115,3.81157139132,0.762189311601,1073.390625,-828.609375,401.359977809,1004.609375
443,2.09399596756,1.62525006448,3.71924603205,0.776147657235,1093.625,-808.375,339.267524418,984.375
444,1.71021207328,2.22039774299,3.93060981626,1.29831719568,1522.796875,-732.203125,363.113066916,977.203125
445,1.77487421621,2.21553896108,3.99041317729,1.2482794222,1530.5625,-724.4375,358.434786389,969.4375
446,1.96122061944,2.21771409438,4.17893471382,1.13078257102,1334.875,-822.125,388.426734565,988.125
447,1.89920636736,2.28334374321,4.18255011057,1.20226205138,1345.3125,-811.6875,380.184900534,977.6875
448,1.86819091618,3.25676307592,5.1249539921,1.74327101567,1472.921875,-1026.078125,398.529810079,1007.078125
449,2.19349075233,3.33393818298,5.52742893531,1.51992351891,1516.109375,-982.890625,462.926834027,963.890625
450,2.02312095064,1.25307410502,3.27619505566,0.619376762732,644.046875,-718.953125,323.067157767,953.953125
451,1.41301046289,1.30254143303,2.71555189592,0.921820090678,647.84375,-695.15625,234.625847012,940.15625
452,1.34810369721,1.1297293552,2.47783305241,0.838013691035,504.734375,-563.265625,208.942220047,955.265625
453,1.11462330344,1.00674924394,2.12137254738,0.903219267744,472.75,-595.25,174.368234636,987.25
454,1.31671945082,0.999749325903,2.31646877672,0.759272846832,375.296875,-624.703125,187.215424018,976.703125
455,1.5116626806,1.42883804764,2.94050072824,0.945209580136,581.90625,-595.09375,241.510786428,947.09375
456,1.59817691896,2.12618913587,3.72436605482,1.33038408367,1259.890625,-672.109375,279.578148578,975.109375
457,1.16286005628,2.07356156849,3.23642162478,1.78315658646,1246.03125,-685.96875,226.143895614,988.96875
458,0.4652358574,0.539505752307,1.00474160971,1.15963923186,138.390625,-244.609375,82.0079297209,1008.609375
459,0.448021366366,0.523815337251,0.971836703618,1.1691749023,188.03125,-232.96875,74.8208211224,1026.96875
460,1.22584372838,1.33231707148,2.55816079986,1.0868571912,861.9375,-687.0625,191.293203862,1020.0625
461,1.72007486142,1.43278691366,3.15286177508,0.832979392812,867.921875,-681.078125,251.230242052,1014.078125
462,2.49016246768,4.02059109761,6.51075356529,1.61458987106,2716.625,-783.375,445.444809292,1028.375
463,2.14211964997,4.09216946192,6.23428911189,1.91033655005,2726.109375,-773.890625,441.420332463,1018.890625
464,1.43612219577,1.26764755612,2.7037697519,0.882687810171,607.296875,-500.703125,224.963585921,1009.703125
465,1.55212861011,1.48695262692,3.03908123703,0.958008645183,538.78125,-814.21875,265.030214595,990.21875
466,3.94349008155,2.3485232324,6.29201331395,0.595544348745,1340.765625,-1550.234375,554.718896779,1011.234375
467,4.04659231668,3.16377188087,7.21036419755,0.78183608164,1318.359375,-1572.640625,611.279507651,1033.640625
468,3.41775421794,2.77531869064,6.19307290859,0.812029921892,1296.515625,-1202.484375,489.799958918,977.484375
469,3.4865079734,2.75543926929,6.24194724269,0.790314919774,1461.3125,-1184.6875,502.37401639,959.6875
470,2.58903278385,2.6392826615,5.22831544534,1.01940874521,1446.5625,-1023.4375,424.883913374,974.4375
471,2.44965796237,1.51025043733,3.9599083997,0.616514819837,661.46875,-1024.53125,354.631189087,975.53125
472,2.44231403309,2.77115597744,5.21347001053,1.13464359615,739.078125,-1651.921875,407.937813302,975.921875
473,2.70260055394,2.77021569365,5.47281624759,1.02501854727,830.46875,-1658.53125,416.71775403,982.53125
474,2.6198364779,2.09349839209,4.71333486999,0.799095061752,876.890625,-1034.109375,390.418249973,936.109375
475,2.24503464965,2.5301826549,4.77521730455,1.12701274133,1305.484375,-733.515625,440.678914864,909.515625
476,2.22997414216,1.80238355657,4.03235769873,0.808253119393,1284.59375,-754.40625,368.51932271,930.40625
477,2.20054130144,2.15806882595,4.35861012739,0.980699078237,1817.265625,-790.734375,327.932264452,976.734375
478,2.01566722936,2.7454753904,4.76114261976,1.36206778103,1784.71875,-823.28125,371.606119969,1009.28125
479,1.61456140455,2.74343156198,4.35799296653,1.69918069034,1566.546875,-413.453125,306.795530937,1001.453125
480,1.26929421713,2.20590447654,3.47519869367,1.73789846891,1571.0625,-761.9375,265.098736028,996.9375
481,1.12435197835,1.74947436629,2.87382634464,1.55598460267,823.265625,-754.734375,210.895430411,989.734375
482,1.38136140557,1.34199013144,2.72335153702,0.971498208962,829.21875,-650.78125,228.418028838,983.78125
483,1.87279694241,2.11221305932,3.98501000173,1.12783880168,1631.265625,-672.734375,292.530086176,1005.734375
484,1.35253803283,2.12944436065,3.48198239348,1.574406271,1634.203125,-610.796875,248.4865552,1002.796875
485,0.695081814158,1.05651934045,1.7516011546,1.51999278204,458.4375,-443.5625,135.002994758,972.5625
486,1.51469996808,1.34922887986,2.86392884794,0.890756524921,961.984375,-509.015625,219.858867528,969.015625
487,2.22880105726,2.0649653272,4.29376638446,0.926491541482,1433.671875,-996.328125,346.853177453,977.328125
488,3.13932195988,2.02635783113,5.16567979101,0.645476270682,1463.53125,-976.46875,434.826077614,947.46875
489,3.31485447451,1.73859341182,5.05344788633,0.524485592111,1109.46875,-948.53125,491.759435876,919.53125
490,2.63254827627,1.52412393187,4.15667220814,0.578953839368,1072.9375,-976.0625,516.559770108,995.0625
491,2.30876993218,1.25126740861,3.56003734078,0.541962796365,1069.8125,-979.1875,429.864036462,998.1875
492,2.52571210082,1.23337390956,3.75908601038,0.488327196578,1241.796875,-886.203125,489.058284477,954.203125
493,3.01058492726,5.66066898718,8.67125391444,1.88025553969,3530.390625,-1645.609375,662.20025335,998.609375
494,3.22213151781,5.84198298488,9.06411450269,1.81308023977,3550.296875,-1625.703125,728.99144113,978.703125
495,2.78837111203,2.97175214001,5.76012325205,1.06576636345,1841.125,-1059.875,598.245546891,1010.875
496,2.60514683324,1.79915652607,4.40430335931,0.690616169158,1247.140625,-1006.859375,464.576920003,967.859375
497,2.04917666022,1.85981560577,3.90899226599,0.907591640036,1083.203125,-1004.796875,411.586874931,965.796875
498,2.29397078652,1.47600082089,3.76997160741,0.64342616286,905.71875,-858.28125,377.120482603,946.28125
499,1.83867562114,1.34183297341,3.18050859456,0.729782327008,965.0625,-798.9375,345.740865525,886.9375
500,1.36443285538,0.872488912207,2.23692176758,0.63945170242,429.984375,-521.015625,197.790805855,962.015625
501,2.87987901735,3.71253229663,6.59241131399,1.28912786762,2809.734375,-993.265625,518.5417426,964.265625
502,2.71827244777,4.41793394568,7.13620639344,1.62527267983,2776.75,-1026.25,551.164335748,997.25
503,1.83512461855,2.55074546434,4.38587008289,1.38995762934,1050.0625,-831.9375,376.139555011,958.9375
504,2.37136075313,1.58385691846,3.95521767159,0.667910572597,1084.25,-787.75,400.377673266,1022.75
505,2.92757019862,2.78438819634,5.71195839496,0.951091863707,1596.6875,-1078.3125,501.242639441,971.3125
506,2.59011751077,2.76759504038,5.35771255116,1.06852103384,1663.265625,-1011.734375,555.872125644,904.734375
507,2.16612655028,2.73710744231,4.90323399258,1.26359535271,1482.15625,-997.84375,455.200066549,997.84375
508,2.10667830451,2.85867672227,4.96535502677,1.3569593023,1495.1875,-975.8125,488.978682913,984.8125
509,2.49581693746,1.36828496471,3.86410190217,0.548231300211,887.046875,-916.953125,456.526608948,1043.953125
510,2.92669622855,1.86849038015,4.7951866087,0.63842989987,1466.46875,-1003.53125,537.194737989,1042.53125
511,4.1019108036,2.64913890687,6.75104971047,0.645830451638,1999.46875,-1019.53125,641.838861416,1058.53125
512,3.76880257868,2.72527861051,6.49408118919,0.723115247778,1950.578125,-1068.421875,541.046722933,1107.421875
513,2.48335619712,1.74412207043,4.22747826755,0.702324568842,999.375,-1000.625,375.768026015,1068.625
514,1.94516367173,1.13974873574,3.08491240747,0.585939760392,919.859375,-1138.140625,423.105626114,991.140625
515,2.41979304399,1.91314139803,4.33293444202,0.790621909911,937.328125,-1140.671875,456.580327499,993.671875
516,3.66225710741,4.24712701581,7.90938412322,1.15970203381,2279.21875,-857.78125,617.807374631,1023.78125
517,3.40993725515,4.52878926192,7.93872651707,1.32811513029,2256.34375,-880.65625,622.312452138,1046.65625
518,2.26752326201,1.80233993898,4.06986320099,0.794849591699,897.765625,-1023.234375,427.103388471,974.234375
519,2.14315648381,1.85192722835,3.99508371216,0.864111996644,846.234375,-1005.765625,386.157138602,956.765625
520,1.9921818076,0.99387189912,2.98605370672,0.498886143488,780.328125,-964.671875,368.684318502,983.671875
521,2.33378441763,1.3361586527,3.66994307033,0.572528740277,949.8125,-942.1875,369.808898073,961.1875
522,2.36624216452,2.21060326066,4.57684542518,0.934225285056,1566.0,-934.0,397.155353735,973.0
523,2.59228852683,2.70789314094,5.30018166777,1.04459558144,1552.5,-947.5,440.423092038,986.5
524,3.69627728741,2.58141237916,6.27768966658,0.698381690128,983.59375,-1603.40625,544.47872774,947.40625
525,4.13477179397,3.88232420652,8.01709600049,0.938945218739,1682.859375,-1590.140625,645.916424237,934.140625
526,2.77886946575,3.90100480394,6.67987426969,1.40381002131,1629.046875,-1222.953125,554.260640112,987.953125
527,2.93349326436,2.16578396433,5.09927722869,0.738295189099,986.78125,-1012.21875,447.373532016,993.21875
528,1.75742162337,2.64974539725,4.40716702062,1.50774598538,932.71875,-979.28125,353.714418208,1057.28125
529,1.67229747136,2.87541219142,4.54770966277,1.71943822237,1011.15625,-929.84375,353.421456035,978.84375
530,2.27005195748,2.78754592333,5.05759788081,1.22796569221,1308.140625,-877.859375,446.696445698,926.859375
531,2.2885328624,2.33483619043,4.62336905283,1.02023275644,1252.703125,-737.296875,456.523092231,982.296875
532,2.07969917855,1.58375643049,3.66345560904,0.761531497834,779.140625,-985.859375,372.762946924,1063.859375
533,2.28427283298,2.37467250352,4.6589453365,1.03957481314,845.171875,-919.828125,379.33920979,997.828125
534,1.14026912364,1.86626055365,3.0065296773,1.63668428352,848.25,-670.75,277.944239012,905.75
535,1.058840936,0.634911581259,1.69375251726,0.599628858001,409.734375,-502.265625,168.644063247,1021.265625
536,1.48771590675,2.64287484934,4.13059075609,1.77646473857,1569.46875,-773.53125,300.957740428,1018.53125
537,1.36085810787,2.62449866726,3.98535677513,1.92856158336,1643.453125,-699.546875,305.133573706,944.546875
538,1.37206227413,1.14053310315,2.51259537727,0.831254619162,755.828125,-391.171875,208.852935301,1018.171875
539,1.15637104168,1.14141736566,2.29778840734,0.98706844475,740.859375,-494.140625,207.798570374,1033.140625
540,0.893579734491,0.542291974676,1.43587170917,0.606875865403,264.984375,-470.015625,153.025681279,1009.015625
541,2.06379339984,2.85326340602,4.91705680586,1.38253344848,2221.125,-670.875,347.331501415,993.875
542,1.9739375847,2.83867442277,4.81261200747,1.4380770926,2260.09375,-631.90625,351.800134964,954.90625
543,0.749722612477,0.681475750153,1.43119836263,0.90897051631,336.84375,-388.15625,129.911895475,986.15625
544,0.825479849798,0.845270832106,1.6707506819,1.02397512467,347.703125,-377.296875,148.074377393,975.296875
545,1.52155825628,1.01873263457,2.54029089085,0.669532454878,588.8125,-920.1875,234.108139743,969.1875
546,1.56544379241,0.884046293453,2.44949008587,0.56472566932,571.609375,-937.390625,252.497501051,986.390625
547,1.91438916571,1.48333489201,3.39772405771,0.774834562679,536.421875,-836.578125,284.113137934,953.578125
548,1.95400749099,1.80391442019,3.75792191118,0.923187054556,720.8125,-818.1875,319.679765302,935.1875
549,2.19010649882,1.84411238739,4.03421888621,0.842019503796,736.296875,-822.703125,338.161974859,929.703125
550,2.04731852872,1.94994663475,3.99726516348,0.952439304094,843.640625,-833.359375,343.663642206,940.359375
551,2.15583944851,2.13841069501,4.29425014352,0.991915560544,1273.515625,-833.484375,337.926489426,980.484375
552,2.19450916841,2.2056207381,4.40012990651,1.00506335077,1292.625,-814.375,352.638558761,961.375
553,1.74503837756,1.55261490587,3.29765328343,0.88973109465,1086.640625,-511.359375,275.245365946,952.359375
554,1.21761431604,1.36567460047,2.5832889165,1.12159867249,975.15625,-367.84375,208.19306085,974.84375
555,1.41992745549,1.57080754539,2.99073500088,1.10625901296,988.625,-354.375,231.869406941,961.375
556,1.22704190929,1.05375605335,2.28079796264,0.858777557129,756.546875,-390.453125,195.111340785,958.453125
557,0.957326832157,0.639652247234,1.59697907939,0.66816496284,293.484375,-402.515625,144.987606387,970.515625
558,0.901239630491,0.721777191569,1.62301682206,0.800871563066,328.1875,-396.8125,157.093709593,984.8125
559,1.7453830558,1.43201048751,3.17739354331,0.820456279065,1015.6875,-837.3125,258.660484214,964.3125
560,1.67122664641,1.4825218143,3.15374846071,0.887086031982,1047.703125,-805.296875,267.692318699,932.296875
561,1.72772592564,1.69618109339,3.42390701903,0.98174199288,1247.453125,-537.546875,282.487108649,948.546875
562,1.91793765631,1.95221550356,3.87015315987,1.01787224269,1224.65625,-560.34375,308.890161442,971.34375
563,1.74183239533,1.63339071559,3.37522311092,0.937742758699,1119.859375,-468.140625,258.046620496,968.140625
564,1.20111143066,1.02391936587,2.22503079653,0.852476581051,557.21875,-481.78125,190.548342681,981.78125
565,1.42638960498,0.83172136932,2.2581109743,0.583095506595,774.875,-607.125,191.099491431,989.125
566,1.30593093891,1.05490206333,2.36083300223,0.807777832577,793.09375,-588.90625,204.60646058,970.90625
567,0.776464906998,0.751522097952,1.52798700495,0.967876450279,575.90625,-218.09375,118.147910311,982.09375
568,0.99122561279,0.743125255349,1.73435086814,0.749703443656,431.125,-558.875,141.414340238,999.875
569,1.84703978086,2.31416088045,4.16120066131,1.25290256573,1640.5625,-624.4375,320.74263802,947.4375
570,2.1835249782,2.49947857887,4.68300355708,1.1446988717,1615.140625,-649.859375,350.476410903,972.859375
571,1.55464801744,1.26190995046,2.8165579679,0.811701385978,789.28125,-592.71875,228.101366498,1033.71875
572,1.07881508038,0.796992312726,1.87580739311,0.738766381022,468.625,-570.375,177.344341959,1011.375
573,1.30778193182,1.40991417733,2.71769610915,1.07809577654,889.875,-542.125,210.864478101,1002.125
574,2.75585172563,2.55306005905,5.30891178468,0.926414159118,1920.796875,-588.203125,413.552678767,1029.203125
575,2.66764307958,3.70924883929,6.37689191886,1.39045919137,2086.53125,-854.46875,484.214311048,1030.46875
576,1.73963373161,3.20499855789,4.9446322895,1.84234100527,2116.859375,-824.140625,339.8241212,1000.140625
577,1.11097205115,1.19349954754,2.30447159869,1.07428404369,387.875,-465.125,181.064430866,1004.125
578,0.519179980666,0.930565266079,1.44974524674,1.7923750929,287.703125,-340.296875,114.455733759,1006.296875
579,0.429315733184,0.437017172144,0.866332905328,1.01793886961,135.578125,-227.421875,69.5884789062,1001.421875
580,0.484711743525,0.515945322165,1.00065706569,1.06443742917,163.984375,-218.015625,75.5849051125,992.015625
581,0.450725760251,0.576752164341,1.02747792459,1.27960772426,238.390625,-173.609375,80.5833452837,996.609375
582,1.04961545734,0.598487523108,1.64810298045,0.570196941102,349.8125,-601.1875,140.347323073,1002.1875
583,1.23851744677,0.828729647262,2.06724709403,0.669130377957,361.78125,-745.21875,179.700572894,990.21875
584,0.994459718796,1.12155990008,2.11601961887,1.12780827507,707.03125,-752.96875,164.634725296,997.96875
585,0.714373874289,0.974641589115,1.6890154634,1.36432983371,693.09375,-227.90625,131.009031028,1011.90625
586,1.41878652544,1.86155843158,3.28034495702,1.31207789065,1261.5625,-709.4375,243.95035836,1012.4375
587,1.7403442128,2.5155297005,4.25587391331,1.4454207863,1286.40625,-899.59375,335.566811471,1016.59375
588,1.55484008037,1.99460159298,3.54944167335,1.28283391852,1289.515625,-896.484375,260.358586388,1013.484375
589,0.872550845058,1.18231211106,2.05486295612,1.35500655092,481.875,-577.125,151.533566826,998.125
590,1.23524959413,3.10912898147,4.34437857559,2.5170046574,1568.03125,-960.96875,312.631720677,999.96875
591,1.98692915868,7.17659351221,9.16352267089,3.61190205543,3616.6875,-2716.3125,687.626031062,981.3125
592,1.93897005632,7.87460919095,9.81357924727,4.06123300629,3638.890625,-2694.109375,742.179289264,959.109375
593,3.44443445126,5.40024681535,8.84468126661,1.56781814018,2636.890625,-1431.109375,633.256368829,961.109375
594,3.20565956388,4.12889236642,7.33455193029,1.28800088847,2640.40625,-1427.59375,547.711623449,957.59375
595,1.64594838514,2.51480340472,4.16075178986,1.52787500958,1084.09375,-1013.90625,330.46821513,1042.90625
596,2.58325190986,2.37339300494,4.95664491479,0.918761734341,1597.765625,-1068.234375,475.009662474,1039.234375
597,2.65880999067,2.37741574634,5.03622573701,0.89416534265,1559.3125,-1106.6875,491.354946646,1077.6875
598,4.25669797336,4.75036472124,9.00706269459,1.11597410739,2755.03125,-1753.96875,704.075678832,1087.96875
599,4.3895421774,4.75433332964,9.14387550704,1.08310460123,2742.84375,-1766.15625,712.457021045,1100.15625
600,2.34146277327,2.20120889447,4.54267166774,0.940099889522,1480.203125,-882.796875,473.160556117,1058.796875
601,2.53743084356,1.94937149182,4.48680233538,0.768246156055,1544.03125,-818.96875,413.950176982,994.96875
602,2.06681100339,1.08905036421,3.1558613676,0.526923053157,906.140625,-917.859375,418.132338022,985.859375
603,2.47006059749,1.47758171996,3.94764231745,0.598196546863,934.03125,-889.96875,403.594628338,957.96875
604,1.18142587687,0.988131158713,2.16955703559,0.836388619934,866.625,-378.375,178.211820946,976.375
605,0.770833645584,0.55614104962,1.3269746952,0.721479988329,315.78125,-380.21875,137.996203384,978.21875
606,2.10350671743,0.700739128047,2.80424584548,0.333129018434,965.984375,-965.015625,369.929912795,994.015625
607,2.35021431352,2.47648381773,4.82669813125,1.05372680418,1277.8125,-947.1875,436.19791505,976.1875
608,1.73016484892,2.64272278062,4.37288762954,1.52743987503,1266.21875,-978.78125,387.134685411,987.78125
609,1.77726212819,1.66267760462,3.43993973281,0.935527505057,1001.53125,-969.46875,350.584109414,978.46875
610,1.72366728602,1.73164575758,3.4553130436,1.00462877704,937.140625,-817.859375,314.749397695,1042.859375
611,1.86457825675,1.75122496066,3.61580321741,0.939207005293,1167.1875,-812.8125,375.65259362,1037.8125
612,2.11980677624,1.79790069196,3.9177074682,0.848143666729,1110.703125,-712.296875,347.076841262,1094.296875
613,2.1501296423,1.47299087699,3.62312051929,0.685070726905,990.578125,-813.421875,418.428488689,1009.421875
614,2.47307122524,1.62313960898,4.09621083422,0.656325459782,1008.59375,-795.40625,412.26465706,991.40625
615,2.5164748244,2.03942539792,4.55590022232,0.810429485782,986.140625,-1071.859375,461.24755647,1052.859375
616,2.43007732062,2.048266763,4.47834408362,0.842881313127,1034.078125,-1023.921875,421.95865114,1004.921875
617,2.08277785257,0.994564705907,3.07734255848,0.477518379927,770.546875,-759.453125,353.621395779,1023.453125
618,2.16275666205,1.45581503691,3.61857169896,0.673129373474,788.203125,-741.796875,364.557444877,1005.796875
619,2.04071621061,1.37414125447,3.41485746508,0.673362247692,729.109375,-966.890625,372.61986818,1015.890625
620,2.4149553143,1.40190339772,3.81685871203,0.580509042723,1158.515625,-1007.484375,414.395681693,1056.484375
621,2.2243640782,1.44371036916,3.66807444736,0.649044094582,1133.734375,-797.265625,307.996765516,1081.265625
622,1.58891911522,1.18829073998,2.7772098552,0.747861063912,600.90625,-722.09375,311.035403871,1006.09375
623,1.76890659242,1.31251765141,3.08142424383,0.741993758762,543.421875,-779.578125,287.154673297,1063.578125
624,2.24248387392,2.16998771247,4.41247158639,0.967671490397,690.203125,-1416.796875,395.985565539,975.796875
625,1.9670326147,2.17007605492,4.13710866963,1.10322321994,769.265625,-1337.734375,406.781200485,896.734375
626,1.80407629723,1.29116569144,3.09524198867,0.715693506655,662.65625,-680.34375,285.585594588,993.34375
627,1.25736289029,1.34564630305,2.60300919335,1.07021315281,695.296875,-559.703125,214.267041306,960.703125
628,0.851877376687,0.74468881862,1.59656619531,0.874173723823,378.28125,-356.71875,154.101677955,983.71875
629,0.892391297112,0.828517324067,1.72090862118,0.928423805508,340.734375,-345.265625,152.003417127,982.265625
630,0.85541531919,0.750047186368,1.60546250556,0.876822251766,339.984375,-346.015625,143.923427144,983.015625
631,1.28242558742,1.20475216603,2.48717775346,0.939432414516,1057.546875,-363.453125,187.140315813,1000.453125
632,1.42193980547,1.57480374889,2.99674355436,1.10750380771,1091.234375,-398.765625,240.995898707,966.765625
633,1.32960270301,1.28888782888,2.61849053189,0.969378165346,795.546875,-430.453125,223.344669855,998.453125
634,1.10036975785,1.28275065478,2.38312041263,1.16574510125,570.90625,-547.09375,221.371486332,997.09375
635,2.08594226287,2.05163300126,4.13757526412,0.983552151839,837.765625,-731.234375,338.578957842,936.234375
636,2.01173900251,1.91194295929,3.9236819618,0.950393145883,830.09375,-738.90625,339.862091459,943.90625
637,0.990298839371,0.736232943704,1.72653178307,0.743445225253,348.921875,-553.078125,176.091799984,994.078125
638,0.950257087812,1.03428385463,1.98454094244,1.08842529869,560.28125,-400.71875,164.170782719,978.71875
639,0.976219357106,0.919148864635,1.89536822174,0.941539273878,553.953125,-407.046875,162.745144867,985.046875
640,0.824657593098,0.581027139435,1.40568473253,0.704567743386,238.984375,-350.015625,128.350897468,1006.015625
641,1.0919881817,1.70708047077,2.79906865247,1.56327742312,807.5,-477.5,202.995689609,986.5
642,1.40338927464,2.06687505689,3.47026433154,1.47277387268,832.484375,-491.515625,255.809132472,961.515625
643,1.59756998055,1.50558133051,3.10315131106,0.942419642856,784.875,-500.125,252.887666514,960.125
644,2.27055574,4.04267104198,6.31322678198,1.78047645815,2775.375,-930.625,446.773624865,998.625
645,2.23860601918,4.50670911339,6.74531513257,2.013176537,2768.28125,-937.71875,479.356582722,1005.71875
646,1.47114196653,4.2826078281,5.75374979463,2.91107719414,1454.46875,-2034.53125,429.226228548,1005.53125
647,2.07760886015,3.9592939166,6.03690277674,1.90569745468,1416.078125,-2072.921875,439.517537502,1043.921875
648,3.18173846722,2.75236380251,5.93410226973,0.865050295889,1837.625,-1357.375,503.865759032,1014.375
649,2.76008178224,2.80477009729,5.56485187952,1.01619093874,1899.8125,-1295.1875,446.071318394,952.1875
650,2.04937015579,2.33673050138,4.38610065716,1.14021885933,1762.203125,-727.796875,344.06123091,952.796875
651,2.41119726151,3.74797040779,6.1591676693,1.55440223313,2127.828125,-1000.171875,467.969802534,1009.171875
652,1.8043989523,2.9741924142,4.7785913665,1.64830089843,2122.3125,-1005.6875,357.476217522,1014.6875
653,1.64685168802,0.834630991577,2.4814826796,0.506803980983,688.203125,-683.796875,214.077904897,977.796875
654,1.41646673554,0.763731016005,2.18019775154,0.539180339957,686.34375,-685.65625,186.141849367,979.65625
655,0.368194570717,0.318773379619,0.686967950336,0.865774253536,106.3125,-148.6875,59.0785692426,981.6875
656,0.42219919537,0.456720874568,0.878920069938,1.0817663311,179.1875,-193.8125,71.4905752093,996.8125
657,0.648532208541,0.5188955633,1.16742777184,0.800107622206,261.0,-249.0,95.6801311663,1003.0
658,0.796544611,0.67479207961,1.47133669061,0.847149136774,325.96875,-301.03125,117.857033195,987.03125
659,0.90069780759,0.81664141172,1.71733921931,0.906676362303,351.9375,-344.0625,142.389636539,1000.0625
660,2.08303341177,5.78113394417,7.86416735594,2.77534383823,3686.703125,-1459.296875,553.398948536,1009.296875
661,2.28342140042,5.71375266378,7.9971740642,2.50227691775,3711.171875,-1434.828125,564.473497902,984.828125
662,1.29507949778,0.961735051241,2.25681454903,0.742606961878,516.609375,-434.390625,197.199741473,1002.390625
663,1.77399628251,2.75183024986,4.52582653236,1.55120406789,1954.6875,-624.3125,319.380938056,1025.3125
664,1.84996076096,3.16387904195,5.01383980291,1.71024116225,1959.515625,-619.484375,370.840598851,1020.484375
665,1.61685176736,2.15044571507,3.76729748243,1.33002032622,1213.21875,-610.78125,281.192742436,1021.78125
666,1.53216203344,2.03279544866,3.5649574821,1.3267496546,1096.625,-845.375,265.586408961,1001.375
667,1.40269811853,1.51983345255,2.92253157108,1.08350715843,981.703125,-842.296875,251.087614171,998.296875
668,1.79382867628,1.80496539254,3.59879406882,1.00620834999,1384.109375,-625.890625,282.585778857,997.890625
669,1.91320442805,1.46764140441,3.38084583247,0.767111649384,1409.53125,-600.46875,267.289167426,972.46875
670,1.13401339997,0.879335313215,2.01334871318,0.775418803024,597.375,-491.625,166.697002448,1000.625
671,1.38499700623,1.10321224776,2.48820925399,0.796544860959,611.46875,-437.53125,203.409836349,995.53125
672,1.2637845979,1.20448260735,2.46826720524,0.953075871753,632.203125,-504.796875,196.057882053,974.796875
673,0.79143867009,1.44325421212,2.23469288221,1.82358313621,725.5,-519.5,159.099320395,989.5
674,0.636064142798,1.30179086164,1.93785500444,2.04663456726,737.703125,-281.296875,144.902734585,977.296875
675,0.699582557604,0.71846414216,1.41804669976,1.02698978748,302.75,-227.25,111.397234032,991.25
676,0.779005866313,0.549602462886,1.3286083292,0.705517745953,247.9375,-301.0625,112.534838356,1006.0625
677,0.862200568698,0.606210167595,1.46841073629,0.703096459922,325.328125,-282.671875,125.948036741,987.671875
678,0.873381488329,0.745187886138,1.61856937447,0.85322152587,337.109375,-319.890625,131.932761898,975.890625
679,1.03624918339,0.730216810703,1.76646599409,0.704672990252,434.25,-398.75,146.407393939,986.75
680,1.64301560309,1.19268413904,2.83569974214,0.725911632731,660.4375,-613.5625,222.547247441,995.5625
681,1.6140454664,1.41507534174,3.02912080814,0.876725824148,676.375,-607.625,243.028901316,979.625
682,1.30147906223,1.16777976264,2.46925882487,0.897271263543,538.296875,-589.703125,200.371660896,961.703125
683,1.99228610573,2.22900007402,4.22128617974,1.11881524828,1158.578125,-851.421875,331.938802939,958.421875
684,1.88691695114,2.13521072215,4.02212767329,1.13158701598,1143.765625,-866.234375,320.242083342,973.234375
685,0.714925015256,0.877484757433,1.59240977269,1.22738012898,464.703125,-329.296875,124.101480613,976.296875
686,0.629972157899,0.6425337716,1.2725059295,1.01993995059,193.96875,-316.03125,107.425987421,972.03125
687,0.605542783279,0.767412444504,1.37295522778,1.26731333556,295.765625,-322.234375,110.310037818,978.234375
688,0.889166619256,1.34252844847,2.23169506773,1.50987274983,673.8125,-621.1875,184.652280906,973.1875
689,1.67492144616,1.97000873618,3.64493018234,1.17617977887,1158.140625,-871.859375,295.033624524,978.859375
690,3.26121577621,3.29959907765,6.56081485386,1.01176962951,1781.578125,-1717.421875,511.088935653,963.421875
691,3.25923488983,3.64837534819,6.90761023802,1.11939626063,1999.0,-1715.0,545.31029011,961.0
692,1.53687295113,2.86160204243,4.39847499357,1.86196395761,1950.78125,-941.21875,323.298549561,1009.21875
693,1.15728901002,1.25261520062,2.40990421064,1.08237025477,696.078125,-372.921875,187.380320529,989.921875
694,1.54378445469,1.6340671891,3.17785164379,1.0584814377,731.546875,-572.453125,295.706671049,954.453125
695,1.73590113264,1.52373865265,3.25963978529,0.877779629268,573.984375,-642.015625,288.229210666,1024.015625
696,2.41298608769,5.46912405754,7.88211014524,2.26653774982,2773.25,-2440.75,596.769008914,1029.75
697,2.5652213462,5.54049255088,8.10571389708,2.15984969839,2708.671875,-2505.328125,648.022184581,1094.328125
698,2.61023137273,2.47719739455,5.08742876728,0.949033645231,1349.828125,-875.171875,520.941112156,1022.171875
699,2.86367619162,2.60690262753,5.47057881915,0.910334288196,1428.71875,-796.28125,504.506735236,943.28125
700,2.89243997231,2.24513614412,5.13757611644,0.776208379643,1898.296875,-914.703125,465.727276676,953.703125
701,2.26301567983,2.28865828786,4.55167396769,1.01133116675,1922.90625,-890.09375,369.893976311,929.09375
702,0.259116510764,0.22529536854,0.484411879304,0.869475155699,120.75,-75.25,39.5150287865,1016.25
703,0.236855399843,0.201773051243,0.438628451087,0.851882842346,116.296875,-79.703125,36.296814464,1020.703125
704,0.186027968507,0.169314403688,0.355342372195,0.910155634377,72.34375,-65.65625,28.2047307368,1015.65625
705,0.119812667761,0.174725344479,0.29453801224,1.45832112533,71.078125,-36.921875,22.4125416114,1016.921875
706,0.10653103231,0.177233433112,0.283764465422,1.6636789231,40.65625,-47.34375,21.4717974547,1017.34375
707,0.130254722332,0.139626463025,0.269881185357,1.07194933531,37.59375,-50.40625,21.3780836591,1020.40625
708,0.158016477489,0.16212550294,0.320141980429,1.02600377832,39.25,-97.75,25.774866634,1018.75
709,0.137371435453,0.172504775282,0.309876210735,1.25575433286,44.1875,-92.8125,25.075433072,1013.8125
710,0.0941403726692,0.131682076715,0.225822449384,1.39878431518,33.375,-55.625,17.8294875137,1015.625
711,0.102601288291,0.111294665415,0.213895953705,1.08472970728,31.8125,-37.1875,15.823118964,1017.1875
712,0.128150891419,0.14200068672,0.270151578139,1.10807412377,40.78125,-37.21875,21.0070440195,1017.21875
713,0.153992457253,0.161297309781,0.315289767034,1.04743643071,50.0625,-37.9375,23.4713089484,1017.9375
714,0.175335838562,0.194393497293,0.369729335854,1.10869231805,85.578125,-51.421875,28.6393548545,1021.421875
715,0.195556929755,0.151689170736,0.347246100491,0.775677808635,89.0625,-57.9375,28.2941441601,1017.9375
716,0.147868118159,0.124891766686,0.272759884846,0.844615920193,64.765625,-53.234375,22.331131708,1013.234375
717,1.33094879318,0.647288826546,1.97823761973,0.486336386389,546.125,-747.875,189.383663168,1031.875
718,1.54235644447,0.713110556384,2.25546700085,0.462351331912,592.875,-731.125,253.930139261,985.125
719,1.79789031303,0.950904738001,2.74879505103,0.528900306715,847.28125,-790.71875,316.028206255,1044.71875
720,2.45044944951,2.81699472061,5.26744417011,1.14958287394,1766.71875,-1095.28125,478.230706248,1017.28125
721,2.61602540255,2.91439283651,5.53041823905,1.11405372198,1767.625,-1094.375,444.413781711,1016.375
722,1.83631063995,1.90807882675,3.7443894667,1.03908281379,1217.53125,-733.46875,392.131274605,1017.46875
723,1.83921315581,1.83721364006,3.67642679588,0.998912841754,1256.625,-694.375,355.849928867,978.375
724,1.95861412696,0.832743346507,2.79135747346,0.425169682505,765.953125,-715.046875,383.570048593,969.046875
725,2.26639844442,5.40982594169,7.67622438612,2.38697037363,3314.5625,-1831.4375,611.656788848,959.4375
726,2.49878391735,5.43350308187,7.93228699922,2.17445896147,3217.921875,-1928.078125,629.890250974,1056.078125
727,2.4143527149,2.30183832517,4.71619104006,0.953397699914,1139.5625,-1104.4375,450.166423219,1046.4375
728,2.50124412355,2.46314633247,4.96439045602,0.984768463535,1277.75,-1074.25,464.365561815,1016.25
729,3.25971398533,2.66207233192,5.92178631725,0.816658254035,2380.203125,-933.796875,528.067354241,1011.796875
730,2.53409565555,2.53930654072,5.07340219627,1.00205630958,2263.75,-766.25,385.340271708,1128.25
731,2.21222584256,1.18325288638,3.39547872894,0.534869841774,778.453125,-780.546875,384.264839079,1064.546875
732,2.31754647883,1.30033934551,3.61788582434,0.561084473336,798.6875,-760.3125,365.821117274,1044.3125
733,2.21991802069,2.13722075669,4.35713877738,0.962747604537,1541.890625,-860.109375,433.391642931,1007.109375
734,2.32322935511,2.08122402061,4.40445337572,0.89583235337,1613.140625,-788.859375,398.142321726,935.859375
735,2.04821692803,1.18343901157,3.23165593959,0.577789879274,518.5625,-805.4375,344.801748971,971.4375
736,1.92979465306,1.68466963118,3.61446428424,0.87297870191,671.53125,-799.46875,344.489929495,965.46875
737,1.71033723982,2.8330314824,4.54336872221,1.6564168846,1452.265625,-860.734375,374.640337615,1007.734375
738,1.85087516802,2.39974363662,4.25061880463,1.29654537382,1431.40625,-881.59375,374.815609615,1028.59375
739,1.18887264406,0.816281788505,2.00515443256,0.686601540195,427.9375,-543.0625,228.908474819,954.0625
740,1.67091486044,0.901090266197,2.57200512664,0.539279581222,852.625,-569.375,285.912273477,980.375
741,2.19045965869,2.61772448953,4.80818414822,1.19505715576,1118.90625,-1135.09375,383.287698682,1008.09375
742,1.82121223562,2.5884247699,4.40963700552,1.42126475941,1176.9375,-1077.0625,379.191733947,950.0625
743,1.47266029053,1.22831208471,2.70097237525,0.834077005136,707.4375,-684.5625,265.916274124,968.5625
744,2.04131948484,1.47717952738,3.51849901222,0.723639556839,755.53125,-1027.46875,364.322786514,920.46875
745,2.46495718153,1.67812203506,4.14307921659,0.680791555986,800.875,-1316.125,445.079504836,1042.125
746,3.40831675385,2.24294804737,5.65126480122,0.658080867877,956.109375,-1463.890625,483.885934299,1003.890625
747,2.70916150221,1.60339295681,4.31255445902,0.591841038455,1042.78125,-1377.21875,371.264202959,917.21875
748,1.35322917494,0.754713753003,2.10794292795,0.55771318486,695.390625,-431.609375,184.524864279,970.609375
749,1.55134295448,0.911631064299,2.46297401878,0.587639929435,638.296875,-488.703125,232.018700734,1027.703125
750,1.67405680079,0.974948827594,2.64900562838,0.582386945971,585.375,-659.625,256.672426207,992.625
751,1.54808195733,1.5193449687,3.06742692604,0.981437036654,785.5625,-626.4375,243.646957387,959.4375
752,2.8343541867,5.68033988354,8.51469407023,2.00410376029,3332.203125,-2098.796875,662.814505058,1049.796875
753,2.8168479351,5.56312593972,8.37997387482,1.9749471991,3290.296875,-2140.703125,672.732596386,1091.703125
754,2.47154125866,1.71956222235,4.19110348101,0.695744898582,1086.65625,-1041.34375,473.233696852,1060.34375
755,2.64428985688,1.99149210278,4.63578195966,0.753129274994,1135.765625,-1030.234375,469.642874367,1011.234375
756,2.84956575008,1.9855414309,4.83510718098,0.696787372196,1166.515625,-1038.484375,521.535053717,1019.484375
757,2.86725948679,1.88837521794,4.75563470473,0.658599344301,1157.359375,-970.640625,524.238446677,1028.640625
758,2.23683758153,1.81722958637,4.0540671679,0.812410163966,1130.625,-869.375,433.07052327,1025.375
759,2.13706567655,1.23404425208,3.37110992864,0.577447977207,777.15625,-869.84375,416.668229034,1025.84375
760,2.12197909813,1.20408398731,3.32606308544,0.567434424007,695.640625,-990.359375,368.415965961,1009.359375
761,1.97292046974,2.72770391368,4.70062438341,1.38257165229,1303.75,-1322.25,457.831744476,1009.25
762,1.60075186135,3.27365430806,4.87440616941,2.04507293547,1342.671875,-1283.328125,414.130454035,970.328125
763,3.52749218003,2.39120757919,5.91869975923,0.677877499695,1367.96875,-1553.03125,539.135331131,906.03125
764,3.21197507214,2.8372147676,6.04918983974,0.883324030816,1300.109375,-1620.890625,556.11529597,973.890625
765,4.27336312472,3.34225647506,7.61561959978,0.782113847458,1200.515625,-2043.484375,659.923267135,985.484375
766,4.62998148959,3.6826887526,8.31267024219,0.795400318744,1253.015625,-1990.984375,731.029934668,932.984375
767,2.48303185428,2.74317599084,5.22620784513,1.10476874717,1077.921875,-1343.078125,442.042889063,971.078125
768,1.24455096197,0.423347926958,1.66789888893,0.340161182543,474.5625,-554.4375,188.940042987,975.4375
769,1.2093775991,0.375923968191,1.58530156729,0.31084085605,479.421875,-549.578125,181.620896778,970.578125
770,0.149459634277,0.119676004549,0.269135638826,0.800724591141,81.875,-56.125,25.9551897508,1016.125
771,0.14457454252,0.114307896868,0.258882439389,0.790650240878,50.03125,-47.96875,22.4575771943,1007.96875
772,0.109172251589,0.126095338975,0.235267590564,1.15501271743,55.828125,-52.171875,20.7104703951,1002.171875
773,0.166005666595,0.152694903333,0.318700569927,0.919817416266,55.09375,-62.90625,27.6663823247,993.90625
774,0.185911206995,0.13765206845,0.323563275445,0.740418346344,60.625,-67.375,29.3132329333,988.375
775,0.255426262827,0.137276247736,0.392702510563,0.537439831817,112.421875,-64.578125,36.6924739761,985.578125
776,0.275649776123,0.15819563466,0.433845410783,0.573900827653,118.25,-78.75,39.3652765772,979.75
777,0.181155306527,0.137710512431,0.318865818958,0.760179290747,69.796875,-78.203125,27.2420743563,979.203125
778,0.183210799909,0.125679772047,0.308890571955,0.685984516793,68.109375,-69.890625,26.3937239152,980.890625
779,0.18362764639,0.192563010758,0.376190657148,1.04866023468,71.6875,-66.3125,31.3861409503,977.3125
780,0.205696934212,0.20818220298,0.413879137192,1.01208218673,78.25,-58.75,33.1308957017,979.75
781,0.183886872304,0.182775095509,0.366661967813,0.993954017594,80.25,-56.75,28.9390523342,977.75
782,0.15216481295,0.13405344553,0.286218258481,0.88097532492,55.078125,-52.921875,23.0375404825,973.921875
783,0.120660835985,0.124241583664,0.244902419649,1.02967613849,48.5625,-59.4375,21.4096028396,980.4375
784,0.0907026734043,0.121173623834,0.211876297239,1.33594324496,50.5,-38.5,16.2893753717,988.5
785,0.0746729278508,0.17728915405,0.251962081901,2.37420922351,56.40625,-42.59375,18.867729353,992.59375
786,0.174712627301,0.204951457064,0.379664084365,1.17307752868,87.546875,-89.453125,33.7059572292,1000.453125
787,0.31094161672,0.23827331164,0.549214928361,0.766295982357,107.203125,-108.796875,45.5587463089,1019.796875
788,0.28491197775,0.308018086082,0.592930063832,1.08109911178,101.359375,-94.640625,45.7644673804,1025.640625
789,0.503204498019,0.356302059331,0.85950655735,0.708066125667,167.875,-234.125,75.2189512357,1008.125
790,0.493511267785,0.366641432513,0.860152700298,0.742924136582,166.796875,-235.203125,73.7820226426,1009.203125
791,1.72621179738,0.444628627926,2.17084042531,0.257574782307,703.328125,-776.671875,324.95889426,1001.671875
792,2.20123376655,2.44924382569,4.65047759224,1.11266866014,1882.96875,-793.03125,408.076431595,1018.03125
793,2.29945753274,2.603429544,4.90288707674,1.13219292243,1910.0625,-834.9375,388.219005323,990.9375
794,2.30582435084,2.43863075504,4.74445510588,1.05759606284,1440.078125,-951.921875,407.345841419,1009.921875
795,1.52498312011,2.420817268,3.94580038811,1.58743873036,1373.546875,-1018.453125,279.437097667,1076.453125
796,1.85356093177,1.74561866454,3.59917959631,0.94176492103,998.109375,-805.890625,314.362306761,991.890625
797,1.7907019185,1.7344756165,3.525177535,0.968600970709,1013.59375,-790.40625,304.49772776,976.40625
798,0.152541808333,0.202702285455,0.355244093788,1.32883101145,71.78125,-66.21875,28.0916295084,1026.21875
799,0.128173492655,0.208020989528,0.336194482183,1.62296419657,66.71875,-71.28125,25.3546524022,1021.28125
800,0.108714059958,0.201278523242,0.3099925832,1.85144886797,69.921875,-68.078125,25.1385564718,1018.078125
801,0.120482048721,0.192154670207,0.312636718928,1.59488216084,71.203125,-46.796875,23.7409059481,1016.796875
802,0.115916092388,0.154248283173,0.270164375561,1.33068912172,32.515625,-46.484375,21.7492759847,1016.484375
803,0.0936034033004,0.144211004787,0.237814408087,1.54065984464,52.25,-45.75,17.9921858038,1015.75
804,0.0938684654671,0.149297051179,0.243165516646,1.59049208311,53.890625,-44.109375,18.6288730767,1014.109375
805,0.117237307183,0.152212888441,0.269450195624,1.29833149616,46.3125,-51.6875,20.4181865931,1011.6875
806,0.155623749013,0.142179039009,0.297802788022,0.913607594665,68.171875,-68.828125,23.9155772246,1009.828125
807,0.166416407084,0.160740620355,0.327157027439,0.965894067602,77.25,-69.75,28.8482018504,1010.75
808,0.156051684891,0.150652779334,0.306704464225,0.965403093463,74.9375,-53.0625,24.9980467987,1013.0625
809,0.106888379437,0.14667111261,0.253559492047,1.37218950632,44.953125,-53.046875,19.4103948372,1013.046875
810,0.103668278224,0.141764846131,0.245433124354,1.36748529598,45.3125,-52.6875,17.5925010658,1012.6875
811,0.0997319674244,0.148596699598,0.248328667023,1.48996057569,46.421875,-61.578125,18.0154488283,1011.578125
812,0.0978108955326,0.146869866637,0.244680762169,1.50156959342,46.84375,-61.15625,18.2527555711,1011.15625
813,0.0752889649548,0.117839275749,0.193128240704,1.5651599915,37.5,-21.5,14.064583179,1011.5
814,0.854269351984,0.270089553537,1.12435890552,0.31616439582,213.15625,-453.84375,141.079345887,982.84375
815,1.10325782344,0.430241582042,1.53349940548,0.389973742223,283.109375,-441.890625,157.972220381,970.890625
816,1.6718849957,0.578409762721,2.25029475842,0.34596264947,711.421875,-710.578125,306.766442341,964.578125
817,2.32021390571,4.21008944572,6.53030335143,1.81452642593,2965.6875,-1004.3125,507.279689711,1004.3125
818,2.6316947254,4.26631984406,6.89801456947,1.62113021806,2949.125,-1020.875,556.130534924,1020.875
819,2.01617931881,3.3631714533,5.37935077212,1.66809143508,1485.078125,-1493.921875,494.276595917,1023.921875
820,2.10899328595,3.54027435201,5.64926763796,1.67865605623,1444.046875,-1534.953125,518.752151492,1064.953125
821,2.42768011346,3.04666759299,5.47434770646,1.25497077481,1716.46875,-1076.53125,491.641414319,1037.53125
822,1.9880387191,2.80549734224,4.79353606134,1.41118848204,1766.296875,-1026.703125,386.839827952,987.703125
823,1.69658058521,1.88644478997,3.58302537519,1.11190992424,749.1875,-897.8125,340.15395756,1014.8125
824,2.50716376915,2.14233099548,4.64949476463,0.854483868122,1166.828125,-1008.171875,484.761524963,989.171875
825,2.59654658948,1.6066262329,4.20317282237,0.618755018457,1203.671875,-1001.328125,473.73252127,982.328125
826,1.90742402412,1.53478095094,3.44220497506,0.804635430573,1182.390625,-641.609375,347.183606737,1003.609375
827,2.2741348217,2.34237274957,4.61650757127,1.03000610484,976.90625,-651.09375,395.283431491,1013.09375
828,2.92265765969,3.13230708896,6.05496474865,1.07173246192,961.890625,-1155.109375,477.954466882,1028.109375
829,2.91301435744,1.8030726715,4.71608702894,0.61897143311,804.828125,-1116.171875,437.337489628,989.171875
830,1.6497892897,2.11533616342,3.76512545312,1.28218565645,789.09375,-995.90625,298.03427439,1004.90625
831,3.20236505108,2.38121957807,5.58358462915,0.743581553034,835.375,-1222.625,478.50586138,958.625
832,3.48362474483,1.56516443175,5.04878917658,0.449291914713,819.734375,-1149.265625,513.798484397,885.265625
833,2.1948679362,2.18856222969,4.38343016589,0.997127067916,850.46875,-1157.53125,391.464915763,952.53125
834,2.01616140097,2.6581090269,4.67427042786,1.31840091058,1011.671875,-1212.328125,360.385993358,1007.328125
835,2.13797109039,1.47096218964,3.60893328003,0.68801781102,1026.421875,-816.578125,294.848043739,992.578125
836,1.02764226376,1.07831246544,2.1059547292,1.04930723801,320.046875,-513.953125,191.153523843,973.953125
837,1.08692305289,1.06667628583,2.15359933872,0.98137240073,309.765625,-524.234375,198.34516491,984.234375
838,1.04480560914,1.79408826155,2.83889387068,1.71715029653,1126.96875,-403.03125,202.805014789,1020.03125
839,0.776516087585,1.85141493202,2.6279310196,2.38425830658,1151.03125,-378.96875,192.574577173,995.96875
840,0.452373536034,0.565848028025,1.01822156406,1.25084246303,169.296875,-281.703125,77.2847170548,957.703125
841,0.555453420266,0.545513642531,1.1009670628,0.982105110218,205.359375,-265.640625,104.747518942,882.640625
842,0.649255445872,0.382223637277,1.03147908315,0.588710714261,279.03125,-191.96875,87.0382402938,808.96875
843,0.535390113065,0.35066333396,0.886053447025,0.65496789239,314.4375,-195.5625,95.6546318468,832.5625
844,0.751343662995,0.391937775983,1.14328143898,0.521649140448,330.71875,-228.28125,128.151578798,943.28125
845,0.637237947029,0.341931040653,0.979168987682,0.536582986383,265.0,-294.0,93.7914908187,1009.0
846,0.228222681222,0.16057623781,0.388798919033,0.703594563653,127.65625,-98.34375,33.6425227344,1009.34375
847,0.100101648942,0.131360762621,0.231462411563,1.31227371386,52.125,-45.875,18.1181021357,1005.875
848,0.073818901564,0.112570242135,0.186389143699,1.52495146569,33.328125,-35.671875,13.6919852098,1005.671875
849,0.0824477653734,0.101843932758,0.184291698131,1.23525400957,33.046875,-35.953125,14.4215872127,1005.953125
850,0.074385000073,0.0864322756938,0.160817275767,1.16195840034,35.09375,-23.90625,12.8168818727,1003.90625
851,0.0604142483963,0.0954442262278,0.155858474624,1.5798297382,27.78125,-21.21875,11.2409251593,1001.21875
852,0.0523932721922,0.0924520169749,0.144845289167,1.76457802895,27.46875,-21.53125,10.7760857197,1001.53125
853,0.0803311817272,0.0928178560116,0.173149037739,1.1554399427,56.515625,-31.484375,12.8974224502,1001.484375
854,0.0829569084756,0.121476381766,0.204433290241,1.46433110874,57.125,-40.875,16.2100470388,1000.875
855,0.0699359670794,0.117697498965,0.187633466044,1.68293231481,39.5,-39.5,15.4949588576,999.5
856,0.102887958181,0.128988925243,0.231876883424,1.25368340012,60.6875,-27.3125,18.7423942908,997.3125
857,0.109004590969,0.126926771719,0.235931362689,1.16441675154,59.140625,-28.859375,19.0237246513,998.859375
858,0.0516477336727,0.112921706307,0.164569439979,2.18638260146,39.0,-20.0,12.9783473524,1000.0
859,0.059728755642,0.0932741425273,0.153002898169,1.56162875862,31.421875,-27.578125,11.2079836048,997.578125
860,0.0663876766981,0.085035946569,0.151423623267,1.2808995705,23.4375,-25.5625,11.3837535001,995.5625
861,0.0555161303382,0.0853567728771,0.140872903215,1.53751301391,32.640625,-16.359375,10.9006410183,996.359375
862,0.045732797557,0.0877863606999,0.133519158257,1.91954932542,31.296875,-27.703125,10.4278468647,997.703125
863,0.0533718136866,0.0810429048665,0.134414718553,1.5184588881,22.515625,-26.484375,9.82978920727,996.484375
864,0.0355978222697,0.114859568523,0.150457390792,3.22658975183,23.109375,-25.890625,11.5055926449,995.890625
865,0.0733890976124,0.100989179351,0.174378276963,1.37607877241,38.125,-30.875,14.2384821874,1000.875
866,0.0777421093473,0.124445015293,0.202187124641,1.60074143007,34.125,-34.875,15.8049636191,1004.875
867,0.092486305448,0.117717460559,0.210203766007,1.27280963369,32.625,-36.375,15.8858230822,1006.375
868,0.0731596036073,0.100537040229,0.173696643836,1.37421521265,31.90625,-27.09375,13.5873548175,1007.09375
869,0.060467329891,0.0878976549364,0.148364984827,1.45363876816,33.140625,-25.859375,11.8833749251,1005.859375
870,0.0509651858354,0.0676993578643,0.1186645437,1.32834515865,22.234375,-26.765625,9.47652063573,1006.765625
871,0.0409767047908,0.0911489897659,0.132125694557,2.22440994783,22.25,-26.75,10.2332179689,1006.75
872,0.0363456355281,0.101863791062,0.13820942659,2.80264162621,22.421875,-26.578125,9.97622907137,1006.578125
873,0.0490514469439,0.117405125907,0.166456572851,2.39350994153,31.671875,-57.328125,12.884165048,1007.328125
874,0.0578931008388,0.118207957756,0.176101058595,2.04183151435,30.453125,-58.546875,14.8680968094,1008.546875
875,0.068586208502,0.0910549656434,0.159641174145,1.32759876413,31.3125,-27.6875,12.2956737819,1007.6875
876,0.0422112310807,0.0853640031234,0.127575234204,2.02230546085,23.734375,-25.265625,9.55124695311,1005.265625
877,0.0320995557907,0.0868865394064,0.118986095197,2.70678323317,25.265625,-23.734375,8.90793569574,1003.734375
878,0.0532118582306,0.090019923422,0.143231781653,1.6917267394,26.125,-22.875,10.6631667435,1002.875
879,0.047441947844,0.0963144426225,0.143756390466,2.03015362985,24.671875,-24.328125,10.7776601813,1004.328125
880,0.0439292057766,0.0916917035517,0.135620909328,2.08726067159,14.140625,-34.859375,10.3438798141,1004.859375
881,0.0510187235386,0.0807532795063,0.131772003045,1.58281654078,14.546875,-34.453125,9.60619866203,1004.453125
882,0.0469373115644,0.0664825719732,0.113419883538,1.41641201333,14.640625,-24.359375,8.76314581696,1004.359375
883,0.0398433161366,0.0763909315658,0.116234247702,1.91728347369,24.90625,-14.09375,8.92279165606,1004.09375
884,0.0428609714948,0.0781533286483,0.121014300143,1.82341477392,25.703125,-23.296875,9.02544958627,1003.296875
885,0.0597629816827,0.0742024838104,0.133965465493,1.24161281317,15.75,-23.25,9.80752262297,1003.25
886,0.0612013413896,0.0971740424535,0.158375383843,1.58777635011,24.09375,-34.90625,11.8291466699,1004.90625
887,0.0545853020122,0.0961798737119,0.150765175724,1.76201047107,23.921875,-35.078125,11.7024365619,1005.078125
888,0.0435736613848,0.0878298783662,0.131403539751,2.01566440769,24.375,-24.625,9.89396912265,1004.625
889,0.0500912143664,0.100166984173,0.15025819854,1.99969167129,34.03125,-24.96875,11.3136653405,1004.96875
890,0.0631928472056,0.108061243959,0.171254091165,1.71002334501,35.6875,-23.3125,12.516083403,1003.3125
891,0.0610094470841,0.0977925183703,0.158801965454,1.60290779616,35.828125,-23.171875,11.7680110462,1003.171875
892,0.0460575273133,0.090209945357,0.13626747267,1.95863631027,33.8125,-15.1875,10.0512359315,1005.1875
893,0.034509089472,0.0900911662104,0.124600255682,2.61065034137,23.875,-25.125,9.56147870363,1005.125
894,0.0352055508674,0.0817906784205,0.116996229288,2.3232324564,14.5,-24.5,8.41872912024,1004.5
895,0.0435981908516,0.0751689601956,0.118767151047,1.72413026154,24.65625,-24.34375,8.60998466535,1004.34375
896,0.0473083665578,0.0885546687154,0.135863035273,1.87186062759,24.25,-34.75,10.2102889283,1004.75
897,0.0457885163014,0.0722675602142,0.118056076516,1.57829006161,13.5,-35.5,8.89346670315,1005.5
898,0.0477789809819,0.0643802345632,0.112159215545,1.34745934803,14.375,-24.625,8.77229302976,1004.625
