,0,1,2,3,4,5,6,7
0,0.0318708671327,0.0711820024314,0.103052869564,2.23345044661,12.34375,-17.65625,7.4460953484,1026.65625
1,0.0376836092163,0.0770722165023,0.114755825719,2.04524508414,13.90625,-16.09375,8.94727393889,1025.09375
2,0.0404850872906,0.0927629529011,0.133248040192,2.29128696785,24.515625,-24.484375,9.79156554691,1024.484375
3,0.036829749929,0.0966250543379,0.133454804267,2.62355988091,23.890625,-25.109375,9.89967989934,1025.109375
4,0.0325368100753,0.0876369281973,0.120173738273,2.69347019558,12.34375,-17.65625,8.9690766491,1026.65625
5,0.0400812006876,0.0885571932394,0.128638393927,2.20944462042,12.015625,-26.984375,9.50409810868,1026.984375
6,0.0431153362307,0.077195711054,0.120311047285,1.79044669027,14.203125,-24.796875,9.77109846611,1024.796875
7,0.0410995242735,0.0884102385982,0.129509762872,2.15112559478,24.515625,-24.484375,9.79156554691,1024.484375
8,0.0454777002348,0.0851882459324,0.130665946167,1.87318719928,24.03125,-24.96875,10.1872603499,1024.96875
9,0.041702136984,0.0882151967413,0.129917333725,2.11536393867,23.265625,-25.734375,9.31940547242,1025.734375
10,0.0313160570103,0.0751615852751,0.106477642285,2.40009734464,22.65625,-17.34375,7.95341662039,1026.34375
11,0.0282186121381,0.0717976857299,0.100016297868,2.54433794896,23.125,-16.875,7.68012857965,1025.875
12,0.0375379537002,0.0702853679367,0.107823321637,1.87238144354,24.0625,-15.9375,8.60936082122,1024.9375
13,0.0529289556604,0.0863139796346,0.139242935295,1.63075160954,23.890625,-25.109375,10.8052608534,1025.109375
14,0.0451833176817,0.0871997436072,0.132383061289,1.92991015448,23.890625,-25.109375,10.210468261,1025.109375
15,0.0274261775428,0.0764971930723,0.103923370615,2.78920359766,14.21875,-15.78125,7.86699742198,1024.78125
16,0.0321277635552,0.0718504676536,0.103978231209,2.23639804651,13.59375,-16.40625,7.97793588201,1025.40625
17,0.0475359811461,0.0605107999564,0.108046781103,1.27294732322,15.921875,-23.078125,8.74697213237,1023.078125
18,0.0376111408605,0.0861176792201,0.123728820081,2.28968537646,15.765625,-23.234375,9.93217968823,1023.234375
19,0.0347313913892,0.0939569762059,0.128688367595,2.70524653484,14.03125,-24.96875,9.87574166519,1024.96875
20,0.0431736474573,0.0768212676757,0.119994915133,1.7793555143,13.40625,-25.59375,9.30342468866,1025.59375
21,0.0466951222041,0.0607662576327,0.107461379837,1.30134058472,12.8125,-17.1875,8.37942979862,1026.1875
22,0.0323529566981,0.087392612423,0.119745569121,2.70122490623,24.1875,-24.8125,9.88982273603,1024.8125
23,0.0362576990518,0.0851625656231,0.121420264675,2.34881329622,25.125,-23.875,9.60224583105,1023.875
24,0.0383335419249,0.0706297763402,0.108963318265,1.8425058785,14.515625,-24.484375,8.41871462038,1024.484375
25,0.0336107899172,0.0895173125564,0.123128102474,2.66335045314,24.203125,-24.796875,9.60985771145,1024.796875
26,0.0400892022551,0.0823401362617,0.122429338517,2.05392304236,23.28125,-16.71875,9.36327391661,1025.71875
27,0.0398249882905,0.0786295152428,0.118454503533,1.9743763556,21.71875,-18.28125,9.27946110706,1027.28125
28,0.0296733082968,0.0785332027071,0.108206511004,2.64659410139,22.1875,-17.8125,8.92131401476,1026.8125
29,0.0265382372616,0.0722594011203,0.0987976383819,2.72284102399,22.5,-17.5,8.66025403784,1026.5
30,0.0377107677876,0.0736179665972,0.111328734385,1.95217363411,21.5625,-18.4375,9.39061200082,1027.4375
31,0.0451703165126,0.0772991864329,0.122469502946,1.71128281581,21.25,-18.75,9.60143218484,1027.75
32,0.0418208215762,0.0791044309508,0.120925252527,1.89150829585,21.09375,-18.90625,8.85952656396,1027.90625
33,0.0367323310443,0.0738339602729,0.110566291317,2.01005376391,23.265625,-25.734375,8.80206330126,1025.734375
34,0.0446764552606,0.0962717702407,0.140948225501,2.15486590597,24.65625,-24.34375,10.2274427858,1024.34375
35,0.0377535719143,0.0862098512485,0.123963423163,2.28348860458,24.359375,-24.640625,9.291069616,1024.640625
36,0.041979649578,0.0878418684379,0.129821518016,2.09248693882,25.90625,-23.09375,9.22753818402,1023.09375
37,0.051712028221,0.0932747955632,0.144986823784,1.80373500657,34.140625,-23.859375,10.7759384561,1023.859375
38,0.0601728957917,0.0789035632453,0.139076459037,1.31128080521,33.359375,-24.640625,10.4632798208,1024.640625
39,0.0575641070001,0.0863690775007,0.143933184501,1.50039811267,23.71875,-25.28125,10.4559623391,1025.28125
40,0.0387010925832,0.0973903293545,0.136091421938,2.51647493272,21.40625,-18.59375,10.1345922926,1027.59375
41,0.0402858572823,0.0798667161907,0.120152573473,1.98250010248,23.125,-16.875,9.49917759598,1025.875
42,0.0424625436848,0.0743115147543,0.116774058439,1.7500485912,23.28125,-16.71875,9.19488436238,1025.71875
43,0.0488394049182,0.084808183356,0.133647588274,1.73647044836,19.515625,-29.484375,10.0202797296,1029.484375
44,0.0495031264684,0.0787553066169,0.128258433085,1.59091581149,19.671875,-29.328125,9.79006940651,1029.328125
45,0.045131693552,0.0728880481925,0.118019741745,1.61500804548,21.40625,-18.59375,8.6362585034,1027.59375
46,0.057181968419,0.081351228266,0.138533196685,1.42267275009,20.9375,-19.0625,10.5650884402,1028.0625
47,0.058027896484,0.093108131611,0.151136028095,1.60454087176,20.9375,-19.0625,11.4180161915,1028.0625
48,0.0291715353816,0.0861018509504,0.115273386332,2.95157076321,11.40625,-18.59375,8.81532534496,1027.59375
49,0.0407797192281,0.080012616439,0.120792335667,1.96206884092,22.015625,-26.984375,8.99738188916,1026.984375
50,0.0403483427955,0.0812149185495,0.121563261345,2.01284397134,23.109375,-25.890625,9.11920567316,1025.890625
51,0.0365688085395,0.086902584199,0.123471392739,2.37641278646,23.4375,-16.5625,9.22272160211,1025.5625
52,0.05258198571,0.090286516913,0.142868502623,1.71706175972,22.5,-17.5,10.6066017178,1026.5
53,0.0488909998486,0.082855933732,0.131746933581,1.69470728741,22.5,-17.5,9.51971638233,1026.5
54,0.0408562424497,0.0736666441406,0.11452288659,1.80306948763,11.71875,-18.28125,8.57953369581,1027.28125
55,0.0480923529658,0.084734733835,0.132827086801,1.76191699116,20.78125,-19.21875,9.73150288689,1028.21875
56,0.045571930379,0.0793006889319,0.124872619311,1.74012134822,22.34375,-17.65625,9.47730636508,1026.65625
57,0.0458716022631,0.0716336135483,0.117505215811,1.56161132409,21.875,-18.125,8.63767185068,1027.125
58,0.0425989226124,0.0885859554431,0.131184878056,2.07953511522,21.71875,-18.28125,9.7715606961,1027.28125
59,0.0442807112963,0.108180027686,0.152460738982,2.44305081195,23.890625,-35.109375,11.4920042686,1025.109375
60,0.0433122132529,0.100843651502,0.144155864755,2.32829596847,23.5625,-35.4375,10.8611621731,1025.4375
61,0.057654599442,0.0889876383711,0.146642237813,1.54346121961,38.71875,-29.28125,11.8182443044,1029.28125
62,0.115700688421,0.0919005296604,0.207601218082,0.794295443824,44.390625,-63.609375,18.7796575344,1023.609375
63,0.115407066069,0.0873539931827,0.202761059252,0.756920664896,27.34375,-61.65625,17.6504415225,1021.65625
64,0.125778869795,0.104040067774,0.229818937569,0.827166502163,41.375,-76.625,22.3917535044,1026.625
65,0.12674240393,0.0976086274279,0.224351031358,0.770133944134,51.40625,-76.59375,27.7171645544,1026.59375
66,0.187679370061,0.0936862674063,0.281365637467,0.499182554673,74.53125,-72.46875,36.766139632,1032.46875
67,0.725155780653,0.6635258308,1.38868161145,0.915011434098,671.109375,-112.890625,103.897954321,1043.890625
68,0.863595242941,0.70981157856,1.5734068215,0.821926225697,638.765625,-145.234375,138.550052123,1076.234375
69,1.3817103219,0.434721149795,1.8164314717,0.314625390651,413.015625,-625.984375,261.480848497,1105.984375
70,1.58769219528,0.558163343165,2.14585553845,0.351556394132,438.09375,-630.90625,266.256438816,1110.90625
71,1.94666013728,1.00136221449,2.94802235177,0.514400123225,578.90625,-734.09375,279.785337287,1126.09375
72,2.0827226949,0.712071170471,2.79479386537,0.341894373271,695.46875,-774.53125,373.572573637,1166.53125
73,1.8520284665,1.18989544741,3.04192391391,0.642482266838,716.109375,-695.890625,295.739122644,1145.890625
74,2.11460998001,0.469243215555,2.58385319556,0.221905325328,798.15625,-769.84375,372.000597225,1151.84375
75,2.52141075242,1.19309858428,3.7145093367,0.473186918526,790.5,-777.5,393.135910023,1159.5
76,2.20162712234,1.08968956601,3.29131668835,0.494947375488,864.34375,-713.65625,349.953801359,1085.65625
77,2.14489587475,0.736547531543,2.88144340629,0.343395472114,674.484375,-805.515625,379.981866022,1177.515625
78,1.34931826808,0.811339754392,2.16065802247,0.601296057116,650.421875,-300.578125,291.072789688,1250.578125
79,2.47482452408,1.13186433777,3.60668886185,0.457351350271,930.5,-922.5,387.720098783,1157.5
80,2.62321841859,1.31230906324,3.93552748183,0.500266792099,995.28125,-857.71875,412.92843163,1092.71875
81,2.30439106405,1.14835476729,3.45274583134,0.498333284313,751.109375,-836.890625,414.955310741,1218.890625
82,1.65818833016,0.988766514318,2.64695484447,0.596293253508,741.3125,-523.6875,331.162529725,1228.6875
83,1.8602430008,0.815029957645,2.67527295845,0.4381309094,780.125,-758.875,348.707098616,1101.875
84,2.68205626641,0.899914481798,3.5819707482,0.33553154461,904.171875,-840.828125,428.186566912,1183.828125
85,1.88767736609,1.11223741624,2.99991478233,0.589209488983,856.046875,-457.953125,320.465941525,1231.953125
86,2.32738252091,0.388495350451,2.71587787136,0.166923720945,905.390625,-790.609375,411.891506391,1133.609375
87,2.08315655606,1.02315273665,3.10630929271,0.491154989613,965.625,-730.375,374.02358298,1073.375
88,2.04905679047,0.966869891046,3.01592668151,0.471860953558,748.5,-781.5,340.457458796,1094.5
89,2.52962515588,0.830288446694,3.35991360257,0.328225881516,803.0625,-863.9375,399.154218121,1176.9375
90,2.19059660459,1.08317132463,3.27376792922,0.494464075384,782.8125,-786.1875,339.129440397,1197.1875
91,2.13709819858,0.736957399696,2.87405559828,0.344840213793,719.8125,-750.1875,365.018230495,1132.1875
92,1.69445589893,0.751717205816,2.44617310475,0.443633384787,772.328125,-697.671875,275.525637117,1079.671875
93,1.79446020999,0.502420523618,2.29688073361,0.279984209636,668.171875,-753.828125,315.401656359,1066.828125
94,2.02800658686,0.662441424683,2.69044801154,0.326646584373,625.875,-796.125,339.619893226,1109.125
95,1.00685377032,0.834698169442,1.84155193976,0.829016282251,607.234375,-264.765625,158.81600421,1107.765625
96,0.749243347867,0.270362594239,1.01960594211,0.360847507034,318.34375,-318.65625,160.226521169,1063.65625
97,0.776886684502,0.689073953651,1.46596063815,0.88696841817,249.5625,-378.4375,148.530812775,1044.4375
98,0.468825900995,0.722254651733,1.19108055273,1.54056047288,225.59375,-362.40625,89.4173359083,1028.40625
99,0.689902148781,0.249116814942,0.939018963723,0.361090069632,185.125,-354.875,116.08341559,1010.875
100,0.852655186465,1.15823661316,2.01089179963,1.3583880466,485.59375,-387.40625,163.454668673,1043.40625
101,0.916883358753,1.1938286517,2.11071201046,1.30205073558,417.484375,-425.515625,187.948379897,1111.515625
102,1.59520572495,0.47829919159,2.07350491654,0.299835428189,570.609375,-615.390625,288.431513599,1105.390625
103,1.347254755,0.551073028908,1.89832778391,0.409034020375,626.46875,-559.53125,252.743754173,1049.53125
104,1.69853206468,0.423051034291,2.12158309897,0.249068618184,701.046875,-749.953125,319.875143107,1072.953125
105,2.38618358808,0.821872272119,3.2080558602,0.344429605594,709.9375,-849.0625,378.70783078,1172.0625
106,2.05788703928,1.08502071727,3.14290775655,0.527249891059,735.21875,-920.78125,339.602454568,1214.78125
107,2.8557200505,1.06037545093,3.91609550144,0.371316316789,891.71875,-941.28125,443.713676991,1186.28125
108,2.33453061523,1.3572180645,3.69174867974,0.581366573497,946.53125,-886.46875,361.62921138,1131.46875
109,2.33290185834,0.43923124417,2.77213310251,0.188276777524,887.59375,-847.40625,385.921896193,1131.40625
110,2.50293902239,0.832833641292,3.33577266368,0.332742281711,883.625,-851.375,389.776277979,1135.375
111,1.97769732917,0.719191182821,2.69688851199,0.363650783268,887.4375,-788.5625,371.515303983,1082.5625
112,2.620087325,1.38009180023,4.00017912523,0.526735039346,889.109375,-884.890625,445.460896053,1178.890625
113,2.54323890492,1.40658660984,3.94982551476,0.553069004692,871.34375,-912.65625,428.241470243,1196.65625
114,2.78611019288,1.35909357703,4.14520376991,0.487810417729,1052.40625,-888.59375,430.960726124,1172.59375
115,2.10174269342,1.37722986287,3.47897255629,0.655279957525,1007.53125,-551.46875,330.899860643,1217.46875
116,2.65891526645,1.14362175024,3.80253701669,0.430108384677,800.4375,-758.5625,401.343870445,1159.5625
117,2.26850635712,1.26103957494,3.52954593206,0.555889813129,855.4375,-703.5625,360.190482375,1104.5625
118,2.2585188722,0.692556012662,2.95107488486,0.306641676183,761.140625,-777.859375,387.137930329,1110.859375
119,2.67662990773,1.01533331871,3.69196322644,0.379332725743,696.5,-842.5,424.090460574,1175.5
120,2.53321096983,1.3538519711,3.88706294093,0.534441065992,713.734375,-903.265625,351.161787953,1148.265625
121,2.14981192852,0.739255290823,2.88906721934,0.343869750193,722.765625,-875.234375,344.155839618,1120.234375
122,1.58138155615,1.0993764433,2.68075799944,0.695199990807,589.5,-596.5,248.036098683,1145.5
123,1.97077414884,0.517356591313,2.48813074015,0.262514399034,692.609375,-758.390625,345.800774344,1120.390625
124,2.20432032792,1.20261112649,3.4069314544,0.545570038645,934.546875,-742.453125,346.409932815,1104.453125
125,2.19103260772,1.1188445783,3.30987718602,0.510647159864,971.28125,-852.71875,365.248351671,1067.71875
126,2.46162508107,0.722870406874,3.18449548794,0.293655769286,821.21875,-923.78125,398.76467327,1138.78125
127,1.40910532462,0.771735888445,2.18084121307,0.547677930782,752.625,-296.375,258.938065713,1207.375
128,1.67156426234,0.429301812122,2.10086607446,0.256826388189,572.875,-721.125,323.650298355,1103.125
129,1.67503759759,0.630477031969,2.30551462956,0.37639574949,659.375,-683.625,303.666475142,1065.625
130,1.84228564177,0.63010420672,2.47238984849,0.342023078525,653.765625,-679.234375,283.153268025,1071.234375
131,1.53410868047,0.408794046818,1.94290272729,0.266470069573,624.296875,-659.703125,265.976836379,1051.703125
132,0.804505518717,0.574644297023,1.37914981574,0.714282604226,274.375,-362.625,127.615939933,1077.625
133,0.696859120197,0.409731925562,1.10659104576,0.587969524523,309.1875,-327.8125,106.016637108,1042.8125
134,0.534274370366,0.329001065091,0.863275435458,0.615790468979,109.890625,-302.109375,70.6751187626,1017.109375
135,0.310842245453,0.12449236613,0.435334611584,0.400500150643,106.71875,-177.28125,62.0505007912,1020.28125
136,0.531388247564,0.70022059234,1.2316088399,1.31771938042,381.40625,-245.59375,99.6275436862,1029.59375
137,0.682909076793,0.776026381799,1.45893545859,1.13635388395,401.9375,-323.0625,154.435147696,1107.0625
138,1.93252515808,0.826414326684,2.75893948477,0.427634446687,649.171875,-644.828125,298.090829,1114.828125
139,1.65155768028,0.596499337924,2.24805701821,0.361173784631,692.171875,-601.828125,275.670124123,1071.828125
140,1.60938136986,0.533395935325,2.14277730518,0.331429172299,754.84375,-716.15625,329.509873655,1068.15625
141,2.17135264847,1.05623966068,3.22759230915,0.486443167778,790.890625,-798.109375,392.246897581,1150.109375
142,1.69153446428,1.12008613627,2.81162060056,0.66217163169,731.3125,-709.6875,305.838339395,1209.6875
143,2.34705901595,0.679571681896,3.02663069785,0.289541795616,740.84375,-759.15625,381.144420576,1160.15625
144,2.05048902822,1.01901939036,3.06950841858,0.496964078489,790.90625,-709.09375,318.425458249,1110.09375
145,2.34913414265,0.718777007823,3.06791115047,0.305975293098,885.09375,-879.90625,401.176150476,1114.90625
146,3.00524220209,1.12376647119,4.12900867328,0.373935408738,914.84375,-938.15625,457.805813731,1173.15625
147,2.83996643081,1.26161955923,4.10158599004,0.444237490115,936.953125,-897.046875,396.082552541,1151.046875
148,2.61904219274,1.10833721985,3.72737941259,0.423184178904,876.390625,-918.609375,399.727626687,1172.609375
149,2.84368585066,1.10314897381,3.94683482448,0.387929269175,889.0625,-924.9375,423.279490814,1159.9375
150,2.70251512889,1.05586191663,3.75837704552,0.390696024359,894.890625,-938.109375,431.293806369,1173.109375
151,2.64037868092,1.09938260574,3.73976128666,0.416373080758,871.28125,-912.71875,423.622601378,1196.71875
152,2.63573311511,1.17923385089,3.814966966,0.447402600865,913.8125,-890.1875,433.754714492,1174.1875
153,1.68321673409,1.18505553583,2.86827226992,0.704042154425,958.375,-639.625,284.933133603,1129.625
154,2.23951011453,0.778962570551,3.01847268509,0.347827216986,898.203125,-865.796875,392.003395222,1110.796875
155,2.99600402228,1.0736980191,4.06970204137,0.358376694795,835.09375,-958.90625,449.783340855,1203.90625
156,3.04542203545,1.08703129268,4.13245332813,0.356939458644,888.5625,-847.4375,420.561004604,1150.4375
157,2.82911390629,1.11423392162,3.94334782791,0.393845549714,884.921875,-851.078125,420.900162772,1154.078125
158,1.97327619101,1.08005434272,3.05333053373,0.54734068532,821.78125,-345.21875,313.308078652,1217.21875
159,2.38505612484,0.69894749469,3.08400361953,0.293052849956,821.75,-796.25,401.183795161,1158.25
160,2.05854654436,1.01427773714,3.0728242815,0.49271547438,888.390625,-729.609375,348.786136891,1091.609375
161,1.61265671791,0.71040990195,2.32306661986,0.44052146626,643.921875,-709.078125,331.814674587,1071.078125
162,2.21483263028,0.978062887581,3.19289551786,0.44159674831,660.5625,-761.4375,373.516853494,1123.4375
163,1.67538628867,1.1916331025,2.86701939117,0.711258717208,642.328125,-730.671875,256.583444924,1141.671875
164,1.35530753414,0.322882318795,1.67818985293,0.238235463658,412.375,-685.625,287.017829368,1096.625
165,1.37032927932,1.26639395213,2.63672323145,0.924153027482,1096.53125,-629.46875,269.023928347,1079.46875
166,0.951037087774,1.35092064181,2.30195772959,1.4204710407,1130.828125,-281.171875,161.801629578,1045.171875
167,0.798689705656,0.44518602878,1.24387573444,0.55739547615,335.8125,-292.1875,119.463497955,1046.1875
168,0.756611801014,1.24693682934,2.00354863035,1.64805363552,796.78125,-311.21875,145.323396769,1065.21875
169,0.785318242994,1.07557860902,1.86089685201,1.36960858685,814.9375,-381.0625,134.878055457,1047.0625
170,0.814365434553,0.830900570181,1.64526600473,1.02030431908,495.203125,-396.796875,129.567571619,1062.796875
171,1.36373169567,0.652700271823,2.01643196749,0.478613406066,495.15625,-435.84375,210.582986815,1082.84375
172,1.26175858208,0.601975243835,1.86373382591,0.477092252341,511.171875,-419.828125,191.720300396,1066.828125
173,1.58756124946,0.388077502087,1.97563875154,0.244448837624,643.875,-631.125,302.94241924,1052.125
174,2.15416688586,0.713742329352,2.86790921521,0.331331028267,856.421875,-712.578125,367.180762904,1133.578125
175,1.57027372302,0.752946912451,2.32322063547,0.47950042175,765.859375,-313.140625,287.425091719,1224.140625
176,2.4178312262,0.654740403974,3.07257163017,0.270796570447,915.953125,-800.046875,403.731904768,1123.046875
177,2.13880314597,0.989536745718,3.12833989169,0.462659103333,1015.203125,-739.796875,358.6722555,1062.796875
178,2.44013312508,1.31889099832,3.7590241234,0.540499608305,913.875,-929.125,420.906072509,1164.125
179,2.86898564327,1.16730244145,4.03628808472,0.406869390995,1003.046875,-917.953125,425.076001649,1152.953125
180,2.31304164505,1.14915729991,3.46219894496,0.496816519655,1068.109375,-715.890625,369.148941705,1087.890625
181,2.56969060627,0.984303780966,3.55399438724,0.383043693495,739.6875,-819.3125,417.302268858,1191.3125
182,1.72869428023,1.06713258008,2.79582686031,0.617305553838,677.640625,-440.359375,314.617891616,1253.359375
183,2.72846705651,1.2327315873,3.96119864381,0.451803727795,1026.546875,-777.453125,395.31004168,1159.453125
184,2.38702239579,1.5834579257,3.97048032148,0.663361151741,1077.234375,-726.765625,349.403587479,1108.765625
185,2.32260495953,0.507462609611,2.83006756914,0.218488558517,847.828125,-799.171875,391.891070432,1142.171875
186,2.73577354579,1.3896195113,4.12539305709,0.507943909844,1166.1875,-803.8125,411.042800197,1146.8125
187,2.46695127993,1.31668022639,3.78363150632,0.533727697462,1227.375,-782.625,405.133022136,1085.625
188,2.81744505127,1.15664167121,3.97408672248,0.410528564058,1002.515625,-870.484375,459.781469566,1173.484375
189,1.73903830242,1.249888135,2.98892643742,0.718723752816,964.0,-330.0,317.7093306,1212.0
190,2.6518567049,1.02598738946,3.67784409436,0.386893977929,988.265625,-776.734375,389.846293516,1148.734375
191,2.53163167934,1.10919231198,3.64082399132,0.438133367121,1029.1875,-735.8125,358.888730798,1107.8125
192,2.10455868967,0.615241732801,2.71980042247,0.292337645808,782.359375,-757.640625,352.652288344,1109.640625
193,2.52315156059,1.08546109901,3.6086126596,0.430200514298,919.421875,-777.578125,379.235324563,1129.578125
194,1.85646349171,1.14096479668,2.99742828839,0.614590484419,958.921875,-649.078125,318.099399986,1090.078125
195,2.12643257013,1.36389844792,3.49033101805,0.641402162041,1017.390625,-688.609375,373.270537663,1129.609375
196,1.66593631277,1.69226634757,3.35820266034,1.0158049468,1020.90625,-558.09375,276.467149877,1126.09375
197,1.73373870917,0.501328263805,2.23506697297,0.289160218408,774.203125,-666.796875,308.889906545,1058.796875
198,1.8203876364,0.924601834606,2.74498947101,0.507914806779,730.078125,-710.921875,328.707140965,1102.921875
199,1.64576949237,0.930235657437,2.5760051498,0.565228400303,511.453125,-615.546875,237.548016836,1154.546875
200,1.49958496607,0.340850800729,1.8404357668,0.22729675773,459.234375,-540.765625,253.520077003,1079.765625
201,1.00862111369,0.334364045587,1.34298515928,0.331506093863,319.109375,-464.890625,183.039452474,1032.890625
202,0.541112328053,0.320378265497,0.86149059355,0.592073491746,221.25,-171.75,87.1259863646,1023.75
203,0.358920077658,0.153615079763,0.512535157421,0.427992439892,150.03125,-143.96875,48.9042331853,1015.96875
204,0.206116722179,0.13005350585,0.336170228029,0.630970182695,71.1875,-95.8125,38.4617809488,1026.8125
205,0.578295573049,0.48698947052,1.06528504357,0.842111704145,383.46875,-106.53125,84.5809465745,1037.53125
206,0.531210878966,0.483550497918,1.01476137688,0.910279734594,385.015625,-104.984375,76.9489465871,1035.984375
207,1.26856692041,0.373106532718,1.64167345313,0.294116555237,511.609375,-556.390625,255.372253851,1046.390625
208,1.78514480514,0.905699870501,2.69084467564,0.507353727212,627.765625,-636.234375,316.926240541,1126.234375
209,1.22951535915,0.909813784381,2.13932914353,0.739977567264,545.8125,-326.1875,265.390212411,1208.1875
210,2.36662206824,1.1148409104,3.48146297864,0.471068416611,959.84375,-648.15625,358.715208189,1157.15625
211,2.36910676078,1.27405464126,3.64316140203,0.537778483583,1005.3125,-602.6875,336.244743221,1111.6875
212,2.27861964711,0.822222725842,3.10084237295,0.360842463061,783.65625,-785.34375,393.834325048,1108.34375
213,2.29645191735,1.06863855346,3.36509047081,0.465343317398,975.28125,-818.71875,432.040090325,1141.71875
214,2.62664861315,0.865761088065,3.49240970122,0.329606740593,974.25,-809.75,389.914934633,1142.75
215,2.55758255958,0.691758689798,3.24934124938,0.270473649895,869.921875,-836.078125,385.804447903,1169.078125
216,2.74548174096,0.731968401725,3.47745014269,0.266608366322,867.765625,-877.234375,409.884158261,1171.234375
217,2.79997568889,1.05402138573,3.85399707462,0.376439477641,904.828125,-840.171875,409.582430451,1134.171875
218,1.94623987417,1.34816082001,3.29440069418,0.692700235928,835.65625,-458.34375,306.928137902,1183.34375
219,2.37938794224,0.485421584678,2.86480952691,0.204011113977,914.171875,-801.828125,394.06568911,1134.828125
220,2.48269623561,1.21143812472,3.69413436033,0.487952616732,1039.234375,-764.765625,380.307389743,1097.765625
221,2.35943204516,1.08570426137,3.44513630653,0.460154918891,1030.125,-763.875,379.501296935,1106.875
222,2.69459153678,1.46889758541,4.16348912219,0.545128107679,922.34375,-832.65625,425.861157639,1175.65625
223,2.76921165006,1.50190203796,4.27111368802,0.542357258219,948.359375,-748.640625,405.626612754,1149.640625
224,2.01559197876,1.1872931589,3.20288513766,0.589054318239,816.65625,-674.34375,365.400859449,1075.34375
225,2.38720860266,1.14141981649,3.52862841915,0.478139956106,805.890625,-772.109375,362.059176672,1095.109375
226,2.43251245017,0.808590420138,3.24110287031,0.332409571051,766.390625,-870.609375,406.985396589,1193.609375
227,1.74085493386,1.20411599632,2.94497093018,0.691680836177,764.515625,-558.484375,296.047504222,1195.484375
228,2.50130030067,0.725093021488,3.22639332216,0.289886432787,998.3125,-786.6875,413.169073859,1138.6875
229,2.63913632914,1.03611673912,3.67525306825,0.392596899098,1005.84375,-779.15625,415.887725938,1131.15625
230,2.33649862989,0.946154088597,3.28265271849,0.404945278586,821.8125,-767.1875,360.976231688,1119.1875
231,2.4241835218,0.845841937615,3.27002545942,0.348918277023,807.09375,-781.90625,366.093597951,1133.90625
232,1.88195138456,0.757392282178,2.63934366673,0.402450503447,711.671875,-661.328125,277.44115675,1072.328125
233,1.98898517401,0.746292302708,2.73527747672,0.375212602114,583.859375,-720.140625,316.952819201,1131.140625
234,1.30162219495,0.719735642255,2.02135783721,0.552952803851,585.421875,-247.578125,205.29946151,1129.578125
235,1.12433321882,0.223395968023,1.34772918685,0.198691957405,511.875,-517.125,246.655725405,1017.125
236,1.360777227,0.344724891756,1.70550211876,0.253329409778,467.578125,-561.421875,266.379358522,1061.421875
237,0.967651138373,0.461052385175,1.42870352355,0.476465501761,299.6875,-288.3125,146.924074248,1072.3125
238,0.771359337793,0.394686844408,1.1660461822,0.511677016237,344.265625,-243.734375,111.484477926,1027.734375
239,0.316552274945,0.114200483879,0.430752758825,0.360763428091,130.890625,-114.109375,52.2590055599,1035.109375
240,0.865930472614,0.680176761022,1.54610723364,0.785486574885,528.765625,-196.234375,122.940374545,1039.234375
241,1.28948907722,0.703709600102,1.99319867732,0.545727461003,505.65625,-268.34375,206.471564231,1111.34375
242,1.93587691168,0.886597299819,2.8224742115,0.45798226864,700.453125,-720.546875,314.699456311,1112.546875
243,1.49795337846,0.886783249,2.38473662746,0.591996561274,773.796875,-647.203125,265.403594767,1039.203125
244,1.55710612087,0.333816877791,1.89092299866,0.214382869168,660.203125,-682.796875,301.371924481,1064.796875
245,2.20191277761,0.823944332921,3.02585711054,0.374194809757,734.8125,-765.1875,356.456162934,1147.1875
246,2.79235192215,1.17165819657,3.96401011873,0.419595462619,931.234375,-921.765625,412.887535466,1185.765625
247,2.86387683908,1.10845353485,3.97233037393,0.387046509726,940.296875,-922.703125,464.434793583,1186.703125
248,2.20963910244,1.47111495166,3.6807540541,0.665771595929,933.8125,-723.1875,345.221798043,1193.1875
249,2.38817324603,0.639369201154,3.02754244718,0.267723123612,904.125,-762.875,407.016680401,1114.875
250,2.58914617406,1.40810836409,3.99725453815,0.543850470165,1138.890625,-714.109375,389.43172208,1066.109375
251,2.19574894142,1.37060739467,3.56635633609,0.624209520866,1111.15625,-711.84375,362.468068367,1093.84375
252,2.70685262078,1.17939214012,3.8862447609,0.435706078369,942.09375,-773.90625,394.405078835,1155.90625
253,2.77208272815,1.26657771908,4.03866044723,0.456904733114,942.0625,-773.9375,386.974235052,1155.9375
254,2.42478241669,1.01267710545,3.43745952214,0.417636278818,779.0625,-788.9375,415.404316412,1170.9375
255,1.68227030525,1.13079990762,2.81307021287,0.672186808558,808.34375,-622.65625,286.752246,1141.65625
256,1.97714669937,0.936779247777,2.91392594715,0.473803612082,817.953125,-711.046875,333.056603189,1103.046875
257,2.22273639623,0.896732298459,3.11946869469,0.403436187926,781.984375,-747.015625,360.800000528,1139.015625
258,2.32024946315,1.1267352028,3.44698466595,0.485609509104,833.5625,-705.4375,354.304198174,1087.4375
259,2.75761184257,1.03414556151,3.79175740408,0.375014911651,843.796875,-764.203125,401.281976128,1146.203125
260,2.82287606357,1.06776429751,3.89064036109,0.378254047811,854.75,-890.25,388.479367213,1164.25
261,2.58240512672,0.860543360352,3.44294848707,0.333233291495,897.453125,-857.546875,409.402992542,1131.546875
262,2.23602499422,1.21307466311,3.44909965733,0.542513910283,857.78125,-760.21875,330.171142589,1171.21875
263,2.08488887712,0.481413213204,2.56630209032,0.230905933878,781.421875,-747.578125,388.937366611,1119.578125
264,1.81682061247,0.983334890621,2.80015550309,0.541239395828,828.9375,-700.0625,348.916845171,1072.0625
265,1.70497125405,0.78559523486,2.49056648891,0.460767436984,767.0625,-723.9375,326.544353563,1075.9375
266,2.16384032414,0.835661078826,2.99950140297,0.386193504901,707.421875,-783.578125,370.139408057,1135.578125
267,1.33311756713,0.944374052512,2.27749161965,0.708395175186,673.890625,-395.109375,243.413364798,1169.109375
268,1.59936351666,0.384042402467,1.98340591913,0.240122022584,530.984375,-675.015625,299.735898969,1096.015625
269,1.94800808154,0.854943294098,2.80295137564,0.43888077375,900.71875,-668.28125,318.960737628,1089.28125
270,1.35563562843,0.797592152569,2.153227781,0.588352899438,901.3125,-216.6875,195.576541522,1088.6875
271,0.707006696854,0.372135210837,1.07914190769,0.526353162556,320.015625,-306.984375,117.017425544,1041.984375
272,0.696185250207,0.379452800948,1.07563805116,0.545045734358,328.703125,-298.296875,111.639301952,1033.296875
273,1.31667031937,1.26074493549,2.57741525486,0.95752514273,884.390625,-468.609375,187.908938816,1046.609375
274,1.36088882008,1.24098981758,2.60187863766,0.911896548251,893.765625,-459.234375,189.742155815,1037.234375
275,0.890549213847,1.04488669528,1.93543590913,1.17330595439,703.4375,-316.5625,136.829373103,1031.5625
276,1.22807317671,1.0458961818,2.2739693585,0.85165623811,646.203125,-373.796875,191.946377578,1088.796875
277,1.66505697499,0.679682300031,2.34473927502,0.408203629209,621.484375,-584.515625,272.592357754,1103.515625
278,1.47870995876,0.738513852865,2.21722381162,0.49943117546,668.578125,-537.421875,237.136682941,1056.421875
279,2.07821078826,0.615770780719,2.69398156898,0.296298519956,690.515625,-760.484375,342.581422447,1112.484375
280,2.34191889429,0.907389698261,3.24930859255,0.387455646082,676.96875,-794.03125,359.542633457,1146.03125
281,1.9589179597,1.0905348347,3.04945279441,0.556702657863,737.03125,-782.96875,338.429136266,1085.96875
282,2.44377637352,0.97380278492,3.41757915844,0.398482772594,690.6875,-829.3125,381.077906856,1132.3125
283,2.04970214511,0.977484686023,3.02718683113,0.476891087984,817.3125,-486.6875,314.037511444,1201.6875
284,2.4245333186,0.817007362878,3.24154068148,0.336975102223,880.890625,-972.109375,407.274251779,1138.109375
285,1.60017766136,0.726155205716,2.32633286708,0.453796614745,899.28125,-904.71875,334.846768535,1070.71875
286,2.01029988417,0.549672711827,2.55997259599,0.273428216435,880.65625,-726.34375,362.538541863,1069.34375
287,2.81207502675,0.866004342438,3.67807936919,0.307959188215,818.453125,-847.546875,448.034001559,1190.546875
288,2.00658965246,0.989788904162,2.99637855663,0.49326921573,758.84375,-721.15625,338.86050867,1250.15625
289,2.6467652936,0.872285298934,3.51905059254,0.329566547152,912.96875,-773.03125,385.948870025,1145.03125
290,2.8056948362,0.884182847674,3.68987768387,0.315138637412,895.671875,-790.328125,384.574848643,1162.328125
291,2.70284827582,1.25625151033,3.95909978614,0.464788024385,982.640625,-841.359375,408.055310558,1154.359375
292,2.16860866581,1.2721306559,3.44073932171,0.586611441685,1069.59375,-754.40625,341.65711607,1067.40625
293,2.03010764374,0.611367708043,2.64147535179,0.301150389699,863.5625,-744.4375,345.961878093,1077.4375
294,2.75317825775,1.1871420266,3.94032028435,0.431189670795,963.53125,-830.46875,424.77008372,1163.46875
295,2.81834292363,1.54662320692,4.36496613056,0.548770411844,942.90625,-802.09375,385.320715393,1184.09375
296,2.74122596753,1.00981796315,3.75104393068,0.368381875521,842.296875,-804.703125,434.838428316,1186.703125
297,2.17182342101,1.14612342693,3.31794684793,0.52772403863,888.4375,-670.5625,333.735199812,1140.5625
298,1.91717458549,0.917538905018,2.83471349051,0.478589123788,739.296875,-711.703125,347.984360267,1083.703125
299,2.60042041472,1.30293429379,3.90335470851,0.501047556163,955.703125,-779.296875,420.781366912,1151.296875
300,2.53950820068,1.55255641849,4.09206461917,0.611361057262,997.15625,-678.84375,369.753981501,1109.84375
301,1.96757159787,0.902953754024,2.8705253519,0.458917863522,636.890625,-706.109375,342.104795585,1137.109375
302,1.2210873696,0.992270889554,2.21335825915,0.8126125241,586.03125,-305.96875,226.205172959,1187.96875
303,1.54703846989,0.474148654763,2.02118712466,0.30648795359,468.625,-629.375,290.438757529,1109.375
304,1.92275321723,0.852906480021,2.77565969726,0.443586037135,615.890625,-619.109375,317.629113373,1099.109375
305,1.26367731466,0.906388140458,2.17006545511,0.717262334256,643.28125,-336.71875,186.068827046,1071.71875
306,0.843331527269,0.377547497626,1.2208790249,0.447685738547,320.46875,-365.53125,118.415577622,1041.53125
307,0.761698072488,0.410554006281,1.17225207877,0.538998352642,318.59375,-367.40625,112.638625528,1043.40625
308,1.20857983531,0.592996015932,1.80157585124,0.490655229059,865.46875,-399.53125,167.315660574,1055.53125
309,1.19159702176,0.583290889518,1.77488791128,0.489503480511,862.578125,-402.421875,165.514520198,1058.421875
310,0.488884571155,0.61370503711,1.10258960826,1.25531684434,392.015625,-146.984375,84.8446175715,1038.984375
311,0.437045732862,0.588105764972,1.02515149783,1.34563895893,402.765625,-136.234375,83.1212860425,1028.234375
312,1.18741812868,0.295410673053,1.48282880173,0.248784034806,555.390625,-562.609375,246.868931393,1042.609375
313,2.08857029349,1.00253789668,3.09110819016,0.480011565713,881.125,-647.875,319.749486903,1127.875
314,1.449431954,1.06405429343,2.51348624743,0.73411814228,805.828125,-360.171875,273.918130714,1203.171875
315,2.3465960035,0.732642007217,3.07923801072,0.312214802259,722.828125,-718.171875,363.911371194,1139.171875
316,1.82125305127,0.920482211202,2.74173526247,0.505411486098,804.90625,-636.09375,303.108052039,1057.09375
317,1.87464293118,0.744717732345,2.61936066352,0.397258443173,943.40625,-782.59375,362.665165767,1085.59375
318,2.35996633926,0.94153873723,3.30150507649,0.398962782463,954.71875,-879.28125,428.968693087,1182.28125
319,2.49784368635,1.26720289171,3.76504657805,0.507318732007,947.03125,-846.96875,371.774922195,1189.96875
320,2.57280977592,1.11377441305,3.68658418897,0.432901967131,750.0,-828.0,401.035963163,1171.0
321,2.37151008179,1.35665914636,3.72816922816,0.572065519257,729.65625,-721.34375,341.500193025,1191.34375
322,2.23342054729,0.54324200922,2.77666255651,0.24323319219,817.234375,-750.765625,386.125090733,1132.765625
323,2.01158949084,1.14131685822,3.15290634906,0.567370660574,908.421875,-709.578125,354.640874895,1091.578125
324,1.99882372689,1.06800238587,3.06682611276,0.534315443378,884.171875,-792.828125,363.266368983,1115.828125
325,2.66571199547,0.921273712545,3.58698570802,0.345601368081,772.359375,-845.640625,411.163682704,1168.640625
326,2.62497426434,1.25419862749,3.87917289183,0.477794637655,788.625,-780.375,365.464622946,1152.375
327,2.59868860393,1.31103882883,3.90972743275,0.504500164755,1032.03125,-791.96875,385.395007134,1163.96875
328,1.75598528475,1.55734898403,3.31333426878,0.88688042978,1043.9375,-554.0625,282.714679215,1152.0625
329,2.10261208258,0.597153806407,2.69976588899,0.284005695275,808.40625,-711.59375,372.179380422,1112.59375
330,2.71249605741,1.20527413925,3.91777019665,0.444341342343,908.5625,-758.4375,418.017750632,1159.4375
331,2.68210042501,1.25571772393,3.93781814894,0.468184454327,947.421875,-787.578125,368.667991079,1120.578125
332,2.51352732918,0.892891482492,3.40641881168,0.355234443694,814.796875,-822.203125,379.065263992,1155.203125
333,2.54392197282,1.02882506597,3.57274703879,0.404424772838,798.90625,-838.09375,364.405754223,1171.09375
334,2.46123386233,0.846753075339,3.30798693767,0.344036009052,788.171875,-799.828125,374.481748332,1132.828125
335,1.87980962722,0.889382773475,2.76919240069,0.473123852862,775.90625,-606.09375,272.687534022,1145.09375
336,1.93958154536,1.10231695315,3.04189849851,0.56832720222,828.15625,-837.84375,322.195700368,1033.84375
337,1.77772577766,1.08801188913,2.86573766679,0.612024589393,880.5625,-785.4375,283.885533435,981.4375
338,0.0416437514822,0.0935253703077,0.13516912179,2.2458440217,18.390625,-30.609375,10.966735481,1020.609375
339,0.0268880164264,0.0869137381884,0.113801754615,3.23243398881,18.25,-20.75,9.86312577229,1020.75
340,0.0331978180519,0.103656185447,0.136854003498,3.12237946737,16.375,-22.625,10.1404203562,1022.625
341,0.0372512084852,0.101540796764,0.138792005249,2.72583899671,19.28125,-29.71875,11.1193366905,1019.71875
342,0.038443098111,0.097159828108,0.135602926219,2.52736727481,19.59375,-29.40625,11.1351340781,1019.40625
343,0.0449425379605,0.0957497855753,0.140692323536,2.13049351284,18.21875,-30.78125,10.8404173553,1020.78125
344,0.0453163288332,0.0809711054661,0.126287434299,1.78679755291,17.9375,-31.0625,9.29528610372,1021.0625
345,0.0388152268203,0.062472336535,0.101287563355,1.60948013583,17.34375,-12.65625,7.55028714272,1021.65625
346,0.0441299862778,0.0771470658622,0.12127705214,1.74817788015,26.390625,-22.609375,9.20872070971,1022.609375
347,0.0368941406697,0.0843364783284,0.121230618998,2.28590439559,27.0,-22.0,9.55739242681,1022.0
348,0.0426239074713,0.0729766033438,0.115600510815,1.71210495877,18.40625,-20.59375,8.62358457589,1020.59375
349,0.0428502709843,0.0822289376202,0.125079208605,1.91898290796,17.78125,-21.21875,9.01988904796,1021.21875
350,0.0387365709831,0.0790711966305,0.117807767614,2.04125441731,17.171875,-21.828125,8.70444334719,1021.828125
351,0.041646358772,0.0650301579106,0.106676516683,1.56148484112,16.5625,-13.4375,7.94881083874,1022.4375
352,0.0400535626467,0.0746854701213,0.114739032768,1.86463987686,25.3125,-14.6875,8.83330876569,1023.6875
353,0.0421257906983,0.0957824375331,0.137908228231,2.27372438464,24.046875,-24.953125,10.2262372227,1024.953125
354,0.0436991396737,0.0724854480713,0.116184587745,1.65873856128,14.515625,-24.484375,9.63066746697,1024.484375
355,0.0482204026622,0.0769408018475,0.12516120451,1.59560678882,32.453125,-16.546875,9.66457721447,1025.546875
356,0.0516506460458,0.0823363269254,0.133986972971,1.59410062078,31.984375,-17.015625,10.3614251365,1026.015625
357,0.0412817036301,0.0971397474889,0.138421451119,2.35309444492,23.421875,-25.578125,10.4519805054,1025.578125
358,0.0460280939309,0.095257072415,0.141285166346,2.06954197491,23.875,-25.125,10.6220584163,1025.125
359,0.0532895099117,0.0710643802677,0.124353890179,1.33355289597,23.578125,-25.421875,9.85964738134,1025.421875
360,0.0485256523668,0.0769110449512,0.125436697318,1.58495643438,22.953125,-26.046875,9.25579157795,1026.046875
361,0.0357935977083,0.0902754152487,0.126069012957,2.52211068539,15.4375,-23.5625,9.59308833223,1023.5625
362,0.0473636342502,0.0852153258675,0.132578960118,1.79917202758,25.140625,-23.859375,9.96065256945,1023.859375
363,0.171416404039,0.10686025145,0.27827665549,0.623395713199,92.640625,-93.359375,25.2310369309,1034.359375
364,0.563596363271,1.29456936453,1.8581657278,2.29697962743,832.859375,-324.140625,126.382092678,1029.140625
365,0.718829734372,1.33823349042,2.0570632248,1.86168354818,831.1875,-325.8125,145.305161105,1030.8125
366,1.56508366636,0.82641084738,2.39149451374,0.528029820479,564.078125,-592.921875,245.679561668,1072.921875
367,1.59946738079,0.823028635816,2.42249601661,0.514564189118,540.53125,-616.46875,257.239307889,1096.46875
368,2.18546460883,0.599180405024,2.78464501386,0.27416614417,872.53125,-696.46875,348.014725297,1117.46875
369,2.44114415348,1.13042706213,3.57157121561,0.46307263769,860.296875,-708.703125,363.045782223,1129.703125
370,2.05282816243,0.876767992823,2.92959615525,0.4271024769,756.296875,-704.703125,298.798514873,1115.703125
371,2.54023668217,1.05672676227,3.59696344444,0.415995395111,823.671875,-745.328125,380.054644701,1156.328125
372,2.00655101127,1.23601657756,3.24256758883,0.615990608073,837.515625,-554.484375,303.293483702,1142.484375
373,1.72322250905,0.654890167194,2.37811267624,0.380038076195,590.703125,-762.296875,327.106093248,1095.296875
374,1.89853775935,0.871303470383,2.76984122973,0.458933969626,575.71875,-777.28125,333.828102694,1110.28125
375,1.67759448542,1.19503350185,2.87262798728,0.712349445733,575.109375,-679.890625,248.62126802,1110.890625
376,1.71333041521,0.9938884847,2.70721889991,0.580091543275,667.296875,-655.703125,308.877892524,1086.703125
377,1.71681078614,1.2420588004,2.95886958654,0.723468660859,674.5,-609.5,250.678828384,1079.5
378,1.43853782019,0.270057579445,1.70859539963,0.187730607882,540.4375,-557.5625,272.23369298,1086.5625
379,1.65587311753,0.839525178489,2.49539829602,0.506998494993,553.78125,-544.21875,264.257950965,1073.21875
380,1.31787856431,0.680831304037,1.99870986834,0.516611562307,459.4375,-510.5625,233.033452199,1059.5625
381,1.68656489908,0.69340452507,2.37996942415,0.41113420862,610.828125,-545.171875,259.523274166,1094.171875
382,1.29616862774,0.800617609262,2.096786237,0.617680132145,555.359375,-414.640625,212.292278415,1149.640625
383,1.48618372816,0.330792988828,1.81697671699,0.222578798677,556.8125,-649.1875,273.39719703,1070.1875
384,1.57593364939,0.997070614779,2.57300426417,0.632685656,852.609375,-608.390625,247.671381143,1029.390625
385,1.67943487911,0.810083369909,2.48951824902,0.48235473729,808.671875,-711.328125,284.708845505,1073.328125
386,1.52909335435,0.316173057075,1.84526641142,0.206771585382,539.109375,-725.890625,278.908257608,1087.890625
387,1.61344301155,0.765805787821,2.37924879937,0.47464074178,731.515625,-601.484375,243.954080732,1130.484375
388,2.10334032232,1.04414541963,3.14748574195,0.496422480259,753.5625,-707.4375,333.002011771,1108.4375
389,1.90950615592,1.39549850282,3.30500465874,0.730816446172,755.171875,-676.828125,281.145733711,1077.828125
390,1.89975436789,0.48432877825,2.38408314614,0.254942842315,747.953125,-713.046875,316.020145209,1085.046875
391,1.95057195017,1.06423393341,3.01480588358,0.545600962486,719.828125,-711.171875,309.168570256,1083.171875
392,1.63722194803,0.832809362672,2.4700313107,0.50867224427,765.140625,-645.859375,286.055275864,1037.859375
393,1.83700224973,0.688487263729,2.52548951346,0.374788470634,664.046875,-697.953125,317.104844141,1089.953125
394,0.98458180767,0.843507834555,1.82808964223,0.856716859874,625.640625,-246.359375,179.752465837,1128.359375
395,1.53236121873,0.445148366453,1.97750958518,0.290498324424,517.09375,-580.90625,276.698319404,1080.90625
396,1.63345747322,0.80310204722,2.43655952044,0.491657762987,527.796875,-570.203125,280.449036128,1070.203125
397,1.50234816128,0.713144353622,2.21549251491,0.474686475479,553.046875,-525.953125,246.27572389,1034.953125
398,1.61626173886,0.595614045098,2.21187578396,0.368513360662,486.234375,-582.765625,270.562997643,1091.765625
399,0.980722638343,0.62792494363,1.60864758197,0.640267613982,381.109375,-305.890625,177.641503208,1157.890625
400,1.40378949543,0.470895581784,1.87468507721,0.335446007623,408.0,-632.0,239.171878573,1092.0
401,1.15897797271,0.529809486654,1.68878745937,0.457135078602,416.21875,-583.78125,199.792819937,1043.78125
402,1.12605503203,0.333218232172,1.4592732642,0.295916471837,401.34375,-548.65625,212.213278534,1048.65625
403,1.25172492117,0.697229352167,1.94895427334,0.557014836385,409.890625,-570.109375,229.921529901,1070.109375
404,2.17472021756,0.72954819726,2.90426841482,0.33546761159,461.15625,-1096.84375,302.49753195,1047.84375
405,2.56939772564,3.27443712719,5.84383485283,1.27439870228,972.875,-1928.125,452.902911091,1105.125
406,2.08432748974,3.29466745161,5.37899494135,1.58068608116,983.171875,-1917.828125,387.536472263,1094.828125
407,0.956960319012,1.03624446979,1.9932047888,1.08284998782,537.65625,-394.34375,162.469825925,1011.34375
408,1.01589579556,0.371069670225,1.38696546578,0.365263516049,407.375,-474.625,206.957460907,1013.625
409,1.01885519321,0.559382479928,1.57823767313,0.549030405556,398.796875,-483.203125,215.575478349,1022.203125
410,0.477195591401,0.730429194185,1.20762478559,1.53067045745,271.296875,-277.703125,97.9024833201,1061.703125
411,1.433110125,1.54668767681,2.9797978018,1.07925249416,948.453125,-590.546875,241.11200261,1031.546875
412,1.41017613389,1.57024868817,2.98042482205,1.11351245453,963.234375,-575.765625,233.263714909,1016.765625
413,0.313563357367,0.319322923277,0.632886280644,1.01836810895,119.78125,-155.21875,50.2579187635,1027.21875
414,0.29975591203,0.221024009549,0.520779921579,0.737346623297,105.78125,-159.21875,41.7894531962,1031.21875
415,0.272500548237,0.317975596862,0.5904761451,1.16688057664,67.109375,-217.890625,45.1186343112,1030.890625
416,0.306771230177,0.363787537766,0.670558767943,1.18585937005,73.84375,-211.15625,51.3816050347,1024.15625
417,0.409741012373,0.388239867423,0.797980879796,0.947525035814,209.046875,-202.953125,62.4012794559,1025.953125
418,0.363636503056,0.358475164378,0.722111667434,0.985806324076,201.265625,-210.734375,54.5456351907,1033.734375
419,0.57566360743,0.787029099245,1.36269270668,1.36716841066,646.140625,-128.859375,94.1965808807,1029.859375
420,0.575433867796,0.78263429292,1.35806816072,1.36007686846,653.8125,-121.1875,95.1229262258,1022.1875
421,0.423355391217,0.746215065272,1.16957045649,1.76262091083,333.8125,-283.1875,81.7507406312,1028.1875
422,0.87436720032,1.01047275235,1.88483995267,1.15566177686,477.703125,-296.296875,138.877495442,1041.296875
423,0.778113199864,0.806215806462,1.58432900633,1.03611634734,477.171875,-267.828125,115.467197004,1041.828125
424,0.173700526439,0.190084923258,0.363785449697,1.09432554498,112.625,-84.375,30.5877324266,1034.375
425,0.540629888402,0.716663115222,1.25729300362,1.32560764878,503.109375,-212.890625,89.8312858202,1025.890625
426,0.549016094953,0.735743107079,1.28475920203,1.34011209114,519.4375,-196.5625,101.534457667,1009.5625
427,0.725941526243,0.802827798367,1.52876932461,1.10591248654,656.53125,-196.46875,113.327369922,1029.46875
428,1.07642945448,0.771543897692,1.84797335218,0.716762157036,644.1875,-336.8125,152.544038211,1041.8125
429,1.26800578448,1.70691620631,2.97492199079,1.34614228673,1252.15625,-718.84375,228.917713024,1041.84375
430,1.04870465962,1.74796335825,2.79666801787,1.66678324751,1216.21875,-754.78125,217.845735897,1077.78125
431,1.0942936718,0.227890180836,1.32218385264,0.208253220053,409.515625,-541.484375,222.441705298,1050.484375
432,1.16326492867,0.45415520764,1.61742013631,0.390414252547,430.421875,-520.578125,205.207121335,1029.578125
433,0.680164211046,0.317802779706,0.997966990752,0.467244195658,305.25,-125.75,128.593958839,1095.75
434,1.07083101423,0.245053431943,1.31588444617,0.228844167462,378.390625,-553.609375,246.606633705,1062.609375
435,0.887356951538,0.372242972327,1.25959992386,0.419496316203,427.546875,-504.453125,212.99317255,1013.453125
436,1.11311763204,0.338489161886,1.45160679393,0.304091097062,409.328125,-590.671875,230.820821654,1031.671875
437,1.37028925487,0.563039444039,1.93332869891,0.410890942944,598.078125,-665.921875,287.935284867,1106.921875
438,1.15114356733,0.703781539268,1.85492510659,0.61137599101,570.765625,-301.234375,195.122777228,1134.234375
439,1.66163607563,0.41596506587,2.0776011415,0.250334638235,667.21875,-665.78125,293.393638562,1096.78125
440,1.75677925318,0.609126357959,2.36590561114,0.346729025207,676.75,-656.25,282.575930061,1087.25
441,1.27087518823,0.569749691061,1.84062487929,0.44831286057,451.53125,-597.46875,202.435789878,1087.46875
442,1.33971560634,0.87988037731,2.21959598365,0.656766535482,452.953125,-596.046875,267.243710736,1086.046875
443,1.23821819489,0.99832430582,2.23654250071,0.806258791817,460.90625,-500.09375,197.946624652,1068.09375
444,0.851849373632,0.186551006763,1.03840038039,0.218995297217,262.3125,-433.6875,177.806590411,1050.6875
445,1.1893663416,0.695652110926,1.88501845252,0.584893053213,483.15625,-428.84375,189.286837461,1045.84375
446,0.940687246917,0.731732848724,1.67242009564,0.777870488966,432.15625,-312.84375,151.86746059,1096.84375
447,1.36987908651,0.657757418509,2.02763650502,0.480157281752,503.015625,-516.984375,223.433819353,1084.984375
448,1.15572002,0.730857623192,1.88657764319,0.632382939245,548.984375,-471.015625,189.123677473,1039.015625
449,1.25745545511,0.481800069363,1.73925552448,0.383154780874,509.640625,-637.359375,256.399186279,1048.359375
450,1.58184454988,0.506276848889,2.08812139877,0.320054741742,455.53125,-691.46875,285.944704486,1102.46875
451,1.04274211531,0.643062324099,1.6858044394,0.616703127897,399.34375,-228.65625,186.209829456,1149.65625
452,1.71208393467,0.547984309608,2.26006824428,0.320068600908,525.015625,-719.984375,290.553969394,1101.984375
453,1.42953393891,0.601446527058,2.03098046597,0.420729099664,583.078125,-661.921875,251.595987193,1043.921875
454,1.23705157534,0.317032312432,1.55408388777,0.256280593915,492.09375,-586.90625,243.100398418,1036.90625
455,1.71642338375,0.635108902148,2.3515322859,0.370018789164,476.578125,-651.421875,284.084208724,1101.421875
456,1.40084965837,0.63098787191,2.03183753028,0.450432255981,431.453125,-401.546875,221.840731839,1175.546875
457,1.43414445728,0.374146819791,1.80829127707,0.26088503002,529.390625,-637.609375,321.035804915,1087.609375
458,1.33662614448,0.616237164174,1.95286330866,0.461039286653,582.671875,-584.328125,270.095530246,1034.328125
459,1.39501657563,0.532062302193,1.92707887783,0.381402136353,539.65625,-578.34375,256.774354903,1058.34375
460,1.56074759212,0.757438829713,2.31818642184,0.485305140649,490.1875,-627.8125,277.711173873,1107.8125
461,0.700865943323,0.759361031141,1.46022697446,1.08346116454,341.484375,-187.515625,150.212972995,1128.515625
462,0.898535214791,0.297904781718,1.19643999651,0.33154491534,303.765625,-490.234375,187.786676027,1048.234375
463,1.05650237788,0.679546167475,1.73604854535,0.643203632765,373.03125,-489.96875,190.70354683,1047.96875
464,1.1377108316,1.32412494515,2.46183577675,1.16385017034,383.5625,-577.4375,197.292365143,1057.4375
465,1.27372717915,1.04660919566,2.32033637481,0.821690243242,413.90625,-547.09375,193.000058189,1027.09375
466,0.848448829088,0.586355695139,1.43480452423,0.69109140709,229.609375,-515.390625,161.760202266,1005.390625
467,1.35112615189,2.21239120113,3.56351735302,1.63744236469,1132.25,-984.75,261.850685029,1023.75
468,1.13002804264,2.19753674115,3.32756478379,1.94467451978,1075.734375,-1041.265625,232.299526621,1080.265625
469,0.934239210587,1.06751283327,2.00175204386,1.14265470896,772.78125,-511.21875,220.042713804,1050.21875
470,1.02739525407,1.08644663079,2.11384188486,1.05747678557,806.96875,-477.03125,199.759462288,1016.03125
471,1.14101825051,0.415475645105,1.55649389562,0.364127081157,434.140625,-506.859375,213.600669123,1025.859375
472,1.17769029494,0.761368288874,1.93905858381,0.646492793687,599.203125,-528.796875,238.302209631,1047.796875
473,0.839636714224,0.922991405343,1.76262811957,1.09927470977,600.890625,-331.109375,135.144843269,1046.109375
474,0.496571558097,0.780017151348,1.27658870944,1.57080513096,263.671875,-305.328125,95.7016938669,1020.328125
475,0.3199837283,0.508443332885,0.828427061186,1.58896621271,258.34375,-143.65625,62.6249298278,1025.65625
476,0.386610247124,0.250999002944,0.637609250068,0.649230083297,98.375,-166.625,56.3203726461,1028.625
477,0.42007200606,0.275831453834,0.695903459894,0.656628982306,130.546875,-163.453125,58.5979227681,1025.453125
478,0.677118630236,0.717149721118,1.39426835135,1.05911975996,630.546875,-222.453125,102.365144472,1025.453125
479,0.648817211176,0.693537565115,1.34235477629,1.06892596739,626.21875,-226.78125,95.0444745813,1029.78125
480,0.561361124044,1.52738096248,2.08874208652,2.7208527578,996.328125,-297.671875,144.347135264,1022.671875
481,0.620019940371,1.54941903085,2.16943897122,2.49898258098,995.71875,-298.28125,149.097123206,1023.28125
482,0.282479158222,0.265807700303,0.548286858525,0.940981635514,100.609375,-203.390625,45.4871606842,1026.390625
483,0.833521507959,1.31638824352,2.14990975148,1.57930926911,970.84375,-411.15625,156.742146808,1038.15625
484,0.889742063272,1.36217619755,2.25191826082,1.5309787564,972.5,-409.5,167.177581481,1036.5
485,0.433775274385,0.518106916762,0.951882191147,1.19441320739,291.65625,-188.34375,74.1337934814,1021.34375
486,0.258731455778,0.428522743528,0.687254199307,1.65624524563,171.59375,-152.40625,49.9699030511,1024.40625
487,0.230519493864,0.216023348425,0.446542842289,0.937115316385,78.46875,-146.53125,34.3188034966,1028.53125
488,0.107431291533,0.139260689477,0.246691981009,1.29627678761,35.96875,-52.03125,19.0336615878,1032.03125
489,0.392412088774,0.375186355948,0.767598444722,0.956102950653,272.3125,-129.6875,56.4163858622,1030.6875
490,0.441867138601,0.373785599149,0.81565273775,0.845923053552,260.828125,-141.171875,64.6760085657,1042.171875
491,2.61123365645,5.97883796205,8.59007161851,2.28966027122,3038.671875,-2097.328125,619.173089054,1078.328125
492,2.48550848122,6.58528358537,9.07079206659,2.64947137985,3084.90625,-2051.09375,666.581665073,1032.09375
493,1.58833398316,2.39336794795,3.98170193111,1.50684174319,1205.046875,-1705.953125,300.499606369,990.953125
494,1.19485465332,1.75527186245,2.95012651577,1.46902542295,1179.8125,-438.1875,233.186411147,1016.1875
495,0.987779358672,0.468482258909,1.45626161758,0.474278243209,286.890625,-487.109375,181.504142273,1065.109375
496,0.486680344749,0.485214166694,0.971894511443,0.996987390039,285.953125,-184.046875,102.1737842,1066.046875
497,0.79231810331,0.150640676013,0.942958779323,0.190126510278,239.140625,-427.859375,169.547455303,995.859375
498,1.17045203676,0.641685795488,1.81213783225,0.548237582862,541.328125,-497.671875,238.654565657,1065.671875
499,0.890507550593,0.669400242844,1.55990779344,0.751706420005,475.796875,-308.203125,175.717384926,1131.203125
500,1.53251725056,0.744407590193,2.27692484076,0.485741736296,605.578125,-590.421875,257.252174717,1070.421875
501,1.37376786144,0.698157219602,2.07192508104,0.508206109052,644.0,-552.0,238.551291654,1032.0
502,0.967861634644,0.684376730573,1.65223836522,0.707101827448,342.875,-500.125,158.655926851,1049.125
503,1.0469506477,0.195955970476,1.24290661817,0.187168297673,326.65625,-516.34375,231.029571886,1065.34375
504,0.937708998601,0.510679109086,1.44838810769,0.544602973681,328.875,-485.125,186.571911404,1063.125
505,1.00499329625,0.558842139855,1.5638354361,0.556065539881,311.328125,-512.671875,151.475354296,1070.671875
506,1.43277861165,0.751357033371,2.18413564502,0.524405534295,606.765625,-579.234375,243.371677057,1079.234375
507,1.50311774873,1.03283928574,2.53595703447,0.687131321957,790.875,-561.125,235.071099617,1061.125
508,1.06626436488,1.26117199223,2.32743635711,1.18279484317,841.328125,-373.671875,186.002440734,1010.671875
509,1.59523459582,1.60975649737,3.2049910932,1.00910330154,1141.796875,-604.203125,252.331266622,1054.203125
510,1.02972303967,1.60820460125,2.63792764093,1.56178364404,1104.859375,-641.140625,202.928394636,1091.140625
511,0.774049049246,0.788807455668,1.56285650491,1.01906650029,594.046875,-317.953125,139.208076015,1022.953125
512,0.785212871981,0.83763231739,1.62284518937,1.06675826044,610.6875,-301.3125,138.992229437,1006.3125
513,0.637225478256,0.394986769043,1.0322122473,0.619854011681,295.40625,-312.59375,93.2308490304,1037.59375
514,1.37759701021,3.32648649919,4.70408350939,2.41470217672,1945.140625,-917.859375,333.447609602,1054.859375
515,1.66798128618,4.02328550645,5.69126679262,2.4120687323,1973.671875,-889.328125,423.529959636,1026.328125
516,1.56568049029,2.53574810207,4.10142859235,1.61958210362,1705.4375,-764.5625,322.775167251,1009.5625
517,1.27812089703,0.741338128478,2.01945902551,0.580021913577,368.953125,-533.046875,227.537320406,1101.046875
518,1.00531116487,0.755560576674,1.76087174154,0.751568870492,295.46875,-430.53125,174.603387062,1135.53125
519,1.54467652711,0.772532095819,2.31720862293,0.500125484047,600.03125,-575.96875,249.117816552,1075.96875
520,1.4209642857,0.827206308347,2.24817059405,0.58214433443,631.234375,-544.765625,221.857833293,1044.765625
521,1.23220018616,0.351141119004,1.58334130516,0.284970837489,441.765625,-480.234375,217.972743579,1048.234375
522,1.31308786219,0.335816387765,1.64890424995,0.255745557807,413.296875,-508.703125,227.366284858,1076.703125
523,0.862397681791,0.57642500407,1.43882268586,0.668398137242,349.6875,-307.3125,132.60513223,1091.3125
524,1.44312103568,1.01976502944,2.46288606513,0.706638600801,412.734375,-646.265625,253.138008443,1028.265625
525,1.61782297465,1.07235935515,2.6901823298,0.662840973304,417.03125,-641.96875,248.047246555,1023.96875
526,1.28349551548,0.623442478392,1.90693799387,0.485737948339,432.0,-509.0,210.534438988,989.0
527,1.12034852305,0.827909208702,1.94825773175,0.738974695524,477.421875,-473.578125,203.105407108,953.578125
528,0.935741488187,0.608773916842,1.54451540503,0.650579165856,411.5625,-333.4375,140.177217635,1019.4375
529,0.590286914322,0.448632619691,1.03891953401,0.760024674114,251.875,-258.125,86.803567755,1012.125
530,0.425810663053,0.288730910858,0.714541573911,0.67807346295,126.703125,-265.296875,69.2354857731,1010.296875
531,0.983296872644,0.986337387769,1.96963426041,1.00309216393,682.96875,-287.03125,144.473934581,1032.03125
532,1.14669853705,1.02456952947,2.17126806652,0.893495104738,686.671875,-332.328125,174.711731744,1028.328125
533,0.729623796817,1.20359303438,1.9332168312,1.64960770144,496.171875,-522.828125,155.909283989,1022.828125
534,0.678455327667,1.21204675248,1.89050208015,1.78647982123,502.453125,-516.546875,157.07063794,1016.546875
535,0.833759508687,1.06831206182,1.90207157051,1.28131919419,653.6875,-454.3125,161.132115339,1022.3125
536,0.612505202993,1.06840134397,1.68090654696,1.74431390745,617.8125,-490.1875,128.577053138,1058.1875
537,1.12492916407,2.99366686107,4.11859602514,2.66120477333,1648.4375,-1164.5625,288.011657479,1037.5625
538,1.44460901493,3.03869680848,4.48330582341,2.10347351919,1662.578125,-1150.421875,332.103560876,1023.421875
539,1.10036390141,1.3935475924,2.4939114938,1.26644248381,694.5625,-521.4375,205.612262143,1040.4375
540,0.720022100496,0.934042686737,1.65406478723,1.29724169035,412.09375,-459.90625,127.298458203,1008.90625
541,0.663243575051,0.259045201941,0.922288776993,0.390573254963,234.15625,-304.84375,119.562250882,990.84375
542,0.622208214761,0.578252538335,1.2004607531,0.929355358249,257.40625,-330.59375,108.22830596,1016.59375
543,0.087222090396,0.5666603172,0.653882407596,6.49675230927,243.5,-217.5,52.3008126132,1030.5
544,0.19071094755,0.103470161516,0.294181109066,0.542549669251,76.0625,-71.9375,28.5661923215,1021.9375
545,0.186729947913,0.106335064761,0.293065012674,0.569459082218,79.140625,-68.859375,27.3563676245,1018.859375
546,0.0360402000805,0.102332054423,0.138372254504,2.83938641281,25.296875,-33.703125,10.6985391636,1023.703125
547,0.0487219758365,0.0958206272375,0.144542603074,1.96668188415,24.984375,-24.015625,10.7172352246,1024.015625
548,1.36034065454,0.325717672469,1.68605832701,0.239438313765,312.625,-696.375,207.280644598,990.375
549,1.92978974545,2.88065911707,4.81044886252,1.49273210921,1379.515625,-708.484375,365.621986833,1002.484375
550,1.74182297811,2.91236333351,4.65418631162,1.67202027422,1352.265625,-716.734375,341.602804904,1029.734375
551,1.88583506266,1.94444637679,3.83028143945,1.03107976688,1131.15625,-1025.84375,297.750588725,1054.84375
552,2.19080210026,1.88781080955,4.07861290981,0.861698466205,1108.046875,-1048.953125,309.670713707,1077.953125
553,1.32037532411,0.423116378758,1.74349170286,0.320451595113,450.578125,-549.421875,233.661200024,1078.421875
554,0.926409682395,0.480206187346,1.40661586974,0.51835186578,467.859375,-385.140625,143.078198373,1061.140625
555,0.874167640966,0.142009877714,1.01617751868,0.162451537964,386.6875,-456.3125,191.199247759,1024.3125
556,1.21228120388,0.316726962474,1.52900816635,0.261265258804,427.546875,-513.453125,222.47562575,1081.453125
557,0.738837106364,0.295643722698,1.03448082906,0.400147366925,372.53125,-136.46875,154.336986084,1136.46875
558,1.28116011375,0.629982637946,1.91114275169,0.491728263459,452.109375,-596.890625,259.407023155,1056.890625
559,1.09301077171,0.6481542585,1.74116503021,0.592998966957,500.9375,-548.0625,220.541157936,1008.0625
560,1.10159148917,1.43365686021,2.53524834938,1.30144148198,1026.03125,-404.96875,189.819977936,1031.96875
561,1.09746814499,1.42802647516,2.52549462015,1.30120084276,1033.21875,-397.78125,190.675400612,1024.78125
562,0.859688329127,0.938239930436,1.79792825956,1.0913721853,716.921875,-274.078125,130.536070768,1028.078125
563,1.2989030379,1.53330496702,2.83220800492,1.18046145269,1088.203125,-342.796875,210.570369747,1038.796875
564,1.03714989517,1.38019002429,2.41733991947,1.33075270095,1089.625,-341.375,174.430457131,1037.375
565,0.303618000448,0.346900293732,0.65051829418,1.14255509627,130.4375,-183.5625,49.9352314879,1035.5625
566,0.654880095934,0.875578665359,1.53045876129,1.33700607301,550.65625,-282.34375,112.126772387,1027.34375
567,0.657971236219,0.873721730173,1.53169296639,1.3279026226,572.296875,-260.703125,118.04655857,1005.703125
568,1.1706828941,0.968808461219,2.13949135532,0.827558398692,871.4375,-314.5625,172.275567315,1039.5625
569,1.19371408645,1.96144486974,3.15515895618,1.64314461227,1148.765625,-449.234375,235.248255984,1056.234375
570,0.816136400158,1.73426585186,2.55040225202,2.12497059502,1181.890625,-416.109375,178.13672042,1023.109375
571,1.66072344085,3.25952695008,4.92025039094,1.96271508543,2404.015625,-673.984375,337.381529771,1016.984375
572,1.72316681837,3.57491543813,5.2980822565,2.07461947388,2387.90625,-690.09375,385.138275443,1033.09375
573,0.978408850815,1.79563550817,2.77404435898,1.83526090005,1032.140625,-516.859375,207.317454884,1035.859375
574,0.53777069997,0.406296310044,0.944067010014,0.755519610993,297.9375,-192.0625,77.419489431,1035.0625
575,0.312632165735,0.287049574285,0.599681740021,0.918170315618,82.15625,-240.84375,47.5786253053,1034.84375
576,0.302608147074,0.275034248401,0.577642395474,0.908879192647,86.90625,-236.09375,45.328908667,1030.09375
577,0.213846838726,0.286656618817,0.500503457543,1.34047629848,73.90625,-141.09375,37.4273123659,1033.09375
578,0.219826931814,0.257306934293,0.477133866107,1.17049777372,83.9375,-141.0625,37.6770300548,1033.0625
579,0.174613459406,0.201061483302,0.375674942709,1.15146612401,86.046875,-89.953125,30.2863571222,1030.953125
580,0.538340500317,0.491459540265,1.02980004058,0.912915784667,124.390625,-316.609375,85.5443264461,1012.609375
581,0.535005288419,0.470016762524,1.00502205094,0.878527320567,119.65625,-321.34375,84.5183446711,1017.34375
582,0.294444003507,0.330042833922,0.624486837429,1.12090186926,181.40625,-102.59375,46.0484523186,1033.59375
583,0.297651952975,0.329555429751,0.627207382725,1.10718383151,181.703125,-102.296875,46.7532350777,1033.296875
584,0.306154286644,0.47843640651,0.784590693154,1.56272973263,360.125,-81.875,58.8604015871,1031.875
585,0.304731377284,0.467025440682,0.771756817966,1.53258074323,368.828125,-92.171875,60.8552469717,1023.171875
586,0.467547247046,0.739635699658,1.2071829467,1.58194857168,424.53125,-212.46875,83.481092311,1025.46875
587,0.477661170908,0.802014978987,1.27967614989,1.67904579194,421.703125,-215.296875,92.8046805944,1028.296875
588,0.264223889944,0.398349791425,0.66257368137,1.50762215903,181.46875,-161.53125,48.9856384406,1023.53125
589,0.0998509793243,0.116091371032,0.215942350357,1.16264629368,56.90625,-41.09375,16.5413485223,1021.09375
590,0.0545696359586,0.0930078941171,0.147577530076,1.70438912562,25.40625,-23.59375,11.7216663038,1023.59375
591,0.498783462916,0.112306303147,0.611089766063,0.22516043834,174.53125,-257.46875,87.9456452784,1021.46875
592,0.931656086057,1.54848898483,2.48014507088,1.66208218677,1021.375,-448.625,181.167696831,1036.625
593,0.752394386873,1.55083745131,2.30323183818,2.0612028457,971.1875,-498.8125,177.561686024,1086.8125
594,0.990674190972,0.333812136768,1.32448632774,0.336954510181,369.5,-522.5,193.563377864,1071.5
595,0.858484508067,0.319308119242,1.17779262731,0.371943950347,411.609375,-480.390625,172.509928807,1029.390625
596,1.11858936391,0.210750904626,1.32934026853,0.188407749462,451.0625,-597.9375,225.932780034,1028.9375
597,1.61348360294,0.515214760203,2.12869836314,0.319318249821,668.90625,-674.09375,279.452462345,1105.09375
598,0.827583484299,0.504568521182,1.33215200548,0.609688968854,626.21875,-187.78125,179.852931998,1147.78125
599,1.41293156237,0.366611178878,1.77954274125,0.259468461631,605.78125,-668.21875,268.914395577,1060.21875
600,1.50594615133,1.12766294857,2.6336090999,0.748806952745,641.453125,-642.546875,267.504084647,1034.546875
601,1.35069768008,1.12203490064,2.47273258072,0.830707653676,631.078125,-603.921875,221.041872779,1044.921875
602,1.37208049838,0.979771541461,2.35185203985,0.714077302764,633.828125,-660.171875,275.146583359,1101.171875
603,1.06915700411,1.08120257016,2.15035957428,1.01126641457,596.15625,-442.84375,207.373999301,1138.84375
604,1.37016706875,0.368922701331,1.73908977009,0.269253808345,619.15625,-546.84375,258.064261543,1046.84375
605,1.18959007866,1.17578489887,2.36537497753,0.988395010995,640.0,-526.0,260.106048084,1026.0
606,0.473526089981,1.07684838202,1.550374472,2.27410570358,382.171875,-568.828125,125.59204228,1077.828125
607,1.14149115847,0.632109970202,1.77360112867,0.553758095726,563.6875,-456.3125,209.15409055,1034.3125
608,1.36333748654,0.696993062704,2.06033054924,0.511240297862,555.59375,-464.40625,219.24449243,1042.40625
609,1.02810957421,0.355714735771,1.38382430998,0.345989128684,401.65625,-481.34375,211.990360833,1039.34375
610,0.998708020836,0.357326128486,1.35603414932,0.357788383622,416.921875,-466.078125,199.982835567,1024.078125
611,0.863873947128,0.523544636764,1.38741858389,0.606042859036,275.140625,-351.859375,134.72806723,1096.859375
612,1.05861921895,0.289161298979,1.34778051793,0.273149489262,395.109375,-634.890625,257.954218151,1084.890625
613,0.952350442611,0.391913399015,1.34426384163,0.411522252188,422.203125,-607.796875,230.749876739,1057.796875
614,0.380367114201,0.213092183801,0.593459298001,0.560227674383,208.75,-105.25,78.4783011411,1075.25
615,0.867621098492,0.236436926333,1.10405802482,0.272511729768,385.03125,-467.96875,217.716126007,1035.96875
616,0.831814680812,0.523313594471,1.35512827528,0.629122816106,403.171875,-449.828125,211.574791348,1017.828125
617,1.00758797362,0.779865036133,1.78745300975,0.773992005217,254.171875,-499.828125,152.405560378,1048.828125
618,1.16467289591,0.302514264976,1.46718716088,0.259741826258,380.359375,-530.640625,210.89395789,1079.640625
619,0.967571278864,0.414733866942,1.38230514581,0.428633916696,387.5625,-455.4375,159.979674002,1072.4375
620,0.963397621306,0.24470040675,1.20809802806,0.253997312572,422.296875,-528.703125,202.803451623,1018.703125
621,1.38938948416,0.716659396921,2.10604888108,0.515808853522,571.90625,-585.09375,245.801095829,1075.09375
622,0.684087798142,0.660586342254,1.3446741404,0.965645556094,530.109375,-313.890625,152.911138123,1116.890625
623,1.38112353695,0.343994703022,1.72511823997,0.249068742816,631.0625,-604.9375,245.600022585,1064.9375
624,1.45680852905,0.513181046125,1.96998957518,0.352263894596,644.375,-591.625,236.138962001,1051.625
625,1.33924776815,0.399156417693,1.73840418584,0.298045236428,377.734375,-582.265625,224.633329157,1023.265625
626,1.32303259834,1.16124657587,2.48427917421,0.877715770063,458.578125,-629.421875,255.63437053,1021.421875
627,0.650791979649,1.19904377784,1.84983575749,1.84243785316,438.0625,-649.9375,138.075259709,1041.9375
628,0.0360074139699,0.0712983359901,0.10730574996,1.9801015438,27.03125,-12.96875,8.60226850531,1021.96875
629,0.0307417572087,0.0866410290359,0.117382786245,2.81834992215,17.484375,-31.515625,9.79156554691,1021.515625
630,0.0407181412551,0.0894375160369,0.130155657292,2.19650291688,16.390625,-32.609375,9.84825045931,1022.609375
631,0.0410765328482,0.0779638439305,0.119040376779,1.8980142316,24.53125,-15.46875,9.34239120555,1024.46875
632,0.0391937301769,0.0794358382938,0.118629568471,2.0267486135,22.03125,-17.96875,8.87054245452,1026.96875
633,0.310381127938,0.136946101007,0.447327228945,0.441219161478,115.515625,-149.484375,50.0983383543,1021.484375
634,0.479095339136,0.81215620868,1.29125154782,1.6951870376,565.0,-180.0,93.0970595669,1023.0
635,0.609557579618,0.809539130351,1.41909670997,1.3280765549,515.0625,-229.9375,121.421640755,1072.9375
636,1.26239204314,0.512433539116,1.77482558225,0.40592266238,414.46875,-468.53125,199.837118733,1075.53125
637,1.0775445729,0.603861739218,1.68140631212,0.560405346012,461.703125,-421.296875,179.658676357,1028.296875
638,1.01893453167,0.352079447124,1.37101397879,0.345536868349,394.65625,-556.34375,217.582112284,1016.34375
639,1.76747321307,1.88907410449,3.65654731756,1.06879928392,1385.65625,-634.34375,323.524207882,1094.34375
640,1.22671029132,1.88547286118,3.11218315251,1.53701560549,1390.625,-609.375,242.95533926,1089.375
641,1.2638503884,0.542991178638,1.80684156704,0.42963248152,894.015625,-193.984375,172.969152975,1036.984375
642,1.2826304814,0.512492120552,1.79512260196,0.399563341105,892.828125,-195.171875,172.555476105,1038.171875
643,0.0708263329708,0.131876714949,0.202703047919,1.86197293319,38.78125,-49.21875,21.9434420371,1019.21875
644,0.278266875411,0.133421196951,0.411688072362,0.479472077853,131.765625,-142.234375,40.4875529436,1034.234375
645,0.330041511768,0.129343904619,0.459385416386,0.391901927506,177.21875,-155.78125,82.2075248894,988.78125
646,0.307132032944,0.123152941559,0.430284974503,0.400977196609,142.03125,-122.96875,71.6275018651,955.96875
647,0.30669483824,0.161164651642,0.467859489882,0.525488634132,145.8125,-60.1875,46.6030025186,952.1875
648,0.0767957398345,0.101699528662,0.178495268496,1.32428607213,46.921875,-32.078125,14.3017751166,933.078125
649,0.0426697496263,0.0728364643074,0.115506213934,1.70698129109,10.625,-29.375,9.33324032692,930.375
650,0.0676788878257,0.0703726306158,0.138051518441,1.03980181821,26.765625,-32.234375,11.502366859,933.234375
651,0.0828454117177,0.0888216636532,0.171667075371,1.07213739194,25.171875,-33.828125,14.250608197,934.828125
652,0.104309106067,0.123401131932,0.227710238,1.18303316542,47.078125,-51.921875,25.0314206845,952.921875
653,0.0730458086443,0.0763234231622,0.149369231806,1.04487067196,24.796875,-34.203125,12.9845818275,975.203125
654,0.0369512888026,0.0351533597075,0.0721046485101,0.951343264245,15.3125,-14.6875,8.65461401508,974.6875
655,0.0501002401571,0.0310549163075,0.0811551564645,0.61985563762,22.578125,-26.421875,18.260103956,986.421875
656,0.0284147579368,0.0156956001564,0.0441103580932,0.5523749381,8.0,-11.0,9.22970747099,1001.0
657,0.0463340881,0.0385804696331,0.0849145577332,0.832658442523,11.203125,-17.796875,8.91834431015,997.796875
658,13.1841909837,26.3734104702,39.5576014539,2.00038140396,21266.15625,-359.84375,2679.30057465,1329.84375
659,13.1888669537,26.3671991882,39.556066142,1.99920124152,21269.546875,-356.453125,2679.72647234,1326.453125
660,0.0387973596298,0.0587403306726,0.0975376903024,1.51402907912,22.140625,-16.859375,7.83594918369,986.859375
661,0.033386947336,0.0358071585077,0.0691941058436,1.0724897412,13.4375,-6.5625,6.17928747915,986.5625
662,0.0295624793229,0.0225058888391,0.0520683681619,0.761299097862,11.09375,-8.90625,4.37220893114,988.90625
663,0.0450081613225,0.0523354573165,0.097343618639,1.16279927415,18.3125,-10.6875,7.74167900071,990.6875
664,0.0469606599986,0.0694903904518,0.11645105045,1.47975753437,18.15625,-20.84375,8.94465404236,990.84375
665,2.68510098276,5.34483098199,8.02993196475,1.99055119949,4318.984375,-89.015625,544.193253019,1059.015625
666,2.68073846509,5.34700225729,8.02774072238,1.99460049047,4318.703125,-89.296875,544.173618885,1059.296875
667,0.0529717385813,0.0767162975085,0.12968803609,1.44824956785,16.859375,-32.140625,10.1471473631,992.140625
668,0.138971183751,0.0808072551386,0.219778438889,0.581467704006,60.265625,-47.734375,21.7415516548,997.734375
669,0.131669973591,0.08317441144,0.214844385032,0.631688525268,61.203125,-46.796875,27.6513899331,996.796875
670,0.711836174976,1.60802957119,2.31986574616,2.25898827246,1147.0,-265.0,160.448784664,1019.0
671,0.688685324074,1.6058426045,2.29452792857,2.33175087136,1135.359375,-276.640625,158.108780511,1030.640625
672,0.0639815100804,0.105034003906,0.169015513987,1.64163058631,35.46875,-32.53125,15.314381262,1022.53125
673,0.0783335659062,0.102165863375,0.180499429281,1.30424119204,30.203125,-37.796875,14.2480039035,1027.796875
674,0.135331705401,0.0924703952142,0.227802100615,0.683287001668,40.515625,-67.484375,19.8926746784,1027.484375
675,0.129700975394,0.100648563998,0.230349539391,0.776004680707,41.921875,-66.078125,19.2218175905,1026.078125
676,0.0670736777588,0.0806553615556,0.147729039314,1.20248902775,24.78125,-24.21875,11.1809949663,1024.21875
677,0.0473639537779,0.0810672438379,0.128431197616,1.71158100986,29.3125,-28.6875,10.6622508763,1028.6875
678,0.132966470139,0.0850017069323,0.217968177071,0.639271741542,32.96875,-65.03125,20.8491372348,1025.03125
679,0.429554833604,0.291677638581,0.721232472185,0.679023062397,322.921875,-168.078125,60.4584838669,1020.078125
680,0.410140401316,0.311068393266,0.721208794581,0.758443675063,328.78125,-162.21875,58.6209936664,1014.21875
681,0.0384294900562,0.0868475161108,0.125277006167,2.25991851528,18.6875,-30.3125,10.3106058867,1010.3125
682,0.0568738248385,0.0769501924924,0.133824017331,1.35299837334,31.8125,-17.1875,10.4834318689,1017.1875
683,0.0671642325606,0.0917494563174,0.158913688878,1.36604637349,25.09375,-23.90625,12.2496412575,1023.90625
684,0.0637611936035,0.0908479433629,0.154609136966,1.42481560066,23.703125,-25.296875,11.2814555902,1025.296875
685,0.056748033695,0.0898734637364,0.146621497431,1.58372824369,24.78125,-24.21875,11.5926549348,1024.21875
686,0.0813241701017,0.102277111861,0.183601281962,1.2576471636,36.078125,-42.921875,19.2421288189,1012.921875
687,0.080829749051,0.131786342557,0.212616091608,1.6304188013,66.859375,-41.140625,19.8059864589,1001.140625
688,0.177805274659,0.145302854312,0.323108128971,0.817202158881,79.15625,-57.84375,27.9196496385,998.84375
689,0.200981090022,0.0948782325459,0.295859322568,0.472075420307,103.40625,-62.59375,31.419400232,1003.59375
690,0.147329778039,0.110818186284,0.258147964322,0.752177786181,99.40625,-57.59375,22.1046649135,1007.59375
691,0.0583513539044,0.0675605500867,0.125911903991,1.15782317917,25.859375,-23.140625,9.64829516595,1003.140625
692,0.0328306722843,0.0705885100597,0.103419182344,2.15007811745,16.046875,-22.953125,7.71854440516,1002.953125
693,0.0457791744173,0.0940429176126,0.13982209203,2.05427290487,25.453125,-23.546875,10.1457036589,1003.546875
694,0.0501069659879,0.104048257068,0.154155223055,2.07652279511,25.34375,-23.65625,11.6729103456,1003.65625
695,0.078512686629,0.107681477043,0.186194163672,1.37151690595,34.21875,-34.78125,14.0817576473,1004.78125
696,0.0699310272582,0.102008672679,0.171939699937,1.45870404995,33.734375,-35.265625,13.2867911235,1005.265625
697,0.0343030338344,0.0782030757187,0.112506109553,2.27977140728,15.171875,-13.828125,8.72953801666,1003.828125
698,0.0371640017016,0.0747541159049,0.111918117606,2.01146573249,15.140625,-23.859375,8.21558577396,1003.859375
699,0.0367686771857,0.0756060339074,0.112374711093,2.05626200599,14.390625,-24.609375,8.41801859759,1004.609375
700,0.0518186224462,0.0798753426923,0.131693965138,1.54144087437,15.1875,-23.8125,10.1594706432,1003.8125
701,0.0498601145988,0.0892168169408,0.13907693154,1.78934239639,25.28125,-23.71875,10.3130208202,1003.71875
702,0.0424017256505,0.0853586356214,0.127760361272,2.01309343693,26.15625,-22.84375,9.46245665446,1002.84375
703,0.0563432449495,0.0811751942964,0.137518439246,1.4407262906,25.6875,-23.3125,10.2817724031,1003.3125
704,0.0567384857407,0.0706815531441,0.127420038885,1.2457426775,25.390625,-13.609375,10.288976485,1003.609375
705,0.109766847228,0.0748562847145,0.184623131943,0.681957135552,47.40625,-41.59375,16.405714277,1001.59375
706,0.299969841007,0.636316460812,0.936286301818,2.12126812041,393.90625,-155.09375,68.7331158245,998.09375
707,0.302617649033,0.635804635033,0.938422284067,2.10101637186,399.515625,-149.484375,67.3839261683,992.484375
708,0.0625450354425,0.0962253415836,0.158770377026,1.53849687514,33.4375,-25.5625,12.1537995602,995.5625
709,0.0799717790698,0.103753673052,0.183725452121,1.29737857853,29.609375,-29.390625,15.4187560169,1009.390625
710,1.26795292947,1.09445456906,2.36240749853,0.863166560545,881.34375,-412.65625,201.336023443,1049.65625
711,1.39043058454,0.937985405016,2.32841598956,0.67460067079,870.65625,-423.34375,205.536129636,1060.34375
712,1.1118465054,0.457395445952,1.56924195135,0.411383625105,444.03125,-535.96875,216.405216604,1035.96875
713,1.5674885925,0.659505537242,2.22699412974,0.420740246787,586.59375,-609.40625,267.473288313,1109.40625
714,1.0376384886,0.734430643876,1.77206913247,0.707790479966,573.609375,-309.390625,175.991620645,1122.390625
715,1.56969774801,0.419768362554,1.98946611056,0.267419866714,528.453125,-647.546875,295.855271294,1078.546875
716,1.97828839797,0.982793967551,2.96108236552,0.49679003757,773.046875,-667.953125,316.765608815,1098.953125
717,1.11614543892,0.895092062198,2.01123750112,0.801949307844,760.015625,-210.984375,180.489654498,1111.984375
718,1.20592168283,0.153346775522,1.35926845835,0.12716147135,452.15625,-518.84375,236.041787796,1037.84375
719,1.26153419324,0.895593190699,2.15712738394,0.709923833611,757.265625,-487.734375,235.245167471,1006.734375
720,0.923105817358,0.878897883843,1.8020037012,0.952109571098,733.828125,-325.171875,141.180907293,1030.171875
721,0.477235482562,0.594527202443,1.071762685,1.24577325904,398.875,-199.125,90.5946500904,1012.125
722,0.929488764109,0.899929179041,1.82941794315,0.968198017869,782.0,-247.0,146.523035732,1021.0
723,1.04386750641,0.764188053562,1.80805555997,0.732073801388,748.609375,-280.390625,155.049550264,1054.390625
724,1.26174351292,0.592829472811,1.85457298573,0.469849431951,496.015625,-356.984375,184.344657858,1061.984375
725,1.05686825432,0.610913633753,1.66778188807,0.578041426883,521.15625,-331.84375,160.308220581,1036.84375
726,1.34078023534,0.361893492898,1.70267372823,0.269912610106,514.828125,-593.171875,240.715116546,1034.171875
727,1.97950660147,0.927832891686,2.90733949315,0.468719271256,742.453125,-668.546875,329.931855165,1109.546875
728,1.3907305267,0.956938521703,2.3476690484,0.6880833514,741.390625,-414.609375,228.176303628,1110.609375
729,1.01243277888,0.243904568835,1.25633734772,0.240909395589,413.046875,-439.953125,190.193686614,1017.953125
730,1.42585813458,0.438560861356,1.86441899594,0.307576785319,431.1875,-499.8125,229.586032009,1077.8125
731,1.02933953814,0.490201445913,1.51954098406,0.476229103952,368.765625,-327.234375,181.514526122,1150.234375
732,1.47049485404,0.700238865575,2.17073371961,0.476192666469,464.796875,-525.203125,252.616444665,1054.203125
733,1.28319662117,0.734924950384,2.01812157155,0.572729804817,509.75,-470.25,247.545513492,999.25
734,1.06500403824,0.405831035588,1.47083507383,0.381060560349,426.375,-406.625,168.713746106,1043.625
735,0.663837696345,0.459031497237,1.12286919358,0.69148151689,224.0,-256.0,96.4705265871,1030.0
736,0.59058499532,0.30503735853,0.89562235385,0.51650035295,253.484375,-226.515625,81.8512355182,1000.515625
737,0.0825771964646,0.131082981958,0.213660178423,1.58739927693,83.203125,-43.796875,20.0298056714,974.796875
738,0.052454604076,0.111427748234,0.16388235231,2.12427012264,43.515625,-34.484375,14.5655760566,965.484375
739,0.127067649573,0.132902341062,0.259969990635,1.04591799335,71.234375,-45.765625,29.2541354916,986.765625
740,0.126905231328,0.141144188116,0.268049419445,1.11220149586,50.8125,-57.1875,22.176757963,1007.1875
741,0.0942123053891,0.09033019464,0.184542500029,0.958794015993,36.609375,-42.390625,17.6605290722,1012.390625
742,0.0798866217126,0.100636020459,0.180522642172,1.25973558904,32.15625,-36.84375,13.6097606863,1016.84375
743,0.0946776685557,0.0815640156274,0.176241684183,0.861491594287,25.828125,-33.171875,14.5038299764,1013.171875
744,0.0824458225629,0.0969651377385,0.179410960301,1.17610734812,30.390625,-28.609375,14.216646479,1008.609375
745,0.0404060116063,0.0901271298074,0.130533141414,2.23053764092,21.265625,-27.734375,9.51683079388,1007.734375
746,0.0394880735962,0.0876712763163,0.127159349913,2.22019633606,21.15625,-27.84375,9.31265729733,1007.84375
747,0.0380821266857,0.0971682717405,0.135250398426,2.55154531002,22.015625,-26.984375,10.0319679455,1006.984375
748,0.0374613691022,0.0854851635876,0.12294653269,2.28195513502,22.34375,-26.65625,9.4937788018,1006.65625
749,0.0422752432608,0.0721967432814,0.114471986542,1.70777830505,13.953125,-25.046875,8.57581936228,1005.046875
750,0.0748665608271,0.0716175249048,0.146484085732,0.956602308341,31.578125,-47.421875,12.7656823744,1007.421875
751,0.545074323238,0.689147110292,1.23422143353,1.26431769194,524.8125,-269.1875,90.2814825629,994.1875
752,0.532036837646,0.692330629369,1.22436746702,1.30128325781,535.4375,-258.5625,88.3669329769,983.5625
753,1.04865282571,0.362618847865,1.41127167357,0.345794946599,579.1875,-410.8125,141.612242916,1008.8125
754,1.19063811848,1.06330010647,2.25393822495,0.893050617117,707.796875,-448.203125,177.220658686,1046.203125
755,1.6166616224,1.10021669984,2.71687832224,0.680548535692,710.078125,-612.921875,292.045496492,1043.921875
756,1.99314036642,0.800913986056,2.79405435248,0.401835214191,671.828125,-681.171875,326.297293253,1112.171875
757,1.07592869008,0.749998767468,1.82592745755,0.697071073931,665.875,-226.125,180.786346622,1118.125
758,1.14622228435,0.326225495221,1.47244777957,0.284609276642,474.453125,-535.546875,254.002394778,1044.546875
759,1.72948838998,0.576961482041,2.30644987202,0.333602402527,550.03125,-606.96875,302.962145364,1115.96875
760,1.02553855047,0.55692517256,1.58246372303,0.543056301788,514.390625,-308.609375,190.037629266,1151.609375
761,1.08993194139,0.233535117311,1.3234670587,0.214265779763,459.234375,-481.765625,226.248531914,1020.765625
762,0.822515681045,0.315112401895,1.13762808294,0.383108078249,220.890625,-465.109375,201.21297153,1004.109375
763,0.680624150316,0.386984246145,1.06760839646,0.568572604962,166.359375,-265.640625,102.949375785,1068.640625
764,0.638284693729,0.664984038782,1.30326873251,1.04182983756,516.015625,-229.984375,112.540755422,1032.984375
765,0.579962088501,0.705760089355,1.28572217786,1.21690728299,504.84375,-182.15625,94.7160590182,1044.15625
766,0.622698317871,0.379890594124,1.002588912,0.610071656244,307.0625,-290.9375,126.508012963,1025.9375
767,0.60409034526,0.986912660844,1.5910030061,1.63371699049,332.65625,-530.34375,134.155951549,1000.34375
768,1.08248694902,0.673673656544,1.75616060556,0.622338825567,381.703125,-559.296875,225.714468389,1029.296875
769,1.35695384284,0.499432933353,1.85638677619,0.368054474356,446.359375,-523.640625,262.567453666,1072.640625
770,1.3697530493,0.888992320551,2.25874536985,0.64901649316,502.734375,-487.265625,206.212893798,1114.265625
771,1.66036758376,0.397495546032,2.05786312979,0.239402135961,660.9375,-672.0625,320.529438732,1054.0625
772,1.65026000168,0.806633345589,2.45689334727,0.48879167208,698.4375,-634.5625,290.889630863,1016.5625
773,1.06192739068,0.815046700396,1.87697409107,0.767516411716,428.1875,-571.8125,201.188723202,1071.8125
774,1.05786042704,0.252928118171,1.31078854521,0.239094035191,424.59375,-555.40625,258.468972917,1055.40625
775,1.55082055652,0.907676214288,2.45849677081,0.58528771138,1026.03125,-541.96875,234.161133674,1041.96875
776,1.1910538357,0.832987850845,2.02404168654,0.699370444794,1028.609375,-138.390625,161.949222095,1039.390625
777,0.657914288239,0.291516912271,0.94943120051,0.443092538773,324.546875,-214.453125,111.891259948,1027.453125
778,2.09991120025,1.24869384607,3.34860504632,0.594641261939,1138.578125,-508.421875,281.634282175,1017.421875
779,1.94348971608,1.22956528869,3.17305500477,0.632658500079,1151.859375,-495.140625,261.739963226,1004.140625
780,0.0868003563207,0.0958218603371,0.182622216658,1.10393395141,39.5625,-38.4375,15.5602407999,1018.4375
781,0.12480474844,0.126216837774,0.251021586214,1.01131438788,51.34375,-46.65625,19.5025789561,1026.65625
782,0.184265081604,0.140250324775,0.324515406379,0.761133490699,83.84375,-53.15625,27.3982314381,1023.15625
783,0.17126376872,0.105899602159,0.277163370879,0.618342121925,93.5625,-43.4375,22.4804602655,1013.4375
784,0.0430551154751,0.0795258101108,0.122580925586,1.84706995286,16.71875,-22.28125,9.73150288689,1012.28125
785,0.0375036214303,0.0789062772819,0.116409898712,2.10396421126,17.125,-21.875,9.57291099927,1011.875
786,0.0340220729895,0.0802190103397,0.114241083329,2.35785192644,16.015625,-12.984375,9.09926540218,1012.984375
787,0.0299682688649,0.0882077321636,0.118176001029,2.9433709555,15.421875,-13.578125,8.84909015009,1013.578125
788,0.0296348708259,0.0778902151576,0.107525085983,2.62832983533,18.203125,-20.796875,8.18569576972,1010.796875
789,0.0286829074301,0.0818629909658,0.110545898396,2.8540687922,18.53125,-20.46875,8.05832013744,1010.46875
790,0.0289389234801,0.0708682283597,0.0998071518398,2.44888958666,17.671875,-21.328125,7.94719818454,1011.328125
791,0.0731627984573,0.0724775511277,0.145640349585,0.990633937684,27.953125,-41.046875,12.2109449976,1011.046875
792,0.083505659337,0.100036623161,0.183542282498,1.19796219748,30.40625,-38.59375,15.2548340187,1008.59375
793,0.063748185223,0.103048418709,0.166796603932,1.61649180048,35.9375,-23.0625,12.8596692706,1003.0625
794,0.0583868311305,0.0584858467212,0.116872677852,1.00169585485,18.53125,-20.46875,9.20762040038,1000.46875
795,0.0427542899239,0.0418638581197,0.0846181480437,0.979173275809,18.421875,-20.578125,6.83695081775,1000.578125
796,0.0413137522136,0.0597919814217,0.101105733635,1.44726581872,19.0,-20.0,7.73587422338,1000.0
797,0.0496677863893,0.0690903409326,0.118758127322,1.39104932906,20.609375,-28.390625,9.39351037203,998.390625
798,0.0529365138805,0.0536211504937,0.106557664374,1.01293316395,19.28125,-29.71875,9.02508440057,999.71875
799,0.0464145158819,0.0422755984931,0.088690114375,0.910827091262,18.328125,-10.671875,7.0800218209,1000.671875
800,0.0413279386826,0.035520043547,0.0768479822295,0.85946806638,10.53125,-18.46875,6.37124583088,998.46875
801,0.0514891432619,0.0470253942482,0.0985145375101,0.913306986077,11.96875,-17.03125,7.75195287895,997.03125
802,0.0466610692005,0.0592413121525,0.105902381353,1.26960897312,20.625,-18.375,9.01821074271,998.375
803,0.0432213710762,0.0737314006904,0.116952771767,1.70590147546,19.0625,-19.9375,8.43518486757,999.9375
804,10.7830788143,21.5006961542,32.2837749685,1.99392924084,297.859375,-17359.140625,2187.06713479,721.140625
805,10.7853049676,21.5045653526,32.2898703202,1.99387642883,295.953125,-17361.046875,2187.31123064,723.046875
806,0.046858932565,0.0628646674705,0.109723600035,1.34157275954,16.28125,-22.71875,8.59954350169,1002.71875
807,10.1611784957,20.3238592199,30.4850377156,2.00014783997,16387.921875,-281.078125,2064.70256109,1261.078125
808,10.1582917721,20.324623121,30.4829148931,2.00079142998,16388.84375,-280.15625,2064.82126359,1260.15625
809,0.0534079676435,0.0667379848836,0.120145952527,1.2495885507,19.125,-19.875,9.26771951453,999.875
810,0.0456483275784,0.0548781746922,0.100526502271,1.20219463896,19.84375,-19.15625,7.97303806196,999.15625
811,0.0413376923606,0.0769061416172,0.118243833978,1.86043625624,21.265625,-17.734375,8.89740514753,997.734375
812,0.0440188170078,0.0839394689745,0.127958285982,1.90689970063,21.140625,-17.859375,9.47342860898,997.859375
813,0.03894711245,0.0714014636619,0.110348576112,1.83329287257,16.96875,-22.03125,8.5931817994,1002.03125
814,0.0375915789699,0.0614827431406,0.0990743221105,1.63554564148,14.234375,-34.765625,8.26465022608,1004.765625
815,0.0394725932389,0.0545623288432,0.0940349220822,1.38228386752,15.0,-34.0,9.11729126441,1004.0
816,0.0420609501134,0.07056518862,0.112626138733,1.6776888879,8.328125,-20.671875,8.97749736755,1000.671875
817,0.156964071206,0.542007268536,0.698971339741,3.45306581546,294.609375,-186.390625,53.2991607543,989.390625
818,0.170642969508,0.536067737351,0.706710706859,3.14145809168,288.296875,-192.703125,54.9729136961,995.703125
819,0.0635089196426,0.0773951769207,0.140904096563,1.21865050384,26.890625,-32.109375,16.2356832967,1022.109375
820,0.353250451409,0.17727012754,0.530520578949,0.501825622112,154.625,-188.375,61.2840466598,1021.375
821,1.16791968205,1.69114637916,2.85906606121,1.4479988694,1394.828125,-556.171875,204.133806813,1036.171875
822,2.02449157783,1.65693551047,3.6814270883,0.818445247497,1371.515625,-579.484375,294.273734822,1059.484375
823,1.83342190718,0.840031126893,2.67345303408,0.458176660594,779.34375,-622.65625,292.761860282,1102.65625
824,1.28843853987,1.1428207404,2.43125928028,0.886981183068,776.96875,-429.03125,214.204922967,1105.03125
825,1.80479248714,0.350702716454,2.1554952036,0.194317473589,634.96875,-718.03125,325.609571072,1090.03125
826,2.0697039948,0.876153361193,2.94585735599,0.423323027541,622.703125,-730.296875,327.119324544,1102.296875
827,1.4806722602,0.84675297339,2.32742523359,0.571870626709,646.953125,-588.046875,275.872900405,1068.046875
828,1.94337941316,0.973142431544,2.9165218447,0.500747525139,699.875,-623.125,320.371829871,1103.125
829,1.25588812889,0.992693673266,2.24858180215,0.790431608065,704.078125,-412.921875,200.981599336,1098.921875
830,1.57839668349,0.761427589954,2.33982427345,0.482405720892,816.0625,-536.9375,276.359021191,1075.9375
831,1.67820894111,0.755727277576,2.43393621869,0.450317751898,800.296875,-552.703125,289.279475577,1091.703125
832,1.21001439426,0.993368499047,2.20338289331,0.820955935529,528.6875,-550.3125,243.321217414,1059.3125
833,1.85761734555,1.89887927555,3.7564966211,1.02221228721,1438.375,-620.625,350.654811567,1129.625
834,1.6483528395,1.83172980686,3.48008264637,1.11124861314,1457.53125,-552.46875,287.543907992,1110.46875
835,1.27738667567,2.50860494085,3.78599161651,1.96385713789,1936.765625,-475.234375,267.877522281,1033.234375
836,2.50859029203,2.0983596494,4.60694994143,0.836469652323,1930.0,-325.0,359.707650391,1040.0
837,1.32170924758,2.36616832729,3.68787757487,1.79023361729,1973.640625,-281.359375,252.66457305,996.359375
838,0.168657713067,0.139287812367,0.307945525434,0.825860909855,61.109375,-86.890625,27.5046116517,987.890625
839,0.107986588361,0.121357702898,0.229344291259,1.12382199253,51.828125,-46.171875,23.7141536637,1016.171875
840,0.187025777472,0.159247707962,0.346273485434,0.851474647583,111.65625,-65.34375,28.0870403556,1035.34375
841,0.185047304149,0.134083094104,0.319130398253,0.724588205813,113.546875,-63.453125,26.276730252,1033.453125
842,0.0512004927188,0.104570964748,0.155771457467,2.04238200054,21.53125,-27.46875,11.8136160187,1027.46875
843,0.036340018624,0.0857412768957,0.12208129552,2.35941752762,20.4375,-28.5625,10.2848113133,1028.5625
844,0.0395365053465,0.0954906956966,0.135027201043,2.41525382326,22.625,-26.375,10.1095561228,1026.375
845,0.0359049048327,0.095746444672,0.131651349505,2.66666755192,22.484375,-26.515625,10.1134072329,1026.515625
846,0.0393388628963,0.080181111505,0.119519974401,2.03821629812,22.1875,-17.8125,9.26497942523,1026.8125
847,0.0392289656658,0.0710619512246,0.11029091689,1.81146634938,21.875,-18.125,8.45484328654,1027.125
848,0.027709079775,0.0845004306358,0.112209510411,3.04955744911,30.578125,-18.421875,8.82256462058,1027.421875
849,0.0298448849023,0.0823127481314,0.112157633034,2.75801861528,30.734375,-18.265625,8.52247430969,1027.265625
850,0.0240671165144,0.0615785858836,0.085645702398,2.55861917845,11.40625,-18.59375,7.26016259718,1027.59375
851,0.0395154995712,0.0715799179056,0.111095417477,1.81143902222,21.71875,-18.28125,8.20721624167,1027.28125
852,0.0556067385165,0.0919878862365,0.147594624753,1.65425789555,23.390625,-35.609375,10.94534317,1025.609375
853,0.041561505644,0.100627427328,0.142188932972,2.42116895835,23.703125,-35.296875,10.9867529432,1025.296875
854,0.0382116889934,0.0821827325105,0.120394421504,2.15072232281,12.328125,-26.671875,9.09507883332,1026.671875
855,0.0371234740093,0.0914207171442,0.128544191153,2.46261212303,21.546875,-27.453125,9.67265748046,1027.453125
856,0.0365742332494,0.0868081655998,0.123382398849,2.37347875505,21.25,-18.75,9.60143218484,1027.75
857,0.0394217802056,0.0859678149647,0.12538959517,2.18071874269,21.703125,-27.296875,10.043156388,1027.296875
858,0.0430400086113,0.0969342818093,0.139974290421,2.25219011187,21.234375,-27.765625,10.9283778924,1027.765625
859,0.0417280480664,0.086777673869,0.128505721935,2.07960060175,21.859375,-27.140625,9.93709462617,1027.140625
860,0.0380600399679,0.0932582750422,0.13131831501,2.45029367076,21.234375,-27.765625,9.87696529099,1027.765625
861,0.0686622056311,0.110287788578,0.178949994209,1.60623719503,38.703125,-39.296875,12.6103624149,1029.296875
862,0.0765497631529,0.0880108840713,0.164560647224,1.14972118066,34.96875,-43.03125,13.160035085,1033.03125
863,0.0662534517021,0.0735056539172,0.139759105619,1.10946150018,22.453125,-26.546875,10.7513512051,1035.546875
864,0.0591543123856,0.0928341585257,0.151988470911,1.56935572035,22.609375,-26.390625,11.4749961703,1035.390625
865,0.0527858561026,0.093144319139,0.145930175242,1.76456964074,21.21875,-27.78125,11.4611691567,1036.78125
866,0.0534774909716,0.0811436959958,0.134621186967,1.51734298901,21.375,-27.625,10.2018687014,1036.625
867,0.0487824803837,0.0813305742554,0.130113054639,1.66720867032,21.390625,-27.609375,9.85618014798,1036.609375
868,0.0426348346785,0.0881041123867,0.130738947065,2.06648185811,20.765625,-28.234375,9.82939181025,1037.234375
869,0.0421252082374,0.0831906903986,0.125315898636,1.97484342225,23.078125,-25.921875,9.43448575622,1034.921875
870,0.0400021003934,0.089825218401,0.129827318794,2.24551254853,24.328125,-24.671875,9.47373785706,1033.671875
871,0.0402120894139,0.0984816429343,0.138693732348,2.44905560417,23.703125,-25.296875,9.95722050747,1034.296875
872,0.0324185479225,0.101195909224,0.133614457147,3.12154355173,23.078125,-25.921875,9.91889719094,1034.921875
873,0.0317907687319,0.096686678665,0.128477447397,3.04134446954,22.15625,-26.84375,10.0657506395,1035.84375
874,0.0509405147093,0.0837820470319,0.134722561741,1.6447035824,22.296875,-26.703125,9.81497530483,1035.703125
875,0.0447582572946,0.0880370399676,0.132795297262,1.96694521389,21.84375,-27.15625,10.1584612977,1036.15625
876,0.046594155389,0.100620007509,0.147214162898,2.15949847506,21.984375,-36.015625,10.4380496674,1036.015625
877,0.0437934951873,0.0903970382342,0.134190533421,2.06416587321,21.5,-36.5,10.6668294258,1036.5
878,0.0453719627172,0.0850908518825,0.1304628146,1.87540601699,19.96875,-19.03125,9.89155060835,1038.03125
879,0.036142703551,0.0879884067006,0.124131110252,2.43447219095,22.609375,-26.390625,9.3768617943,1035.390625
880,0.0337857945748,0.0858855784471,0.119671373022,2.54206182001,23.078125,-25.921875,9.43448575622,1034.921875
881,0.0360351038314,0.0977084278281,0.13374353166,2.71147901461,21.375,-27.625,9.73155306208,1036.625
882,0.0368002868505,0.11617389202,0.152974178871,3.15687463232,52.46875,-26.53125,11.9189564744,1035.53125
883,0.0382442207976,0.115165741678,0.153409962475,3.0113240452,53.875,-25.125,12.132729495,1034.125
884,0.0702054398321,0.140619626116,0.210825065948,2.00297336578,93.203125,-33.796875,15.9267656866,1033.796875
885,0.0706839408554,0.13604410703,0.206728047885,1.92468197703,91.625,-35.375,15.9025351752,1035.375
886,0.0404951567198,0.0894294311267,0.129924587847,2.20839819797,14.0625,-25.9375,9.63696496569,1034.9375
887,0.0429730498033,0.0723715471243,0.115344596928,1.68411475228,15.15625,-24.84375,9.01252383839,1033.84375
888,0.0343370169739,0.07934864344,0.113685660414,2.31087760187,13.28125,-16.71875,8.84849695923,1035.71875
889,0.0245858797627,0.0784274730833,0.103013352846,3.18993966619,13.125,-26.875,8.45484328654,1035.875
890,0.0294321294422,0.0871351218044,0.116567251247,2.96054425744,13.75,-26.25,8.92678553568,1035.25
891,0.0383238467512,0.0907902078469,0.129114054598,2.36902648203,14.53125,-25.46875,9.98900763027,1034.46875
892,0.0459273310177,0.0984154122953,0.144342743313,2.14285067551,15.3125,-24.6875,10.4535804273,1033.6875
893,0.04521992295,0.0912163308281,0.136436253778,2.01717130144,14.53125,-25.46875,9.98900763027,1034.46875
894,0.0489704115135,0.0689710872172,0.117941498731,1.40842368045,23.078125,-25.921875,9.43448575622,1034.921875
895,0.0441874666907,0.0719657790024,0.116153245693,1.62864686283,21.6875,-27.3125,8.80318656794,1036.3125
896,0.0368396451179,0.0805373382237,0.117376983342,2.18615944768,20.734375,-18.265625,8.89916110425,1037.265625
897,0.0390319299875,0.0772614586435,0.116293388631,1.97944243772,12.8125,-27.1875,9.09477013178,1036.1875
898,0.0352264300974,0.0932924542673,0.128518884365,2.648365276,22.765625,-26.234375,9.72551763966,1035.234375
