,0,1,2,3,4,5,6,7
0,0.0852272786191,0.0811993144965,0.166426593116,0.952738557562,22.28125,-36.71875,14.0928491952,996.71875
1,0.0755642145322,0.078270988669,0.153835203201,1.0358208466,25.921875,-43.078125,13.7877942937,1003.078125
2,0.0371044915889,0.0917071888243,0.128811680413,2.47159265353,17.25,-21.75,10.8483869769,1011.75
3,0.0936209209136,0.107606125085,0.201227045998,1.14938118569,51.4375,-56.5625,17.6625265393,1006.5625
4,0.0962971110303,0.115757627622,0.212054738653,1.20208827019,56.59375,-51.40625,16.0786336776,1001.40625
5,0.178859845099,0.0884082813483,0.267268126447,0.494288034855,115.046875,-41.953125,35.0497100949,1021.953125
6,0.259443153689,0.0847925515761,0.344235705265,0.326825165245,123.046875,-131.953125,49.190138013,1013.953125
7,0.182576727193,0.0719375978033,0.254514324996,0.394012965997,44.90625,-112.09375,31.5053163916,994.09375
8,0.0637948261482,0.0985739796524,0.162368805801,1.54517200852,34.03125,-44.96875,13.6656146381,994.96875
9,0.0804080065329,0.101619346439,0.182027352972,1.26379636582,35.71875,-43.28125,13.9423688245,993.28125
10,0.0732655959626,0.0908203960183,0.164085991981,1.23960495817,31.625,-37.375,12.7457100626,997.375
11,0.0783894237995,0.105416460969,0.183805884768,1.34477912784,31.203125,-37.796875,14.1146861543,997.796875
12,0.0699110989236,0.10619779172,0.176108890643,1.51904051509,37.625,-31.375,14.1150407367,991.375
13,0.0459651292262,0.0894849838188,0.135450113045,1.94680152814,27.15625,-21.84375,10.3564876255,981.84375
14,0.0201681415773,0.0791078359069,0.0992759774842,3.9224157369,14.53125,-15.46875,8.08735268413,975.46875
15,0.0262702652474,0.0685471582849,0.0948174235322,2.60930590687,17.1875,-12.8125,7.38849401096,972.8125
16,0.0294667741154,0.0689712282077,0.0984380023231,2.34064400594,17.5,-12.5,7.28868986856,972.5
17,0.0468143107941,0.0806599529845,0.127474263779,1.7229764065,27.8125,-22.1875,9.7578093725,972.1875
18,0.05756719338,0.0999562021092,0.157523395489,1.73633967961,31.828125,-27.171875,13.0078758444,977.171875
19,0.0453281452737,0.090380610285,0.135708755559,1.99391812171,24.328125,-24.671875,11.1412166743,984.671875
20,0.0386123690078,0.0873027507701,0.125915119778,2.2610047768,15.78125,-24.21875,9.65088847918,984.21875
21,0.0470591662912,0.0869185502943,0.133977716585,1.84700574074,24.65625,-24.34375,10.5137094281,984.34375
22,0.0377400437835,0.0848065901723,0.122546633956,2.24712484858,25.125,-23.875,10.1711909332,983.875
23,0.0298335104155,0.0674890946227,0.0973226050382,2.26219086131,17.8125,-22.1875,7.79998998397,982.1875
24,0.0417653501978,0.0692314138715,0.110996764069,1.65762799889,19.6875,-20.3125,9.18026926348,980.3125
25,0.0528619159776,0.0876425513905,0.140504467368,1.65795260671,22.1875,-17.8125,10.0729759133,977.8125
26,0.0477972614393,0.0864551811714,0.134252442611,1.80878942785,23.59375,-26.40625,10.5129663244,976.40625
27,0.0501913242149,0.0906611869939,0.140852511209,1.80631191569,27.328125,-31.671875,11.028449981,972.671875
28,0.0566746239171,0.0947869005423,0.151461524459,1.67247515715,26.078125,-32.921875,12.1556374364,973.921875
29,0.0563525481791,0.0777777641664,0.134130312345,1.38019959486,25.15625,-24.84375,11.1792480041,974.84375
30,0.046209085159,0.0771282564235,0.123337341583,1.66911455092,17.5,-22.5,9.68245836552,972.5
31,0.0521470783161,0.0930104565283,0.145157534844,1.78361778899,18.59375,-21.40625,10.2876120134,971.40625
32,0.0549004290146,0.0871755395066,0.142075968521,1.58788448599,27.34375,-22.65625,10.1922439108,972.65625
33,0.0401748988766,0.0813615087369,0.121536407614,2.0251826641,25.3125,-14.6875,9.00845956587,974.6875
34,0.0618873914345,0.0884538075425,0.150341198977,1.42927025186,14.1875,-34.8125,11.0536687914,975.8125
35,0.061672581657,0.105241095311,0.166913676968,1.70644867596,15.125,-33.875,12.1584589895,974.875
36,0.0468383307541,0.120468963945,0.1673072947,2.57201659423,28.578125,-30.421875,12.8157674949,971.421875
37,0.0432083808879,0.109296963018,0.152505343906,2.52953155781,30.453125,-28.546875,11.3384435764,969.546875
38,0.0351159959146,0.0884200729255,0.12353606884,2.51794290956,18.59375,-21.40625,9.33193232602,971.40625
39,0.0540706961594,0.0878244301357,0.141895126295,1.62425188455,33.390625,-25.609375,11.1153289249,975.609375
40,0.0659517800013,0.0896143725634,0.155566152565,1.35878626114,25.296875,-33.703125,13.1964480158,983.703125
41,0.402900439832,0.237509144669,0.640409584501,0.589498350433,209.625,-133.375,64.1340149609,995.375
42,0.410385938625,0.247088833918,0.657474772543,0.602088937906,199.0,-144.0,64.9651348802,1006.0
43,0.0927358187375,0.138875466859,0.231611285596,1.49753858594,48.203125,-49.796875,16.5936543665,1009.796875
44,0.068854981916,0.104403357623,0.173258339539,1.5162789201,28.125,-40.875,12.8907670447,1010.875
45,0.431359588044,0.194084065087,0.625443653131,0.449935669604,184.3125,-149.6875,77.275658158,1050.6875
46,0.612053116839,0.304674080091,0.91672719693,0.497790259879,273.171875,-226.828125,113.440176234,1039.828125
47,0.892290737379,0.417086777842,1.30937751522,0.467433719045,540.75,-224.25,136.666222052,1037.25
48,2.4435991444,0.801140527353,3.24473967175,0.327852679597,1117.796875,-931.203125,424.065339146,1166.203125
49,2.61516144402,0.974168570325,3.58933001435,0.372508004258,1116.0,-933.0,422.211143861,1168.0
50,2.33338042143,0.852797828551,3.18617824998,0.365477408107,1010.875,-940.125,379.715004148,1106.125
51,2.57320704004,0.995559173314,3.56876621336,0.386894314301,996.453125,-954.546875,408.055561845,1120.546875
52,1.96641806291,0.975926916789,2.9423449797,0.496296761708,635.265625,-590.734375,268.840812691,1099.734375
53,1.71860575768,0.830496788659,2.54910254634,0.483238686329,685.203125,-648.796875,317.629509988,1157.796875
54,2.11347032171,0.912626917137,3.02609723885,0.431814399171,947.09375,-513.90625,358.481333142,1248.90625
55,2.97000502016,1.22508733056,4.19509235071,0.412486619464,1144.21875,-1031.78125,493.350106059,1217.78125
56,3.28421596916,1.41601671496,4.70023268412,0.431158221097,1141.765625,-1034.234375,502.497659888,1220.234375
57,2.98331356878,1.80435081782,4.7876643866,0.604814336886,1166.0625,-833.9375,493.441228612,1234.9375
58,2.88387695991,1.75310195612,4.63697891603,0.607897625484,1190.390625,-809.609375,475.569645832,1210.609375
59,3.0878035696,1.40786576814,4.49566933774,0.455944083361,1219.5625,-868.4375,505.111215322,1211.4375
60,3.06833228403,1.93040226586,4.9987345499,0.629137292564,1241.8125,-846.1875,502.150900969,1189.1875
61,2.86225312874,1.56871073935,4.4309638681,0.548068486187,1100.25,-899.75,467.546722264,1212.75
62,2.81185117433,1.24225495642,4.05410613075,0.441792569879,1131.453125,-898.546875,446.330872563,1211.546875
63,3.0694761075,1.6349689631,4.7044450706,0.53265407706,1347.859375,-877.140625,507.544082666,1220.140625
64,3.04446607795,2.27058278536,5.31504886331,0.74580656418,1363.328125,-861.671875,520.023438615,1204.671875
65,2.95111536028,2.03300743731,4.98412279758,0.688894600554,1138.65625,-979.34375,500.792753378,1204.34375
66,2.9923508159,2.56441507369,5.55676588959,0.856990116285,1313.234375,-990.765625,500.729740672,1215.765625
67,2.67170492375,2.39778687344,5.06949179719,0.897474437438,1302.21875,-746.78125,481.456529344,1226.78125
68,2.67223848435,0.980232746033,3.65247123038,0.366820832712,1180.671875,-701.328125,444.980759931,1181.328125
69,2.29617214213,0.972922409166,3.2690945513,0.423714925947,1140.671875,-830.328125,427.426640441,1084.328125
70,2.91015359433,1.93159633941,4.84174993375,0.663743777365,1309.265625,-916.734375,520.010644188,1170.734375
71,2.93963043891,1.91821474796,4.85784518687,0.652536020369,1308.140625,-819.859375,470.278636395,1171.859375
72,3.14914623038,0.830698804537,3.97984503491,0.263785402064,1015.671875,-837.328125,446.494857707,1189.328125
73,3.14047011349,0.844969888603,3.98544000209,0.26905840784,1028.8125,-1098.1875,432.885950446,1176.1875
74,2.13270064002,1.18141812687,3.31411876688,0.553954035882,1053.84375,-966.15625,345.959364429,1044.15625
75,1.45316771296,1.17079417556,2.62396188852,0.80568413757,511.65625,-704.34375,262.592080204,1017.34375
76,2.29093499503,1.04128345688,3.3322184519,0.454523353626,1312.9375,-814.0625,396.232644533,1157.0625
77,2.55765798243,1.23680584083,3.79446382326,0.483569675587,1234.515625,-843.484375,440.968110815,1235.484375
78,3.13952573131,1.34021297646,4.47973870777,0.42688389622,1695.6875,-833.3125,510.381685451,1225.3125
79,3.08001920199,1.3789125699,4.45893177188,0.447696095208,1662.1875,-1131.8125,499.725952242,1258.8125
80,3.3776840445,1.46027974562,4.83796379012,0.432331658728,1562.875,-1094.125,541.335631217,1221.125
81,3.40419574387,1.61649258924,5.02068833311,0.474853008131,1516.921875,-964.078125,552.857980879,1267.078125
82,3.48273519823,1.11850799621,4.60124319444,0.321157921159,1522.09375,-1075.90625,570.972764202,1251.90625
83,3.4030053216,0.909580184665,4.31258550627,0.267287323617,1537.953125,-1060.046875,551.586955681,1236.046875
84,3.44915187196,2.40188679632,5.85103866828,0.696370263036,1602.9375,-1064.0625,584.502589681,1240.0625
85,3.30177736506,2.56269235067,5.86446971573,0.776155405809,1615.0625,-1051.9375,578.27847625,1227.9375
86,3.177822149,2.31693832935,5.49476047835,0.729096286925,1341.46875,-1001.53125,563.837298361,1226.53125
87,3.36612963563,2.25870224274,5.62483187837,0.671008691654,1330.484375,-1012.515625,565.196868141,1237.515625
88,3.401607191,3.71401119833,7.11561838932,1.09184011845,2268.390625,-986.609375,634.985915621,1240.609375
89,3.74052211192,3.64448501324,7.38500712515,0.974325215624,2312.5,-942.5,622.675778395,1196.5
90,3.04999156158,2.77705562596,5.82704718754,0.910512560408,1630.734375,-948.265625,544.396490454,1212.265625
91,3.15485096536,2.76740390153,5.92225486689,0.877190058079,1641.15625,-937.84375,542.910450108,1201.84375
92,2.73085631055,0.946939499093,3.67779580964,0.346755519664,1164.046875,-835.953125,464.017659608,1158.953125
93,2.68228186802,1.55478085546,4.23706272349,0.579648572358,1179.828125,-820.171875,436.76025155,1143.171875
94,3.27706030448,1.77736720637,5.05442751084,0.542366340936,1513.84375,-976.15625,537.046588376,1172.15625
95,3.41988055646,1.90508701332,5.32496756978,0.557062441763,1535.359375,-954.640625,548.395026623,1150.640625
96,3.34503414573,1.8435077946,5.18854194033,0.551117780652,1208.765625,-1222.234375,468.310218438,1124.234375
97,2.57270536898,1.08068357821,3.65338894719,0.420057263938,1105.203125,-1197.796875,417.701043649,1099.796875
98,2.02380008919,1.3993400561,3.42314014528,0.691441839326,772.515625,-756.484375,352.361275548,1050.484375
99,2.33757288729,0.762671909907,3.1002447972,0.326266579345,1047.9375,-824.0625,424.835294372,1118.0625
100,3.0912384541,1.22250799186,4.31374644596,0.395475150176,1039.578125,-950.421875,455.893278516,1146.421875
101,2.87569301953,1.35795058902,4.23364360855,0.472216811671,1387.515625,-1014.484375,505.677361077,1210.484375
102,3.39149498835,1.39923834603,4.79073333439,0.412572729972,1379.25,-964.75,555.771114084,1218.75
103,3.35073602385,1.3193337457,4.67006976955,0.393744459818,1280.671875,-984.328125,550.575212127,1238.328125
104,3.38495590963,1.27131246284,4.65626837246,0.375577259137,1288.671875,-1074.328125,528.920866443,1250.328125
105,3.43103888695,1.15763650246,4.58867538941,0.337401160583,1310.734375,-1052.265625,535.977968361,1228.265625
106,3.27855432017,1.3045891439,4.58314346407,0.397915976526,1194.421875,-893.578125,518.895034083,1216.578125
107,3.09487156992,1.372684704,4.46755627393,0.44353527214,1157.5,-862.5,490.303381846,1185.5
108,3.02221532975,1.20615378893,4.22836911869,0.399095913869,1096.515625,-1011.484375,486.690738309,1216.484375
109,2.98113777169,1.1721813532,4.15331912489,0.393199322866,1077.234375,-1040.765625,488.652219829,1245.765625
110,2.99692125126,1.22556429093,4.22248554219,0.408941105949,1195.921875,-1069.078125,479.799056399,1225.078125
111,3.30203127058,1.38762877138,4.68966004196,0.420234897152,1228.328125,-1036.671875,516.789399039,1192.671875
112,2.94441926649,1.25274231096,4.19716157745,0.425463290918,1121.171875,-1005.828125,485.37731955,1230.828125
113,2.79404945604,1.18587325685,3.97992271289,0.424428155447,1115.3125,-1011.6875,485.781486209,1236.6875
114,2.9793413414,1.21986630515,4.19920764655,0.409441606506,1141.515625,-1103.484375,486.456671766,1240.484375
115,3.22838972691,1.18020502691,4.40859475381,0.365570803633,1172.265625,-1072.734375,509.812718131,1209.734375
116,3.17299551376,1.20853479507,4.38153030882,0.380881343773,1171.53125,-1063.46875,503.69667735,1180.46875
117,2.8431570639,1.69744399279,4.54060105669,0.597027865375,1158.515625,-1076.484375,491.643607968,1193.484375
118,2.72357876752,1.78158221056,4.50516097809,0.654132801962,909.84375,-825.15625,413.316132743,1197.15625
119,2.58855226157,0.937763988827,3.5263162504,0.362273539054,974.5,-956.5,402.506599325,1083.5
120,2.11734252016,1.06817934703,3.18552186719,0.504490575737,994.9375,-897.0625,346.855827173,1024.0625
121,0.657403318327,0.282285200368,0.939688518696,0.429394243227,413.234375,-194.765625,153.191846857,1095.765625
122,2.0356394767,0.851956064409,2.88759554111,0.418520113291,941.578125,-813.421875,404.469088926,1067.421875
123,1.76938782564,0.993612678957,2.7630005046,0.561557316355,957.515625,-797.484375,404.303760811,1051.484375
124,2.53478713714,0.786907228627,3.32169436577,0.310443120488,926.140625,-818.859375,416.056519117,1210.859375
125,2.54132247938,0.804623963098,3.34594644248,0.316616238052,923.703125,-821.296875,418.363727802,1213.296875
126,2.5851105032,1.04588996962,3.63100047281,0.404582306375,1143.59375,-1062.40625,431.616464539,1130.40625
127,3.17774380256,1.3365158845,4.51425968706,0.420586418395,1061.390625,-1144.609375,500.671412243,1212.609375
128,3.05465884843,1.38746903195,4.44212788038,0.454214071292,1042.46875,-976.53125,476.976839347,1211.53125
129,3.06764767694,1.02669916529,4.09434684223,0.334686141766,1176.890625,-989.109375,483.469205237,1224.109375
130,3.35054886151,1.2405161872,4.59106504871,0.370242679177,1297.203125,-1222.796875,515.298007822,1251.796875
131,3.4438862537,1.38596697455,4.82985322825,0.402442726748,1309.140625,-1229.859375,524.447979641,1258.859375
132,3.43588998026,1.41109685158,4.84698683184,0.410693258423,1346.078125,-986.921875,522.31729176,1221.921875
133,3.01622772387,1.45923277627,4.47546050013,0.48379396712,1297.375,-986.625,507.816173064,1221.625
134,3.19371472684,1.08543123334,4.27914596018,0.339864805149,1147.96875,-941.03125,511.699037788,1244.03125
135,3.42771778814,1.85126906765,5.27898685578,0.540087948329,1314.625,-940.375,553.789685373,1243.375
136,3.47971385196,1.89361846403,5.37333231599,0.544187983435,1323.34375,-1038.65625,569.383691447,1234.65625
137,3.13023629958,1.15910023914,4.28933653872,0.370291610028,1187.234375,-1027.765625,528.767427082,1223.765625
138,3.12633329494,1.03493999706,4.16127329199,0.33103955958,1275.25,-920.75,508.345355049,1204.75
139,3.18736621225,1.5947047707,4.78207098295,0.500320535673,1250.390625,-945.609375,526.293187574,1229.609375
140,2.98170488112,1.71916999041,4.70087487153,0.576572819562,1262.171875,-923.828125,495.161954399,1217.828125
141,2.72849694845,1.11865639219,3.84715334064,0.409989973719,1151.265625,-867.734375,454.548376214,1161.734375
142,2.96524269191,1.00571413892,3.97095683084,0.339167563473,1029.046875,-1224.953125,440.437617237,1195.953125
143,2.53862338489,0.996030709581,3.53465409447,0.392350718705,1108.421875,-1145.578125,412.369365856,1116.578125
144,1.70738367766,0.758504489403,2.46588816707,0.444249584512,612.53125,-672.46875,267.505371952,1122.46875
145,2.27682004829,1.18643069843,3.46325074672,0.521091115357,1187.453125,-655.546875,381.795876815,1184.546875
146,2.61599150163,1.46862706055,4.08461856218,0.56140360534,1147.015625,-666.984375,416.648213882,1224.984375
147,2.77843419916,1.48079118697,4.25922538613,0.53295888289,1115.9375,-943.0625,473.226817809,1217.0625
148,3.03590411516,1.55565216833,4.59155628349,0.512418083483,1147.328125,-911.671875,478.578887655,1185.671875
149,3.00619296793,1.05513286823,4.06132583616,0.350986406889,1117.703125,-950.296875,501.819585349,1195.296875
150,2.70751238626,0.95740663337,3.66491901963,0.353611173943,1145.125,-903.875,453.172618188,1148.875
151,3.0564785773,1.0157721888,4.0722507661,0.332334143071,1531.65625,-772.34375,498.320028281,1183.34375
152,3.13263874482,0.98837619049,4.12101493531,0.315509150911,1523.390625,-780.609375,493.770557078,1191.609375
153,2.85142174482,0.954049731237,3.80547147605,0.334587380127,1290.390625,-778.609375,458.255101485,1189.609375
154,2.93908197471,1.31548668456,4.25456865927,0.447584210265,1290.046875,-778.953125,469.764150588,1189.953125
155,3.0406645873,1.47740275012,4.51806733742,0.485881526129,1174.890625,-933.109375,506.051260904,1217.109375
156,2.92681687351,1.65193765713,4.57875453064,0.564414423082,1142.09375,-965.90625,520.658889016,1249.90625
157,2.98947726246,1.77962094682,4.76909820928,0.595295026716,1204.609375,-1069.390625,499.406823679,1245.390625
158,3.12931247521,1.16778520709,4.29709768231,0.373176285954,1203.25,-1070.75,490.557240544,1246.75
159,2.93385750355,0.927130576073,3.86098807962,0.31601077249,1285.953125,-910.046875,474.011353691,1164.046875
160,3.05698816276,1.15264064943,4.20962881218,0.377051067278,1253.640625,-942.359375,518.949581101,1196.359375
161,3.2279183745,1.08650647321,4.31442484771,0.33659663819,1187.203125,-891.796875,494.608847338,1155.796875
162,2.98143764207,2.16246719757,5.14390483964,0.72531022184,1186.71875,-950.28125,548.626964247,1214.28125
163,3.23769186881,2.18774815689,5.42544002569,0.675712280703,1193.171875,-982.828125,569.726594371,1207.828125
164,3.1727365626,1.87713726133,5.04987382393,0.591646115048,1210.359375,-956.640625,554.880797086,1181.640625
165,3.00719827231,1.9361378267,4.94333609901,0.643834443685,1146.0625,-1137.9375,493.170288636,1215.9375
166,2.50718936011,0.935653220245,3.44284258035,0.373188094658,1105.359375,-1021.640625,413.991408697,1099.640625
167,2.00727764908,0.791803607951,2.79908125703,0.394466409923,647.0625,-764.9375,323.155529264,1077.9375
168,2.2968732986,0.849389786515,3.14626308511,0.369802629964,1039.84375,-823.15625,405.826672467,1136.15625
169,2.82844057861,0.918071575443,3.74651215405,0.324585774362,993.078125,-918.921875,450.703835153,1202.921875
170,2.96124554898,1.30139799318,4.26264354216,0.439476555272,1329.296875,-915.703125,493.280146053,1199.703125
171,3.17264873116,1.72905876456,4.90170749572,0.544989033165,1285.484375,-851.515625,481.668908334,1243.515625
172,3.12954312188,1.246552192,4.37609531388,0.39831762767,1088.578125,-980.421875,492.275545448,1254.421875
173,2.94665843155,1.35294241478,4.29960084633,0.459144636614,1054.296875,-965.703125,482.212468721,1239.703125
174,2.96422814365,0.799898568485,3.76412671213,0.269850541092,1098.21875,-793.78125,478.516668621,1204.78125
175,2.91748578559,0.793521467892,3.71100725348,0.271988117924,1104.34375,-787.65625,468.110337512,1198.65625
176,2.82271425119,0.627351784877,3.45006603607,0.222251255015,1196.59375,-832.40625,518.623891863,1214.40625
177,2.57465486915,1.69584664766,4.27050151681,0.658669504786,1206.375,-822.625,512.72207079,1204.625
178,2.99157054007,1.86251872432,4.85408926439,0.622588937608,1123.28125,-876.71875,486.878529151,1258.71875
179,2.92329928208,1.25600826549,4.17930754757,0.429654354307,1136.125,-863.875,490.715214636,1245.875
180,3.24725018888,1.96839908782,5.2156492767,0.606174139141,1230.875,-916.125,510.598652931,1239.125
181,3.06229961514,1.99845281468,5.06075242982,0.652598721823,1249.140625,-897.859375,496.036221812,1220.859375
182,2.95442086535,0.955605091579,3.91002595693,0.323449208874,1216.015625,-881.984375,487.74642785,1175.984375
183,2.92013181743,1.02794015207,3.9480719695,0.352018407504,1227.046875,-870.953125,473.193057512,1164.953125
184,3.03947304154,1.36341405651,4.40288709805,0.448569221662,1315.53125,-910.46875,509.967645075,1184.46875
185,3.04062140909,1.51214650633,4.55276791542,0.497314957333,1354.3125,-871.6875,494.502713434,1145.6875
186,2.61647768725,1.22843128038,3.84490896763,0.469498091409,1145.453125,-874.546875,466.317854636,1099.546875
187,3.09875318659,1.92567438217,5.02442756877,0.621435224497,1151.53125,-897.46875,498.118521562,1122.46875
188,2.42225680461,1.75184342319,4.17410022779,0.723227784872,1126.46875,-873.53125,370.493504023,1147.53125
189,1.94199726331,0.701963124451,2.64396038776,0.36146452815,963.109375,-820.890625,329.790564089,1094.890625
190,2.60819724853,1.1347347192,3.74293196773,0.435064763541,1036.75,-610.25,351.073443171,1070.25
191,2.29098181019,0.972446945147,3.26342875534,0.424467335717,965.140625,-681.859375,388.727365386,1141.859375
192,2.6104502287,1.36537294049,3.97582316919,0.52304116948,1035.25,-934.75,441.473951666,1120.75
193,3.02536140247,1.41753918074,4.4429005832,0.468552014837,1268.1875,-1025.8125,510.881525986,1211.8125
194,3.09560655752,1.29119427021,4.38680082773,0.417105418994,1238.703125,-928.296875,501.235401274,1241.296875
195,2.69578331265,1.39512086505,4.0909041777,0.517519660613,1117.453125,-912.546875,489.004247479,1225.546875
196,2.78856180114,1.25307768137,4.04163948251,0.449363424851,1110.46875,-850.53125,473.892655591,1232.53125
197,2.85669545996,1.19475943455,4.0514548945,0.418231292517,1242.046875,-835.953125,504.915012332,1217.953125
198,2.97410111208,1.35905376093,4.33315487301,0.456962863641,1227.671875,-968.328125,516.577651916,1232.328125
199,3.04495838913,1.69387527607,4.73883366521,0.556288480697,1127.3125,-960.6875,522.125370331,1224.6875
200,2.95929981658,1.56840887413,4.52770869071,0.529993231961,1139.90625,-899.09375,502.33553648,1212.09375
201,3.23090785444,2.27488277108,5.50579062552,0.70410017047,1166.25,-931.75,538.076609323,1234.75
202,3.26759399182,2.13008369174,5.39767768356,0.65188138339,1134.046875,-972.953125,510.823490482,1266.953125
203,3.09437088619,1.37912071392,4.47349160011,0.445686947248,1109.265625,-890.734375,489.225288153,1184.734375
204,2.93761671259,1.3628137408,4.3004304534,0.463918160242,1055.890625,-846.109375,477.050282897,1218.109375
205,3.16997091436,2.68367399421,5.85364490858,0.846592623943,1689.171875,-1006.828125,538.033995054,1211.828125
206,3.23995320281,2.79900326306,6.03895646587,0.863902373845,1692.8125,-1003.1875,529.583677141,1208.1875
207,2.96376459507,1.48406244636,4.44782704143,0.500735601211,1231.015625,-1131.984375,512.961148998,1160.984375
208,3.41801216587,1.57921804014,4.99723020601,0.462028209234,1371.875,-1128.125,539.200203426,1157.125
209,3.38988922353,1.30088439951,4.69077362303,0.38375425087,1344.6875,-1252.3125,613.337485479,1184.3125
210,2.8328476492,2.10676374626,4.93961139547,0.74369115715,1380.75,-1177.25,555.233340588,1109.25
211,2.55888500081,2.1335569674,4.69244196821,0.833783842075,943.703125,-1066.296875,422.514743814,1124.296875
212,3.68594629981,3.17681518212,6.86276148193,0.861872345315,2250.65625,-1297.34375,546.241081699,1111.34375
213,2.40978283589,2.82804506219,5.23782789808,1.17356843118,2312.546875,-1235.453125,408.539048382,1049.453125
214,0.816512969078,0.413807502258,1.23032047134,0.506798444029,263.046875,-412.953125,111.7595675,1010.953125
215,1.26026898388,0.828924393402,2.08919337728,0.657736089681,634.953125,-443.046875,180.738539547,1041.046875
216,0.958332727261,0.884475241049,1.84280796831,0.922931269996,618.390625,-371.609375,150.463307112,1057.609375
217,0.751775323585,0.750729948372,1.50250527196,0.998609457932,630.03125,-271.96875,111.170051153,1045.96875
218,0.795659219261,0.734637778372,1.53029699763,0.923307064869,657.328125,-244.671875,115.478089736,1018.671875
219,0.534715946677,0.395494282128,0.930210228805,0.739634350885,233.53125,-237.46875,79.4120914813,1011.46875
220,3.22681984203,0.778263624699,4.00508346673,0.241185954841,1223.96875,-1197.03125,550.279984665,1060.03125
221,3.2341918733,0.748629717748,3.98282159105,0.231473501597,1235.765625,-1185.234375,548.316906035,1048.234375
222,0.243937139306,0.185931600059,0.429868739364,0.762211119585,105.015625,-109.984375,34.0002261884,1001.984375
223,0.07349268613,0.122032744551,0.195525430681,1.66047468091,30.046875,-38.953125,15.9769655359,998.953125
224,0.076393813651,0.0881921693422,0.164585982993,1.15444124501,35.625,-33.375,14.7187168259,993.375
225,0.0903971629538,0.104123176518,0.194520339472,1.1518411985,30.65625,-67.34375,14.7862042437,988.34375
226,0.117766200269,0.107167718708,0.224933918977,0.91000404584,33.609375,-64.390625,17.8129317382,985.390625
227,0.106051984261,0.0868141176277,0.192866101889,0.818599654054,31.46875,-37.53125,16.5538597746,987.53125
228,0.0735166408352,0.0879974156735,0.161514056509,1.19697274894,30.21875,-28.78125,14.2702364535,988.78125
229,0.0758292605235,0.0851659801699,0.160995240693,1.12312819065,31.71875,-27.28125,12.0097209975,987.28125
230,0.0435070076136,0.0906510831023,0.134158090716,2.08359728868,17.71875,-21.28125,10.6675160388,991.28125
231,0.0391087170844,0.0780800815143,0.117188798599,1.99648792738,22.75,-16.25,9.65822188604,996.25
232,0.528460596583,0.303043627195,0.831504223777,0.573446022569,344.5625,-57.4375,85.2683035703,1027.4375
233,1.17414133449,0.616968598492,1.79110993298,0.525463656181,409.421875,-394.578125,184.585752826,1070.578125
234,1.36795719757,0.68134931586,2.04930651343,0.498077949421,752.78125,-423.21875,217.926411659,1099.21875
235,2.37264766461,0.798399117569,3.17104678218,0.336501339612,1056.546875,-826.453125,401.424803422,1188.453125
236,2.48227745245,1.10896295676,3.59124040921,0.446752217675,984.265625,-898.734375,450.261876654,1260.734375
237,3.10421153963,0.923045829371,4.02725736901,0.297352747255,1055.265625,-885.734375,486.923801861,1208.734375
238,3.00374127773,0.986503641986,3.99024491972,0.328424970985,1089.390625,-851.609375,460.60471859,1174.609375
239,2.96623375332,1.33897991649,4.30521366982,0.451407416894,1415.078125,-810.921875,479.950886312,1172.921875
240,2.85585721636,1.45192304514,4.30778026149,0.508401833545,1430.3125,-795.6875,459.362223462,1157.6875
241,3.13426708318,1.41004046846,4.54430755164,0.449878849198,1345.015625,-801.984375,464.262570245,1222.984375
242,2.97386396403,1.05212882382,4.02599278785,0.35379184675,1339.90625,-807.09375,454.297284232,1228.09375
243,2.27177744407,1.09907487714,3.37085232121,0.483795135836,1194.703125,-776.296875,417.718044846,1197.296875
244,2.60317599155,1.42269564038,4.02587163193,0.546523033785,1208.953125,-762.046875,435.949016145,1183.046875
245,3.18974337461,1.40781657558,4.59755995019,0.441357316323,1457.8125,-837.1875,495.204972556,1238.1875
246,3.56119263596,2.33768883746,5.89888147342,0.65643425572,1818.265625,-838.734375,531.456790406,1239.734375
247,2.82052499839,2.31089745455,5.13142245294,0.819314650947,1980.953125,-979.046875,453.982290049,1077.046875
248,2.58917483784,0.905020559355,3.4941953972,0.34954014929,949.765625,-1001.234375,419.985890469,1099.234375
249,2.8473353109,0.98416802185,3.83150333275,0.345645283885,994.203125,-985.796875,426.420793484,1112.796875
250,2.79729754478,0.842790152892,3.64008769767,0.301287274378,1042.125,-1035.875,475.380752003,1162.875
251,2.42605063176,0.810937306731,3.23698793849,0.334262317577,1047.859375,-746.140625,410.642974005,1157.140625
252,2.16209706894,1.26844300853,3.43054007746,0.586672553582,932.171875,-656.828125,341.524548655,1067.828125
253,2.2935906904,1.37779692075,3.67138761115,0.600716128868,1131.140625,-809.859375,366.746287779,1103.859375
254,2.69459134162,1.77646900582,4.47106034744,0.659272142077,1148.4375,-890.5625,460.839820159,1086.5625
255,1.94954439638,1.7034694211,3.65301381748,0.873778214164,803.5625,-823.4375,349.295580195,1019.4375
256,1.07910355165,0.770206952923,1.84931050457,0.713747028029,502.5625,-419.4375,155.847870033,987.4375
257,1.01516051558,0.904400291824,1.91956080741,0.890893881254,495.5,-426.5,160.893695495,994.5
258,1.52133597235,0.908134352319,2.42947032467,0.596932149651,1010.234375,-342.765625,203.899848439,1057.765625
259,1.81003396402,1.56477212755,3.37480609158,0.864498765577,1041.65625,-497.34375,293.62934856,1075.34375
260,1.62068641354,1.64113169682,3.26181811036,1.01261520002,1126.796875,-412.203125,269.981664869,990.203125
261,1.42627319998,1.09107574497,2.51734894495,0.76498369666,687.09375,-459.90625,223.65533743,1037.90625
262,2.73280763262,1.57630265799,4.30911029061,0.576807031411,973.5,-987.5,423.669830174,1055.5
263,2.93315637843,2.02275058811,4.95590696655,0.689615665562,1007.828125,-953.171875,440.392919543,1021.171875
264,1.79049878519,1.3730642351,3.16356302028,0.766861305048,901.046875,-794.953125,280.541965983,1019.953125
265,2.44275787868,1.57214826155,4.01490614023,0.643595615953,961.953125,-998.046875,404.907220456,979.046875
266,2.69389119754,2.13708262301,4.83097382056,0.793306954996,1039.359375,-1096.640625,448.285914874,1077.640625
267,2.556357526,2.18450161398,4.74085913998,0.854536813322,1100.0625,-977.9375,418.615309495,1016.9375
268,2.82579429639,2.07196103729,4.89775533368,0.733231374959,977.796875,-1197.203125,496.740883777,884.203125
269,3.00879601272,2.53920024036,5.54799625308,0.843925686429,1369.71875,-1344.28125,488.71129862,1031.28125
270,2.51054138285,2.48443584877,4.99497723162,0.989601631638,1339.25,-836.75,400.681645761,1061.75
271,2.40810748903,0.946226038668,3.3543335277,0.392933472853,956.90625,-818.09375,330.1490534,1043.09375
272,2.61041259663,0.812798697334,3.42321129396,0.311367903443,1053.1875,-995.8125,418.042008767,1151.8125
273,2.62742171046,1.13235124439,3.75977295485,0.430974304536,1105.125,-943.875,406.13069402,1099.875
274,2.64748886595,0.961379894728,3.60886876068,0.363128966128,1082.1875,-957.8125,441.272410019,1113.8125
275,2.72178467092,0.932860102125,3.65464477304,0.342738392237,1046.84375,-993.15625,440.484151912,1149.15625
276,2.65093126991,0.632048852817,3.28298012272,0.238425213053,1147.3125,-1077.6875,439.43806002,1048.6875
277,3.07742538244,1.47740865951,4.55483404195,0.48007944171,1159.078125,-1163.921875,513.605007055,1134.921875
278,3.28660934895,1.56631047519,4.85291982414,0.476573364488,1141.453125,-986.546875,492.730844684,1152.546875
279,2.88413096526,1.23562490622,4.11975587148,0.428421913257,1154.25,-963.75,510.065253178,1129.75
280,3.03155339174,1.1633727379,4.19492612964,0.383754658939,1153.390625,-1091.609375,503.588609916,1130.609375
281,3.28455378693,1.18312009071,4.46767387764,0.360207251108,1273.9375,-1098.0625,533.053874945,1137.0625
282,3.1475738629,1.2190922008,4.3666660637,0.387311705427,1307.90625,-868.09375,514.820530584,1103.09375
283,2.9596189985,0.94919227327,3.90881127177,0.320714346593,1195.265625,-882.734375,470.432322517,1117.734375
284,2.74065270301,1.10331570815,3.84396841116,0.402574068191,1158.609375,-978.390625,440.294809516,1154.390625
285,2.92307189725,0.819744053099,3.74281595035,0.280439237184,1058.859375,-961.140625,429.720034848,1137.140625
286,2.42905971286,0.848378304624,3.27743801748,0.349262021075,926.1875,-740.8125,359.259302028,1190.8125
287,2.39903896805,1.14092499709,3.53996396513,0.475575850281,969.703125,-912.296875,416.046897886,1147.296875
288,2.5789659269,1.2612791569,3.8402450838,0.48906390881,961.640625,-999.359375,425.09011424,1126.359375
289,2.59217484116,1.59153720162,4.18371204278,0.613977566771,1007.890625,-953.109375,410.089362106,1080.109375
290,2.14367649971,1.62148987474,3.76516637445,0.75640605052,780.484375,-739.515625,324.641099533,1013.515625
291,2.34115212007,0.832643609362,3.17379572943,0.355655492108,1024.859375,-877.140625,358.495461407,1014.140625
292,2.35697848039,1.93639277712,4.29337125751,0.821557257835,967.75,-934.25,416.715317993,1071.25
293,1.29860389681,1.94729906076,3.24590295756,1.49953274093,906.78125,-593.21875,282.538850689,1043.21875
294,1.11578491216,0.729611138905,1.84539605106,0.65389944868,701.453125,-327.546875,166.507125381,1003.546875
295,1.23190294154,0.895903566934,2.12780650848,0.727251747456,830.046875,-395.953125,190.543501405,1012.953125
296,1.28812021827,0.795905361686,2.08402557996,0.617881274119,835.359375,-390.640625,182.358880986,1007.640625
297,2.75375325062,0.92771188589,3.68146513652,0.336889983037,757.28125,-1192.71875,415.742200346,1036.71875
298,2.77053329966,1.16221868876,3.93275198842,0.419492770182,706.796875,-1243.203125,436.127388919,1087.203125
299,1.74018678453,1.46647268722,3.20665947175,0.842709932208,716.578125,-783.421875,304.820172637,1008.421875
300,2.57149272964,1.848579937,4.42007266663,0.718874261509,992.515625,-1192.484375,415.563810992,987.484375
301,2.59052557049,2.78327167907,5.37379724956,1.07440424861,1791.734375,-1236.265625,459.938659028,1031.265625
302,1.7750445354,2.80380699202,4.57885152743,1.57956994098,1872.328125,-813.671875,381.141626182,950.671875
303,1.63252572267,0.698640702827,2.3311664255,0.427950808446,672.875,-405.125,259.259612888,993.125
304,1.25778888083,0.738323390302,1.99611227113,0.587001047277,571.9375,-388.0625,197.289593222,1035.0625
305,0.955734082194,0.517607056941,1.47334113913,0.541580620158,286.640625,-360.359375,146.593226223,1007.359375
306,1.10840174109,0.652245641759,1.76064738285,0.588455988096,327.71875,-457.28125,159.809502685,1015.28125
307,1.01932589247,0.659369230791,1.67869512326,0.646867930721,326.984375,-458.015625,145.477392164,1016.015625
308,0.763186432061,0.94758481175,1.71077124381,1.2416164281,656.984375,-255.015625,132.610507242,1009.015625
309,1.34370696984,1.00736228432,2.35106925415,0.749688962647,775.28125,-548.71875,202.720517951,1008.71875
310,1.20440664218,0.605648093405,1.81005473558,0.502860140584,782.71875,-541.28125,161.435016798,1001.28125
311,0.318459192633,0.244911803237,0.56337099587,0.76905239008,119.703125,-194.296875,61.026807554,997.296875
312,0.78088762399,0.88032531931,1.6612129433,1.12733931524,709.515625,-231.484375,131.65852994,1005.484375
313,1.23047150199,0.904316382709,2.1347878847,0.734934845095,618.703125,-322.296875,212.213459729,1096.296875
314,2.746277091,1.57501587134,4.32129296234,0.573509452668,1190.53125,-731.46875,425.933459033,1191.46875
315,3.01906938675,1.53987615322,4.55894553997,0.510049937899,1173.5,-748.5,464.495694275,1208.5
316,3.470052233,0.909340150318,4.37939238332,0.262053735581,1467.4375,-876.5625,532.960067541,1277.5625
317,3.21594644557,1.0885576355,4.30450408107,0.338487488498,1513.546875,-830.453125,506.558915925,1231.453125
318,3.19860618406,1.50597125405,4.70457743811,0.470821091247,1294.546875,-1019.453125,515.506332699,1195.453125
319,3.22500864646,1.86576408511,5.09077273157,0.578529948178,1261.46875,-1052.53125,528.745921047,1228.53125
320,3.03766259958,1.22304934329,4.26071194287,0.402628436569,1066.875,-894.125,468.922818143,1227.125
321,3.06623771441,1.1065803514,4.1728180658,0.360891898954,1246.984375,-890.015625,483.433568736,1223.015625
322,3.01243557911,0.964801300887,3.97723688,0.320272840879,1324.6875,-783.3125,462.753203494,1145.3125
323,2.91949275165,1.28895381705,4.2084465687,0.441499235206,1256.53125,-743.46875,411.966054759,1105.46875
324,0.76320223094,0.55284323307,1.31604546401,0.724373187941,535.265625,-131.734375,121.66735416,1042.734375
325,0.159384642554,0.121656005655,0.281040648209,0.763285619655,61.40625,-46.59375,23.5177584165,996.59375
326,0.144894333487,0.127670348553,0.27256468204,0.881127270343,78.5,-88.5,28.7244451644,1009.5
327,0.232219654205,0.225813487397,0.458033141602,0.972413330686,144.046875,-91.953125,50.7322720537,1002.953125
328,0.24138853205,0.216339849695,0.457728381745,0.896230851804,148.1875,-87.8125,45.4824399494,998.8125
329,0.151389102604,0.126132474147,0.277521576751,0.833167460386,42.046875,-65.953125,26.0596849124,1006.953125
330,0.402022164509,0.221156125628,0.623178290137,0.550109285388,196.59375,-186.40625,70.8666703108,999.40625
331,0.528579020741,0.256050916692,0.784629937432,0.484413695294,266.046875,-204.953125,84.8059236005,1017.953125
332,0.320876171724,0.227095569368,0.547971741093,0.707735847595,266.453125,-76.546875,53.4882959416,1017.546875
333,0.139588629807,0.121178429057,0.260767058864,0.868111028987,50.3125,-48.6875,22.0984126975,998.6875
334,0.194437797448,0.156608267617,0.351046065065,0.805441481399,128.71875,-58.28125,31.373988405,1018.28125
335,1.12736331669,0.33363436498,1.46099768167,0.295942186552,509.203125,-353.796875,179.234934835,1068.796875
336,1.1170957161,0.557610055482,1.67470577159,0.499160499359,497.1875,-365.8125,196.110848358,1080.8125
337,0.996914036654,0.633229587175,1.63014362383,0.63518975949,746.625,-263.375,204.877745558,1125.375
338,2.09035473097,1.00899485187,3.09934958284,0.482690730393,943.140625,-1007.859375,412.578661711,1144.859375
339,1.90485824438,0.981743455103,2.88660169949,0.515389246416,1037.171875,-913.828125,377.551054275,1050.828125
340,2.08045810533,0.630940164538,2.71139826987,0.303269824526,948.671875,-865.328125,365.016996808,982.328125
341,2.58291067198,1.37026564135,3.95317631334,0.530512207108,1000.46875,-980.53125,464.26662493,1097.53125
342,2.41017142557,1.423400534,3.83357195957,0.590580619662,938.671875,-826.328125,369.835776675,1159.328125
343,2.27946295922,1.69276469944,3.97222765866,0.742615576441,970.75,-706.25,389.563216949,1029.25
344,1.82038744385,1.71862472373,3.53901216757,0.944098317936,998.296875,-678.703125,291.396029898,1001.703125
345,0.783662223147,0.529768743951,1.3134309671,0.676016692272,623.046875,-258.953125,102.958339525,1032.953125
346,0.798519828778,0.578317505378,1.37683733416,0.724236874949,633.96875,-248.03125,112.582326648,1022.03125
347,0.954780344148,0.650647995045,1.60542833919,0.681463541885,654.875,-178.125,130.391897275,1021.125
348,0.886771147796,0.621924684053,1.50869583185,0.70133617405,652.71875,-151.28125,123.081841262,1023.28125
349,0.147081209912,0.124962789756,0.272043999667,0.849617635257,49.5625,-97.4375,30.4994236626,1008.4375
350,0.344846474602,0.35794502644,0.702791501043,1.03798371972,297.484375,-114.515625,54.1199455456,1015.515625
351,0.290150924464,0.394336436761,0.684487361225,1.35907351489,298.875,-113.125,50.5351053724,1014.125
352,0.171253639083,0.132600382364,0.303854021447,0.774292348322,59.828125,-57.171875,25.1057480268,998.171875
353,0.150421718849,0.120546699665,0.270968418514,0.801391584851,58.5625,-58.4375,22.441503821,999.4375
354,0.0991066430366,0.104094275985,0.203200919022,1.05032591959,56.0625,-31.9375,15.3438454681,1001.9375
355,0.090853189027,0.122755683024,0.213608872051,1.35114335929,39.984375,-49.015625,16.3940654159,999.015625
356,0.0933205217673,0.123652218075,0.216972739842,1.32502707586,41.1875,-47.8125,16.7862248213,997.8125
357,0.0843286442251,0.080841158705,0.16516980293,0.958644117285,28.265625,-30.734375,13.7888566734,1000.734375
358,0.0806710674313,0.0904493013283,0.17112036876,1.12121116292,24.15625,-34.84375,12.8381983135,1004.84375
359,0.0841735637653,0.1158510374,0.200024601166,1.37633518433,26.140625,-32.859375,15.9117362223,1002.859375
360,0.104119562345,0.0992910574025,0.203410619748,0.953625381876,26.234375,-32.765625,16.0776846393,1002.765625
361,0.0602503825397,0.094899922724,0.155150305264,1.57509245126,24.765625,-24.234375,11.8397400039,1004.234375
362,0.0660059196514,0.0865405497028,0.152546469354,1.31110285501,25.625,-33.375,11.7957884433,1003.375
363,0.0735175438677,0.103409316579,0.176926860447,1.40659373449,24.875,-34.125,13.185574504,1004.125
364,0.0641777007322,0.100754742787,0.164932443519,1.56993381872,25.046875,-33.953125,12.5852464312,1003.953125
365,0.0407476019656,0.0832383614425,0.123985963408,2.0427793889,15.828125,-23.171875,9.17120951589,1003.171875
366,0.0928135466444,0.111754713771,0.204568260415,1.20407761379,44.46875,-63.53125,16.5538597746,1004.53125
367,0.135653293261,0.13312406967,0.268777362931,0.981355236348,44.90625,-83.09375,24.2736474585,1004.09375
368,0.491566379818,0.323057073115,0.814623452933,0.65719928453,302.78125,-167.21875,67.7927606639,1010.21875
369,0.492164897948,0.305679629166,0.797844527114,0.621091895094,301.515625,-168.484375,66.9440046297,1011.484375
370,1.01501566045,0.64732958427,1.66234524472,0.637753297306,703.671875,-129.328125,136.786678661,1021.328125
371,1.10799177374,0.453754631522,1.56174640526,0.409528881238,692.765625,-189.234375,147.826623764,1032.234375
372,0.28923404509,0.566067731791,0.855301776882,1.95712690605,373.078125,-175.921875,63.8495068226,1018.921875
373,0.40054951374,0.422836942444,0.823386456184,1.05564213147,358.53125,-112.46875,72.7847787895,1013.46875
374,0.389399817462,0.433826835076,0.823226652538,1.11409100781,363.875,-107.125,71.0038511279,1008.125
375,1.33291728929,0.558566934606,1.8914842239,0.419055960257,296.515625,-732.484375,197.666859276,1006.484375
376,1.62754487046,1.06375767215,2.69130254262,0.653596525329,642.265625,-700.734375,284.377952852,974.734375
377,1.19463853163,1.03487789228,2.22951642391,0.866268636811,642.75,-671.25,204.819890392,974.25
378,0.050365424605,0.102523216079,0.152888640684,2.03558724827,52.28125,-35.71875,13.2894092584,1015.71875
379,0.564720901091,0.493686076775,1.05840697787,0.874212510678,517.71875,-110.28125,80.6722669102,1011.28125
380,0.565312332613,0.500230320675,1.06554265329,0.884874239985,530.390625,-97.609375,80.8328942146,998.609375
381,0.287265622512,0.268289584195,0.555555206707,0.933942536696,283.1875,-60.8125,45.6367707419,1010.8125
382,1.70195672315,0.81047689216,2.51243361531,0.476202996902,1118.234375,-351.765625,219.922482237,1037.765625
383,1.68448156236,0.789790040665,2.47427160303,0.468862383722,1124.4375,-345.5625,216.854637012,1031.5625
384,0.743212025064,0.345189204444,1.08840122951,0.464455892534,523.984375,-143.015625,95.2285888316,1015.015625
385,0.735316886618,0.358542187162,1.09385907378,0.487602275545,530.703125,-136.296875,95.7027755096,1008.296875
386,0.114874705701,0.132934451326,0.247809157027,1.15721255184,41.421875,-57.578125,20.3637274703,1007.578125
387,0.822893540186,0.628240879872,1.45113442006,0.763453410668,659.546875,-203.453125,115.901888694,1016.453125
388,0.806918267348,0.627408827598,1.43432709495,0.777537023247,669.0625,-193.9375,116.528010983,1006.9375
389,0.107089895286,0.116666017404,0.22375591269,1.08942134169,53.171875,-35.828125,18.2530431431,995.828125
390,0.0839104669819,0.108687640439,0.192598107421,1.29528108171,47.53125,-41.46875,15.8054270248,1001.46875
391,0.0759886052866,0.0942700896085,0.170258694895,1.24058191689,26.15625,-52.84375,14.3888180869,1012.84375
392,0.0586201461975,0.100879098487,0.159499244685,1.72089469288,18.828125,-30.171875,12.104434476,1020.171875
393,0.0696619890602,0.0941740069822,0.163835996042,1.35187077275,19.59375,-29.40625,12.4470362311,1019.40625
394,0.0674371471754,0.0798824275737,0.147319574749,1.18454636531,28.515625,-30.484375,12.2116647456,1020.484375
395,0.0628241400625,0.0913642291708,0.154188369233,1.45428539221,25.109375,-23.890625,11.6271734359,1023.890625
396,0.111975216982,0.0957423741771,0.207717591159,0.855031825411,37.453125,-60.546875,18.6831555882,1020.546875
397,0.111990751773,0.0842018514255,0.196192603198,0.751864328907,38.734375,-59.265625,17.9262745254,1019.265625
398,0.0539063155726,0.0877628422075,0.14166915778,1.6280623388,26.375,-22.625,10.8836172755,1022.625
399,0.0811446791754,0.107057729749,0.188202408925,1.31934380464,26.59375,-22.40625,14.2770781653,1022.40625
400,0.160869949095,0.108369007908,0.269238957003,0.6736435768,93.515625,-53.484375,23.4154010399,1023.484375
401,0.618034776605,0.215930371763,0.833965148368,0.349382235333,332.5625,-157.4375,98.6510382295,1068.4375
402,1.13513105876,0.843393763049,1.97852482181,0.742992411791,906.421875,-201.578125,182.998531815,1073.578125
403,1.78794839517,0.993558838979,2.78150723415,0.555697715696,960.484375,-255.515625,288.475735125,1127.515625
404,2.70307408266,1.53831147001,4.24138555267,0.569097043945,1209.84375,-918.15625,458.365411638,1221.15625
405,3.0174478628,1.54022365544,4.55767151824,0.510439194138,1198.9375,-929.0625,493.787652836,1232.0625
406,3.57435812009,1.83373512427,5.40809324436,0.513025013907,1484.09375,-1025.90625,575.953658041,1250.90625
407,3.57850040794,1.93369002074,5.51219042868,0.540363224898,1478.46875,-1031.53125,580.764554508,1256.53125
408,3.40804401051,1.89646241162,5.30450642214,0.556466526187,1248.75,-928.25,542.975108776,1280.25
409,3.19979490193,2.03006489182,5.22985979376,0.63443594169,1243.640625,-933.359375,530.888358296,1285.359375
410,3.44713210597,1.3430748091,4.79020691507,0.38962092772,1520.9375,-891.0625,543.150384188,1253.0625
411,3.34876411443,1.76500357071,5.11376768514,0.527061181497,1514.5,-897.5,569.232075915,1259.5
412,3.5212775459,1.51216582035,5.03344336625,0.429436703195,1245.4375,-989.5625,596.777200757,1332.5625
413,3.59229967916,1.64165243669,5.23395211585,0.456992061718,1212.546875,-1022.453125,593.573208672,1365.453125
414,3.19259129736,2.53432156872,5.72691286608,0.793813342414,1354.28125,-881.71875,537.739553268,1282.71875
415,3.26637434109,2.58773985098,5.85411419207,0.792236155674,1445.71875,-897.28125,576.089930825,1191.28125
416,3.54641653404,3.79440703656,7.3408235706,1.06992706586,2015.25,-1092.75,609.48684871,1248.75
417,3.35698499687,3.71141668973,7.0684016866,1.1055803625,2017.390625,-1090.609375,625.172966496,1246.609375
418,3.43764223874,2.01787471344,5.45551695218,0.586993809509,1421.15625,-1049.84375,540.667071159,1215.84375
419,3.54954722023,1.84757302269,5.39712024292,0.520509492637,1422.515625,-1263.484375,555.552708801,1214.484375
420,2.79336964102,1.12888379804,3.92225343905,0.40412975836,1255.3125,-1194.6875,474.191215222,1145.6875
421,2.53467519674,1.07681188249,3.61148707923,0.424832295623,810.875,-973.125,414.795073651,1071.125
422,2.56562031573,0.927931341822,3.49355165755,0.361679137062,866.171875,-1015.828125,445.674052514,1113.828125
423,2.70079022057,1.11028131937,3.81107153994,0.41109498654,1183.3125,-1140.6875,451.124147097,1198.6875
424,3.45363376956,1.91339499589,5.36702876545,0.554023710548,1442.546875,-1195.453125,555.421065771,1253.453125
425,3.75708117889,1.93083758386,5.68791876275,0.513919580633,1447.8125,-994.1875,594.795208323,1248.1875
426,3.48442594608,1.04230764606,4.52673359214,0.299133246679,1328.09375,-985.90625,534.357140601,1239.90625
427,3.19366042475,1.16847598343,4.36213640818,0.365873583296,1244.5,-902.5,512.003356923,1225.5
428,3.31712747762,1.59345306666,4.91058054429,0.480371368725,1432.09375,-910.90625,539.598019326,1233.90625
429,3.4693875483,1.81956993988,5.28895748818,0.524464308051,1417.046875,-1316.953125,566.382557048,1248.953125
430,3.42210886888,1.42127173641,4.84338060528,0.41532043277,1316.546875,-1290.453125,521.732777917,1222.453125
431,3.40168817869,1.15662899123,4.55831716992,0.34001617152,1267.125,-1026.875,528.506430306,1192.875
432,3.36009535267,1.5491877596,4.90928311227,0.46105470143,1294.21875,-1068.78125,571.641782193,1234.78125
433,3.27430348371,1.62213405897,4.89643754268,0.495413472526,1286.890625,-1076.109375,561.71044913,1242.109375
434,3.29962352362,1.41752033182,4.71714385544,0.429600626153,1406.71875,-1074.28125,559.914822449,1240.28125
435,3.09525843668,1.59224928589,4.68750772258,0.514415619395,1386.453125,-957.546875,542.623630201,1260.546875
436,3.03223181109,1.73272167203,4.76495348312,0.571434435089,1145.984375,-943.015625,525.214940887,1246.015625
437,3.27714303772,1.82199294263,5.09913598035,0.555969916984,1275.796875,-1047.203125,536.243536665,1194.203125
438,3.29152574026,1.35596343077,4.64748917103,0.411955894553,1326.015625,-1035.984375,531.258161472,1182.984375
439,3.39061439509,1.37151980193,4.76213419701,0.404504801228,1316.765625,-1056.234375,552.003304513,1212.234375
440,3.33126195238,1.08017671223,4.41143866461,0.324254510052,1355.296875,-1017.703125,517.417344839,1173.703125
441,3.25694641467,1.0447127244,4.30165913907,0.320764480403,1160.3125,-1094.6875,440.225612435,1211.6875
442,2.40481297551,1.17945061564,3.58426359116,0.490454196501,1231.890625,-1023.109375,380.807699058,1140.109375
443,2.18835653233,1.07166263684,3.26001916917,0.48971116955,871.671875,-1000.328125,421.889316597,1029.328125
444,3.36267135206,1.47468424343,4.83735559549,0.438545456585,1465.390625,-1142.609375,574.233663709,1171.609375
445,3.1059323996,1.52096955772,4.62690195732,0.489698216842,1352.296875,-912.703125,494.416565247,1284.703125
446,3.25154103551,1.30990920744,4.56145024295,0.402857965849,1572.375,-878.625,523.330336045,1250.625
447,3.63452208442,1.49115890712,5.12568099154,0.410276474454,1588.9375,-1205.0625,575.773579494,1234.0625
448,3.72216470245,1.57918289143,5.30134759388,0.424264646428,1664.578125,-1198.421875,575.512157905,1227.421875
449,3.7076312573,1.51887220637,5.22650346367,0.409661074948,1676.53125,-1215.46875,605.717832636,1215.46875
450,3.57670538491,1.52172176252,5.09842714743,0.425453482677,1378.96875,-1238.03125,576.999295081,1238.03125
451,3.19881814351,1.59014823441,4.78896637793,0.497104919089,1407.921875,-866.078125,528.23708292,1209.078125
452,3.2537948887,1.59229014729,4.84608503599,0.489364020094,1425.28125,-858.71875,510.402122986,1201.71875
453,3.41997953719,1.6546244243,5.07460396149,0.483811205977,1376.96875,-966.03125,542.990963574,1250.03125
454,3.47923972201,1.43176416473,4.91100388675,0.411516388386,1410.828125,-971.171875,536.543933275,1255.171875
455,3.45605156774,1.38190773058,4.83795929832,0.399851594658,1421.75,-1039.25,528.457011024,1244.25
456,3.25868534833,1.25895478184,4.51764013017,0.38633824603,1293.296875,-1040.703125,521.258353641,1245.703125
457,3.07393128537,1.1876587804,4.26159006577,0.386364778568,1196.921875,-1019.078125,488.376849391,1234.078125
458,3.36029978486,1.6717951579,5.03209494276,0.497513693698,1385.5625,-1026.4375,519.941549449,1241.4375
459,3.36436935571,1.77482460756,5.13919396327,0.527535600261,1373.4375,-989.5625,545.922438258,1253.5625
460,3.17958905035,1.6673058273,4.84689487765,0.524377773638,1303.78125,-951.21875,511.126986079,1215.21875
461,3.28447438318,1.79106729795,5.07554168112,0.545313218797,1519.265625,-970.734375,571.781351408,1166.734375
462,3.23214790813,1.13715690432,4.36930481245,0.351827000696,1565.9375,-924.0625,520.325975801,1120.0625
463,3.09521301934,1.0094780753,4.10469109464,0.326141712699,1124.84375,-1051.15625,443.119947741,1178.15625
464,2.76799667266,0.983630894204,3.75162756687,0.355358409176,1182.640625,-993.359375,418.148723811,1120.359375
465,2.96872756817,0.949306230017,3.91803379818,0.319768725226,1282.734375,-786.265625,411.032816595,1148.265625
466,2.7360635831,0.931589139364,3.66765272246,0.340485193809,1251.953125,-817.046875,423.038282461,1179.046875
467,2.74718107014,1.19570579197,3.94288686211,0.435248264108,1279.84375,-995.15625,440.986685554,1161.15625
468,3.10859126193,1.784922644,4.89351390593,0.574190201799,1201.78125,-1082.21875,517.539022344,1248.21875
469,3.39540347543,1.77678522232,5.17218869775,0.523291336413,1220.53125,-1092.46875,537.103079281,1229.46875
470,3.25136886324,1.03917038141,4.29053924464,0.319610116575,1191.296875,-1072.703125,507.97642907,1209.703125
471,3.10539468741,0.950540950808,4.05593563822,0.306093442699,1133.65625,-886.34375,495.629247105,1189.34375
472,3.17963090149,1.08299547703,4.26262637852,0.340604148902,1157.375,-901.625,512.501326218,1204.625
473,2.9756113774,1.21333834469,4.18894972209,0.407761024812,1159.375,-889.625,480.586571936,1202.625
474,2.94462457683,1.84312585854,4.78775043537,0.62592898023,1229.234375,-878.765625,491.123226078,1191.765625
475,3.35087009072,1.62833657497,4.97920666568,0.485944405746,1232.734375,-943.265625,527.854183292,1188.265625
476,3.14046248513,1.39068087853,4.53114336366,0.442826776347,1320.90625,-943.09375,521.12317758,1188.09375
477,2.93884398115,1.38550584438,4.32434982553,0.47144586554,1310.828125,-846.171875,502.483225923,1198.171875
478,3.22404313974,3.44665719934,6.67070033909,1.06904810201,2061.6875,-909.3125,574.207385092,1232.3125
479,3.04681706972,3.44099355012,6.48781061983,1.12937320206,2051.265625,-919.734375,544.047913854,1242.734375
480,2.83360864382,2.61139301901,5.44500166283,0.921578576032,1376.1875,-838.8125,492.439935265,1230.8125
481,3.18808384544,2.70314083215,5.89122467759,0.847888877205,1392.515625,-1223.484375,566.786776271,1214.484375
482,3.46353453473,4.31736785032,7.78090238506,1.24652080325,2772.328125,-1236.671875,643.70796112,1227.671875
483,3.5183552435,4.2879706153,7.8063258588,1.21874294053,2787.046875,-909.953125,643.557894387,1212.953125
484,3.65648318809,0.993029801867,4.64951298996,0.271580573678,1350.171875,-904.828125,555.84239433,1207.828125
485,3.46564449961,1.54713291846,5.01277741807,0.446419971418,1062.90625,-1200.09375,519.587418016,1191.09375
486,2.69110125886,1.72410185852,4.41520311738,0.640667776005,1058.53125,-1087.46875,435.589183203,1078.46875
487,2.15591248903,1.36978761294,3.52570010196,0.635363271891,522.609375,-1103.390625,358.920021435,1094.390625
488,2.7172880735,1.35957095162,4.07685902512,0.500341117632,1258.859375,-1074.140625,437.186918948,1123.140625
489,2.75935994235,1.38031918167,4.13967912402,0.500231651724,1212.703125,-856.296875,460.54022896,1169.296875
490,3.23761733699,1.45209849283,4.68971582982,0.448508375664,1629.78125,-860.21875,500.247203539,1232.21875
491,3.48778604985,1.58670338598,5.07448943583,0.454931398689,1655.703125,-942.296875,539.471780995,1206.296875
492,3.35619951414,1.50861366261,4.86481317675,0.449500590251,1375.40625,-958.59375,520.379600591,1222.59375
493,3.53219631592,1.53643759204,5.06863390796,0.434980803619,1383.875,-960.125,543.938401269,1214.125
494,3.13452800723,1.43600466088,4.57053266812,0.458124686578,1359.4375,-944.5625,528.10400476,1198.5625
495,3.21312839411,1.42029197997,4.63342037408,0.442027770374,1344.046875,-968.953125,528.781128803,1213.953125
496,3.2941429517,2.77948471443,6.07362766613,0.843765663843,1467.375,-992.625,583.998515088,1237.625
497,2.98722759376,2.78841024766,5.77563784141,0.933444192028,1461.125,-979.875,555.351845117,1243.875
498,3.2562465913,2.92233085607,6.17857744736,0.897453793541,1718.84375,-938.15625,547.758221605,1202.15625
499,3.51057261992,2.88852957717,6.39910219709,0.822808666822,1726.484375,-1047.515625,591.054037086,1194.515625
500,3.33152081201,3.11361368003,6.44513449204,0.934592294546,1915.265625,-1035.734375,609.469755253,1182.734375
501,3.11119857663,3.14099738977,6.2521959664,1.00957792067,1933.8125,-880.1875,558.49596784,1164.1875
502,3.15827040336,1.47029629224,4.6285666956,0.465538444928,1368.25,-915.75,507.581305064,1199.75
503,3.26307365924,1.49905472939,4.76212838863,0.459399598641,1342.40625,-961.59375,533.236014782,1225.59375
504,2.91049287725,1.62343672989,4.53392960714,0.557787563259,1116.34375,-981.65625,531.524758912,1245.65625
505,3.20098137988,1.74185280405,4.94283418393,0.544162116967,1215.53125,-882.46875,529.91853645,1225.46875
506,3.41668505467,1.69740672909,5.11409178376,0.49679929579,1254.484375,-843.515625,511.316896363,1186.515625
507,3.27743038055,1.65386045894,4.93129083949,0.504621080208,1130.375,-869.625,484.632770121,1202.625
508,2.48488863772,0.786261162505,3.27114980023,0.316417062145,912.359375,-803.640625,406.559857493,1136.640625
509,1.23719957905,0.856221272587,2.09342085163,0.692063986351,666.53125,-372.46875,213.28699626,1136.46875
510,2.35162402042,0.81428741407,3.16591143449,0.346265987675,1186.5,-842.5,381.327082372,1126.5
511,2.8877282526,0.811561867069,3.69929011967,0.281038171212,1125.0625,-903.9375,447.12054006,1187.9375
512,2.98387999286,1.8542353898,4.83811538266,0.621417548372,1465.046875,-887.953125,510.304456602,1210.953125
513,3.11052402904,1.86074290009,4.97126692913,0.598208817137,1452.28125,-900.71875,518.664404648,1223.71875
514,2.88347756713,2.20902385982,5.09250142696,0.766097120021,1297.3125,-859.6875,499.463114097,1202.6875
515,2.90867298838,2.22163633857,5.13030932696,0.763797218679,1312.375,-844.625,495.293615571,1187.625
516,3.24546292823,2.02426826229,5.26973119052,0.623722503399,1412.3125,-891.6875,529.559866629,1243.6875
517,3.44427605817,1.93513415116,5.37941020933,0.561840606989,1406.96875,-897.03125,543.159621128,1249.03125
518,3.29587768702,1.40878357861,4.70466126562,0.427438064269,1479.375,-971.625,543.864111589,1206.625
519,3.42111542555,1.55644911205,4.9775645376,0.45495369739,1474.484375,-976.515625,548.756833448,1211.515625
520,3.27818475829,1.83273757084,5.11092232913,0.559070859629,1269.578125,-1122.421875,562.465743532,1220.421875
521,3.13231548953,1.82880880645,4.96112429598,0.583852045737,1283.078125,-1108.921875,543.699144308,1206.921875
522,3.0882047668,1.18663913004,4.27484389683,0.384248849946,1189.796875,-996.203125,489.350404225,1241.203125
523,3.22164854019,1.42889579013,4.65054433032,0.443529383264,1219.0,-967.0,497.023924223,1212.0
524,3.10431264265,2.34005958936,5.44437223201,0.753809251429,1200.109375,-1024.890625,559.372112204,1161.890625
525,3.23184476174,2.11926531347,5.35111007521,0.65574477418,1169.421875,-1055.578125,557.380923513,1192.578125
526,3.26403998584,1.39087123938,4.65491122522,0.426119546761,1399.359375,-884.640625,533.963521904,1129.640625
527,3.30054780265,1.58467775609,4.88522555874,0.480125679385,1378.953125,-905.046875,573.993043013,1150.046875
528,3.43890804046,1.17797307097,4.61688111143,0.342542765641,1284.171875,-999.828125,601.294451441,1146.828125
529,2.59528551552,1.16528826724,3.76057378276,0.449001953838,1435.9375,-848.0625,482.085601676,995.0625
530,0.522523278929,0.375773730345,0.898297009274,0.719152132543,323.703125,-196.296875,89.6508295569,999.296875
531,0.930974307653,0.430883373499,1.36185768115,0.462830574331,438.15625,-267.84375,152.255769467,1070.84375
532,1.85721021718,0.515851730657,2.37306194784,0.277756242069,830.265625,-708.734375,329.734042553,1080.734375
533,1.9572914553,0.640760172367,2.59805162766,0.327370852528,846.453125,-692.546875,328.101019585,1064.546875
534,3.50654338028,1.47616632225,4.98270970253,0.420974778338,1340.8125,-1217.1875,518.39309635,1129.1875
535,3.54688212509,1.83236788759,5.37925001268,0.516613697034,1394.375,-1163.625,555.374577988,1075.625
536,1.39816738822,0.878140360484,2.2763077487,0.628065257338,466.34375,-641.65625,242.348678222,1052.65625
537,2.87842940605,1.45698681667,4.33541622272,0.506174239887,1788.390625,-868.609375,430.177384095,1142.609375
538,3.25179247337,2.58763134641,5.83942381978,0.795755377255,1995.109375,-857.890625,502.926035727,1131.890625
539,1.52227519323,2.65239875124,4.17467394446,1.74239110185,2110.921875,-369.078125,303.355778372,1016.078125
540,0.55884611632,0.2540123472,0.81285846352,0.454530039275,266.109375,-272.890625,107.479811649,968.890625
541,0.354759800796,0.132245735234,0.48700553603,0.372775424209,230.421875,-73.578125,68.4910588799,1033.578125
542,0.491034913706,0.464368940013,0.955403853719,0.945694342807,263.609375,-226.390625,89.4952193534,1039.390625
543,0.448853615532,0.474814682482,0.923668298014,1.05783860495,284.765625,-205.234375,76.2064921339,1018.234375
544,0.377181048151,0.16175867916,0.53893972731,0.428862160368,217.71875,-77.28125,48.8928895489,1027.28125
545,0.277007190246,0.13081220072,0.407819390966,0.472233953943,108.296875,-78.703125,37.351656459,1028.703125
546,0.25600461619,0.139598341083,0.395602957272,0.545296187078,103.546875,-73.453125,39.1630923541,1033.453125
547,0.202212924023,0.10707512655,0.309288050573,0.529516731276,96.140625,-50.859375,28.7857751261,1030.859375
548,0.115832710751,0.0987666338207,0.214599344572,0.852666169861,29.40625,-48.59375,17.8550752151,1028.59375
549,0.255578593655,0.199004599017,0.454583192672,0.778643454334,56.46875,-129.53125,40.2918915346,1021.53125
550,0.563633288974,0.212294262058,0.775927551031,0.376653164763,267.765625,-154.234375,73.1459889082,1026.234375
551,0.460609863669,0.390443582474,0.851053446143,0.847666568326,258.921875,-163.078125,68.3886651535,1035.078125
552,0.672402405414,0.522971740326,1.19537414574,0.777766016473,376.484375,-279.515625,96.950533809,1024.515625
553,1.47077918572,1.34164416693,2.81242335265,0.912199587785,545.515625,-680.484375,218.20260025,1032.484375
554,1.56611018542,1.3485190431,2.91462922852,0.86106268617,552.90625,-673.09375,250.384374434,1025.09375
555,1.16740444945,0.652845091378,1.82024954082,0.559227859451,378.703125,-513.296875,158.807635176,1013.296875
556,0.336794371739,0.185297763263,0.522092135002,0.550180700188,117.03125,-97.96875,51.1236151249,1038.96875
557,0.347658314918,0.56656557545,0.914223890368,1.62966208815,360.328125,-188.671875,68.0087436216,1040.671875
558,1.02389897409,0.672712099138,1.69661107323,0.657010228706,366.046875,-534.953125,158.981959441,1034.953125
559,1.60773991576,0.611853968225,2.21959388398,0.380567753669,384.484375,-664.515625,225.683613729,1026.515625
560,1.38978102446,0.730780577239,2.12056160169,0.525824258915,401.96875,-647.03125,177.329933382,1009.03125
561,0.331881108314,0.196511650714,0.528392759028,0.592114603063,182.71875,-121.28125,47.1153732707,1003.28125
562,0.0487647318686,0.0759055362221,0.124670268091,1.55656625831,17.6875,-21.3125,9.67902855404,1001.3125
563,0.0518955544608,0.0549557284966,0.106851282957,1.05896794181,14.21875,-24.78125,8.75976018151,1004.78125
564,0.0383076145903,0.0678580663095,0.1061656809,1.77139889902,16.0,-23.0,8.47053717305,1003.0
565,0.0292938372009,0.0817592580735,0.111053095274,2.79100540884,19.296875,-29.703125,8.85063501871,999.703125
566,0.0361280976658,0.095866914995,0.131995012661,2.65352789626,25.1875,-33.8125,10.7643436284,1003.8125
567,0.19250424609,0.11352461001,0.3060288561,0.589725225887,94.75,-42.25,31.9188423976,1022.25
568,0.39293180071,0.239401166925,0.632332967634,0.60926900417,131.21875,-182.78125,71.4719063579,1015.78125
569,0.872734668178,0.765549916646,1.63828458482,0.877185179597,614.265625,-248.734375,149.20761984,1002.734375
570,0.75691593221,0.921066841292,1.6779827735,1.21686808547,548.28125,-314.71875,162.681194053,1068.71875
571,0.426544545042,0.555580479358,0.982125024399,1.30251455754,261.5,-287.5,93.7789955161,1090.5
572,1.43025337845,0.829867080987,2.26012045943,0.580223821522,804.21875,-342.78125,216.200750805,1047.78125
573,1.47274202274,0.76613422607,2.23887624881,0.520209387824,818.4375,-328.5625,211.079951899,1033.5625
574,0.123908315883,0.215270003734,0.339178319617,1.73733298043,107.703125,-59.296875,26.2718240751,1029.296875
575,0.300154609315,0.267899030847,0.568053640162,0.892536787818,164.734375,-80.265625,55.0381237722,1060.265625
576,1.40011866713,0.929422177781,2.32954084491,0.663816717539,731.078125,-464.921875,234.449508469,1042.921875
577,1.87774179611,1.33536018643,3.21310198255,0.711152187801,974.359375,-417.640625,287.186805885,995.640625
578,1.07264183564,1.13610784402,2.20874967967,1.05916794057,958.390625,-306.609375,181.396287275,1011.609375
579,0.104837951503,0.348073324464,0.452911275967,3.32010802837,128.203125,-116.796875,34.9241050742,1027.796875
580,0.0668846994958,0.167830762723,0.234715462219,2.50925494153,72.515625,-35.484375,17.0275440349,1025.484375
581,0.680185369086,0.614106070572,1.29429143966,0.902851043969,444.796875,-369.203125,102.636369603,1035.203125
582,1.00578539681,0.662706582665,1.66849197947,0.658894615859,467.359375,-346.640625,153.06048306,1012.640625
583,0.736899636082,0.386935967401,1.12383560348,0.525086386877,286.328125,-281.671875,126.431435802,1016.671875
584,0.43562451727,0.243984371105,0.679608888375,0.560079521314,270.796875,-101.203125,63.5875822408,1032.203125
585,0.358509432907,0.119837469071,0.478346901978,0.334265874399,161.0,-104.0,60.2209473522,1035.0
586,0.726604787067,0.295289354707,1.02189414177,0.40639610413,306.28125,-291.71875,116.836888004,1016.71875
587,0.704860228599,0.25715149971,0.962011728309,0.364826229764,327.90625,-270.09375,103.697082702,995.09375
588,0.170230131146,0.111001153432,0.281231284578,0.652065252402,103.90625,-43.09375,26.4343046237,1013.09375
589,0.100114804337,0.130775160502,0.230889964839,1.30625197111,42.828125,-56.171875,17.7205342466,1006.171875
590,0.0698760255162,0.130371936677,0.200247962194,1.86576061981,32.125,-56.875,16.3816780276,1006.875
591,0.0527298660788,0.101383294566,0.154113160645,1.92269205491,29.640625,-19.359375,12.4841989975,1009.359375
592,0.0642381990793,0.0870019606388,0.151240159718,1.35436487769,34.015625,-34.984375,11.8460069584,1004.984375
593,0.0890626145331,0.112903315182,0.201965929715,1.26768471568,38.890625,-69.109375,15.9414134288,1000.109375
594,0.176606815462,0.103193721004,0.279800536466,0.584313355825,82.875,-74.125,23.9462288263,1005.125
595,0.160097445204,0.127065149114,0.287162594318,0.793673808796,81.515625,-36.484375,22.245078239,1006.484375
596,0.0808868616559,0.117436258968,0.198323120624,1.45185826924,26.5,-32.5,15.5774275797,1002.5
597,0.0885000033446,0.0995498606355,0.18804986398,1.12485713981,32.109375,-36.890625,14.404987404,1006.890625
598,0.0824167178564,0.0825495357818,0.164966253638,1.00161154107,30.421875,-38.578125,16.2939834443,1008.578125
599,0.0809326102662,0.0894877390644,0.170420349331,1.10570681917,28.4375,-30.5625,16.328536179,1010.5625
600,0.0780276783834,0.101975310654,0.180002989037,1.30691201849,28.140625,-40.859375,14.457769524,1010.859375
601,0.13395319775,0.122186009939,0.256139207689,0.912154483735,88.921875,-49.078125,20.8298948985,1009.078125
602,0.156848226202,0.124787491974,0.281635718176,0.795593899887,93.640625,-44.359375,22.4439351409,1004.359375
603,0.0935647781235,0.102183647054,0.195748425178,1.09211659669,32.96875,-36.03125,18.635457425,1006.03125
604,0.0864623968826,0.106881755115,0.193344151998,1.23616460992,28.421875,-40.578125,17.9415759198,1010.578125
605,0.132636526418,0.0988425291325,0.23147905555,0.74521349286,40.84375,-58.15625,19.0969719049,1008.15625
606,0.13018505303,0.11269334722,0.24287840025,0.865639676731,42.84375,-56.15625,18.7460152016,1006.15625
607,0.422502315938,0.177367698891,0.599870014828,0.419802903321,90.265625,-243.734375,57.3705723203,997.734375
608,0.612187981119,0.206127606794,0.818315587913,0.336706392728,166.984375,-226.015625,98.42517656,980.015625
609,0.550161481094,0.19350681494,0.743668296034,0.351727304783,161.703125,-221.296875,91.4461384654,985.296875
610,0.493783338904,0.22703538254,0.720818721445,0.459787450593,235.90625,-146.09375,89.2226356422,989.09375
611,0.453275929973,0.172716213392,0.625992143365,0.381039896387,236.28125,-145.71875,81.422599126,988.71875
612,0.134265253201,0.086679910714,0.220945163915,0.645587064763,51.625,-47.375,21.6639822055,997.375
613,0.381300689637,0.118137950716,0.499438640352,0.309828840929,154.578125,-178.421875,64.5503206536,1001.421875
614,0.408516825881,0.118314267726,0.526831093608,0.289619081101,151.296875,-181.703125,64.8598681022,1004.703125
615,0.138912727857,0.0961718684639,0.235084596321,0.692318622978,40.53125,-48.46875,20.0849514174,998.46875
616,0.141601452256,0.112964148075,0.254565600332,0.797761225435,61.21875,-46.78125,22.1842207084,1006.78125
617,0.109314173942,0.116728176774,0.226042350716,1.06782288669,41.734375,-46.265625,19.4432203701,1026.265625
618,0.0722646120849,0.148468652746,0.220733264831,2.0545139379,51.59375,-27.40625,17.1096817895,1036.40625
