,0,1,2,3,4,5,6,7
0,0.0386026061823,0.0886318165417,0.127234422724,2.29600602931,18.265625,-20.734375,9.15874272809,1000.734375
1,0.037835739016,0.0821378330819,0.119973572098,2.17090600628,18.859375,-20.140625,9.21931936801,1000.140625
2,0.0334675289954,0.0622248221882,0.0956923511836,1.85925952874,20.578125,-18.421875,7.40735421621,998.421875
3,0.0381638991784,0.0672907402468,0.105454639425,1.76320401467,22.6875,-16.3125,7.99975585565,996.3125
4,0.042256659042,0.0841824566057,0.126439115648,1.99217019315,23.390625,-15.609375,9.55022445335,995.609375
5,0.047374900111,0.0848708498251,0.132245749936,1.79147290287,12.8125,-26.1875,9.44039690638,996.1875
6,0.0421006342931,0.0760329180112,0.118133552304,1.80598034419,19.9375,-29.0625,9.3070453824,999.0625
7,0.0389517887081,0.0724212195603,0.111373008268,1.8592527317,17.59375,-21.40625,8.56358341686,1001.40625
8,0.039105099716,0.0692329284837,0.1083380282,1.77043221949,18.765625,-20.234375,8.22675168942,1000.234375
9,0.0461902764972,0.0673232365074,0.113513513005,1.45751966892,19.875,-19.125,8.48436061233,999.125
10,0.046519146057,0.0793774650789,0.125896611136,1.70633968606,20.046875,-18.953125,9.20840256149,998.953125
11,0.039220206377,0.0740651082004,0.113285314577,1.88844259228,20.1875,-18.8125,8.25922779381,998.8125
12,0.0313180929322,0.0639843885709,0.0953024815032,2.04304868465,9.125,-9.875,7.02339839394,999.875
13,0.0321080352962,0.0611002616909,0.0932082969871,1.90295859361,8.953125,-10.046875,6.70454530407,1000.046875
14,0.0335471150413,0.0623894935915,0.0959366086328,1.8597573447,18.9375,-10.0625,6.93243058025,1000.0625
15,0.0314959253046,0.0708259419499,0.102321867254,2.24873348742,20.03125,-28.96875,8.39264698635,998.96875
16,0.0376418249418,0.0744526902148,0.112094515157,1.97792456476,21.25,-27.75,8.90049155946,997.75
17,0.0343537447457,0.0694629217967,0.103816666542,2.02198980958,19.09375,-9.90625,8.21149870228,999.90625
18,0.0289817677476,0.0630435512233,0.092025318971,2.17528315637,21.34375,-17.65625,7.92389335728,997.65625
19,0.0435772766016,0.0696755904282,0.11325286703,1.59889731213,16.234375,-22.765625,8.28542053003,992.765625
20,0.0493845217144,0.0675762063437,0.116960728058,1.36836814447,24.5625,-24.4375,9.34223440886,994.4375
21,0.0465929942278,0.0777570078008,0.124350002029,1.66885621088,23.375,-15.625,9.39165187813,995.625
22,0.0503552758143,0.0785429689049,0.128898244719,1.55977636176,24.328125,-14.671875,9.72601968867,994.671875
23,0.0476650637045,0.0697429989285,0.117408062633,1.46318904263,14.734375,-14.265625,8.98130382291,994.265625
24,0.0528208665888,0.0732599650707,0.126080831659,1.38695121458,15.203125,-23.796875,9.2739212437,993.796875
25,0.0442061151944,0.0803077356504,0.124513850845,1.81666575534,14.796875,-24.203125,9.71496861726,994.203125
26,0.0338573782526,0.0991377256779,0.132995103931,2.92809812201,25.390625,-23.609375,9.83872639671,993.609375
27,0.0340809554432,0.0960122501889,0.130093205632,2.81718188179,26.0,-23.0,9.91526600753,993.0
28,0.0310291479097,0.0908843843088,0.121913532219,2.9290003249,25.375,-13.625,9.37666651854,993.625
29,0.0277176058196,0.0875772828131,0.115294888633,3.15962653424,24.28125,-24.71875,9.13692499901,994.71875
30,0.0425819210439,0.0767525367892,0.119334457833,1.80246768834,15.984375,-23.015625,9.30808148113,993.015625
31,0.0464399378306,0.0699538699701,0.116393807801,1.50632996593,18.4375,-20.5625,9.03443931575,990.5625
32,0.0377200654869,0.0865584301102,0.124278495597,2.29475821404,18.4375,-20.5625,9.20576415894,990.5625
33,0.0357073413048,0.0814425146406,0.117149855945,2.28083390319,16.15625,-22.84375,9.24530074889,992.84375
34,0.0485815928328,0.0658398078014,0.114421400634,1.35524185113,15.046875,-13.953125,8.59401988213,993.953125
35,0.040189794508,0.0872405650023,0.12743035951,2.17071438335,26.125,-12.875,9.45135572286,992.875
36,0.0337076579193,0.0863372137449,0.120044871664,2.56135308931,24.15625,-14.84375,9.2604986873,994.84375
37,0.0352951717324,0.0806749441643,0.115970115897,2.28572181985,21.390625,-27.609375,8.96802860775,997.609375
38,0.0375642174566,0.0952014029396,0.132765620396,2.53436406733,22.0,-27.0,10.3953114431,997.0
39,0.0453583863595,0.0749338894584,0.120292275818,1.65204045983,25.34375,-23.65625,9.4127884252,993.65625
40,0.0344365380233,0.0805971512998,0.115033689323,2.34045452668,25.484375,-23.515625,8.92151925736,993.515625
41,0.0408388684993,0.0822907855427,0.123129654042,2.01501139886,24.09375,-14.90625,9.19021005949,994.90625
42,0.0452234556187,0.0879973035793,0.133220759198,1.94583324904,24.890625,-14.109375,9.62275491267,994.109375
43,0.0404182653395,0.0920140081222,0.132432273462,2.27654520424,25.703125,-23.296875,9.78947088633,993.296875
44,0.0400785219987,0.0791999836001,0.119278505599,1.97612036698,16.15625,-22.84375,9.07472236146,992.84375
45,0.034608522852,0.0895313824083,0.12413990526,2.5869749712,17.203125,-21.796875,9.3527731307,991.796875
46,0.0268956005077,0.0933959927295,0.120291593237,3.47253792318,15.515625,-23.484375,9.72270568614,993.484375
47,0.0251267263923,0.0681989741263,0.0933257005186,2.7142005314,13.96875,-15.03125,7.87394586199,995.03125
48,0.0312405807047,0.06196845071,0.0932090314147,1.98358831085,15.46875,-13.53125,6.78456140347,993.53125
49,0.0351321886719,0.0729791906064,0.108111379278,2.07727424238,17.328125,-21.671875,8.66396035219,991.671875
50,0.0461069203423,0.0799651630223,0.126072083365,1.73434188249,19.34375,-19.65625,8.93941194584,989.65625
51,0.0436548753325,0.0726239908782,0.116278866211,1.66359405049,19.34375,-19.65625,8.39869549022,989.65625
52,0.0358209344908,0.0730010341839,0.108821968675,2.03794332062,17.671875,-21.328125,8.83185761799,991.328125
53,0.0409667996521,0.0752024400022,0.116169239654,1.83569233235,15.5,-13.5,8.55314269728,993.5
54,0.0346066547561,0.0877744651841,0.12238111994,2.53634642824,15.34375,-23.65625,9.10909358485,993.65625
55,0.0437493539316,0.092788856587,0.136538210519,2.12091947077,36.734375,-22.265625,10.5597144071,992.265625
56,0.0617481084778,0.0951262093519,0.15687431783,1.54055260472,37.515625,-21.484375,11.4591559837,991.484375
57,1.38279521989,0.626283752365,2.00907897225,0.452911424163,823.078125,-107.921875,220.435102743,1077.921875
58,2.41035121321,1.37337599874,3.78372721195,0.569782524309,887.625,-887.375,389.005723769,1151.375
59,3.28164669095,1.59467428437,4.87632097533,0.485937224373,1582.609375,-966.390625,522.773900015,1230.390625
60,4.21116774419,2.19816589254,6.40933363673,0.521984880696,1588.140625,-1322.859375,673.912871482,1224.859375
61,4.52929330994,2.31885765153,6.84815096147,0.511968974595,1818.59375,-1484.40625,748.784759601,1181.40625
62,4.47864543376,2.5650863109,7.04373174466,0.572737080628,1747.078125,-1555.921875,719.466909956,1252.921875
63,4.58534705808,2.57601707101,7.16136412909,0.561793259785,1745.5625,-1576.4375,763.048120104,1214.4375
64,4.38917582406,2.87502205763,7.26419788169,0.655025492911,1745.1875,-1606.8125,721.305692715,1244.8125
65,4.35996682567,3.09226770489,7.45223453056,0.709241108599,1733.203125,-1559.796875,716.57687087,1256.796875
66,4.28708817345,2.16919626509,6.45628443853,0.505983590102,1683.796875,-1579.203125,681.823822087,1276.203125
67,4.2348744916,2.66194830438,6.89682279598,0.628577850338,1665.34375,-1470.65625,723.662305109,1353.65625
68,4.72191660221,2.47023979236,7.19215639456,0.523143460688,1643.71875,-1492.28125,762.770719744,1375.28125
69,4.83279410226,3.63993214109,8.47272624335,0.753173436332,2186.59375,-1606.40625,780.759500397,1342.40625
70,4.60290763739,4.49804813686,9.10095577425,0.977218856255,2277.578125,-1731.421875,804.712774937,1251.421875
71,4.30875855173,2.88877039466,7.19752894639,0.670441464747,1547.34375,-1735.65625,730.802666994,1255.65625
72,4.58831137038,2.80859402582,7.3969053962,0.612119317784,1654.015625,-1363.984375,783.371629006,1207.984375
73,4.24292786467,3.58937872862,7.83230659329,0.845967417572,2182.03125,-1365.96875,696.704294535,1209.96875
74,3.62769045723,3.71432354338,7.34201400062,1.02388105798,2167.125,-1527.875,639.408772324,1224.875
75,4.25582590089,1.99716254619,6.25298844708,0.469277313665,1498.3125,-1618.6875,589.561168238,1128.6875
76,3.55695019233,1.77157140167,5.328521594,0.498059097228,1547.171875,-1569.828125,458.976325461,1079.828125
77,2.84040096681,2.47402140591,5.31442237272,0.871011323691,1409.03125,-1138.96875,440.145961896,1119.96875
78,4.54710590936,2.9037530327,7.45085894205,0.638593666078,1485.984375,-1748.015625,700.244120204,1288.015625
79,5.21142450475,2.47684132291,7.68826582766,0.475271458055,1770.09375,-1845.90625,768.084787775,1385.90625
80,4.4154206075,3.39809135111,7.81351195861,0.769596297427,1890.03125,-1715.96875,727.478328044,1265.96875
81,4.75050459992,3.19125167369,7.94175627361,0.671771094326,1854.21875,-1644.78125,798.347697372,1194.78125
82,4.50976603631,2.19766398453,6.70743002085,0.487312194654,1773.40625,-1392.59375,710.05949836,1275.59375
83,4.84753521666,2.62058757528,7.46812279195,0.540602070569,1902.890625,-1616.109375,743.044226417,1273.109375
84,5.00692107038,2.62699374952,7.6339148199,0.524672490856,1887.890625,-1631.109375,746.931809914,1288.109375
85,4.94333332356,2.87546695802,7.81880028158,0.581685832171,1766.0,-1821.0,769.873853303,1361.0
86,4.66739864515,4.21687432481,8.88427296996,0.903474214527,1757.75,-1858.25,841.223532273,1398.25
87,5.09939713605,6.1264480732,11.2258452092,1.20140634466,2543.0625,-1867.9375,918.65859877,1318.9375
88,5.47492042605,4.92652606759,10.4014464936,0.899835191057,2654.84375,-1765.15625,921.673210436,1207.15625
89,5.02517011434,2.18192762988,7.20709774421,0.434199754482,1867.03125,-1788.96875,744.985464807,1230.96875
90,5.05825606405,2.23991483964,7.29817090369,0.442823536666,1805.359375,-1517.640625,750.150555039,1194.640625
91,4.87981795244,2.98537595563,7.86519390807,0.611780190313,2203.5625,-1579.4375,732.84317633,1256.4375
92,4.74711593082,3.05150340473,7.79861933555,0.642812067201,2157.140625,-1645.859375,714.301054073,1302.859375
93,4.82143103854,1.57419006262,6.39562110116,0.326498512587,1759.09375,-1690.90625,669.056371848,1122.90625
94,4.03555143098,2.07228501531,6.10783644629,0.513507274223,1328.140625,-1611.859375,535.184806492,1043.859375
95,2.67299098911,2.12901742561,4.80200841472,0.796492556196,1534.171875,-1219.828125,467.720521342,1141.828125
96,4.0118590219,2.44970352446,6.46156254636,0.610615555305,1591.921875,-1564.078125,657.008830436,1300.078125
97,4.19491109155,2.12396910895,6.3188802005,0.50632041123,1556.53125,-1618.46875,688.793555083,1354.46875
98,4.23575863608,2.1946325994,6.43039123548,0.518120315144,1645.28125,-1686.71875,681.065490352,1334.71875
99,5.16330082161,3.85034990977,9.01365073138,0.745714813604,1777.03125,-1751.96875,770.078505916,1320.96875
100,4.40992314477,2.58350727351,6.99343041828,0.585839523433,1837.9375,-1691.0625,744.240822815,1260.0625
101,4.2633646852,2.19403281358,6.45739749877,0.514624709726,1798.40625,-1210.59375,777.084509536,1210.59375
102,4.40752522909,2.07536187868,6.48288710777,0.470867838709,1741.046875,-1267.953125,694.209294577,1267.953125
103,4.95556471938,2.49570481719,7.45126953657,0.503616632717,1690.125,-1318.875,734.238689477,1279.875
104,4.62786928448,1.87373058749,6.50159987198,0.404879756171,1700.71875,-1308.28125,684.622123619,1269.28125
105,4.72619640703,2.35044265453,7.07663906156,0.49732225496,1696.421875,-1547.578125,743.520380619,1332.578125
106,4.43042868269,2.8094905889,7.23991927158,0.634135157141,1652.875,-1591.125,815.378104394,1376.125
107,4.83675523224,3.99949353076,8.836248763,0.826895995088,2192.96875,-1335.03125,778.832820009,1277.03125
108,4.83969370699,3.07578091156,7.91547461854,0.635532142688,2300.328125,-1345.671875,781.866757644,1169.671875
109,4.39529041157,2.2889885704,6.68427898197,0.520782099943,1659.734375,-1349.265625,681.424134676,1173.265625
110,4.73305248324,2.33542795147,7.06848043472,0.493429548847,1784.765625,-1488.234375,724.574503204,1136.234375
111,3.82710479116,1.27084399541,5.09794878657,0.332064070561,1811.078125,-1461.921875,619.379939554,1109.921875
112,2.30056550117,0.827563496291,3.12812899746,0.359721770961,701.859375,-1248.140625,343.329555019,1131.140625
113,2.39266645548,1.16349788356,3.55616433904,0.486276672997,1045.34375,-954.65625,398.417816916,1081.65625
114,3.48351051721,1.73831437285,5.22182489006,0.49901223615,1613.796875,-1434.203125,577.680252705,1131.203125
115,4.03923774509,2.64572040291,6.68495814799,0.655004872175,1514.5,-1533.5,679.077775369,1230.5
116,4.4680111121,2.65135270941,7.1193638215,0.593407814548,1709.5,-1250.5,748.6945305,1172.5
117,4.50031051422,1.57689433496,6.07720484918,0.350396784838,1634.46875,-1325.53125,684.569777505,1247.53125
118,5.00633298726,2.03314122224,7.03947420949,0.406113861665,1680.09375,-1455.90625,737.484125226,1289.90625
119,4.87200435858,1.91722120489,6.78922556347,0.393517957658,1674.765625,-1461.234375,706.873148587,1295.234375
120,4.91379745033,2.63252052836,7.54631797869,0.535740545875,1730.96875,-1455.03125,780.762667379,1357.03125
121,4.98442045517,3.03758074814,8.02200120331,0.609415031388,1698.515625,-1497.484375,863.408524979,1399.484375
122,4.62711476784,3.33881284258,7.96592761042,0.721575541154,1799.0,-1671.0,730.42770005,1299.0
123,4.60171226704,2.32449318296,6.92620545,0.50513657701,1931.90625,-1557.09375,747.289052985,1185.09375
124,4.38772278871,3.24325647378,7.63097926249,0.739166221285,1845.65625,-1653.34375,728.98317922,1271.34375
125,4.40823972298,3.18396738819,7.59220711117,0.722276370676,1791.546875,-1609.453125,748.481607358,1227.453125
126,4.31255829519,2.54902913845,6.86158743364,0.591071230571,1771.96875,-1169.03125,690.090980613,1247.03125
127,4.61291306284,2.74975934698,7.36267240982,0.596100405431,1610.359375,-1750.640625,762.484740978,1349.640625
128,4.47481700769,3.59921003185,8.07402703954,0.80432563514,1723.03125,-1814.96875,754.184658438,1236.96875
129,4.43226714407,3.56508445945,7.99735160352,0.804347830031,2120.4375,-1731.5625,718.062102881,1153.5625
130,5.50382111109,3.54620670931,9.0500278204,0.644317218481,2683.953125,-1550.046875,768.228429361,1149.046875
131,3.7712697625,3.38840969031,7.15967945281,0.898479796912,2748.15625,-996.84375,553.635886062,1084.84375
132,2.27528257358,1.30949912582,3.58478169939,0.575532525508,937.0,-1024.0,356.034935084,1112.0
133,3.43548336792,1.53598696573,4.97147033365,0.447094863003,1631.421875,-1416.578125,539.451191162,1171.578125
134,3.93539727485,1.77711961081,5.71251688566,0.451573116181,1549.15625,-1498.84375,625.125917785,1253.84375
135,4.35514959609,2.32795399754,6.68310359363,0.534529054898,1575.28125,-1609.71875,705.97661675,1374.71875
136,4.24101942565,2.55835226678,6.79937169243,0.603239931255,1654.625,-1530.375,676.849237737,1295.375
137,4.65404249093,2.67313161711,7.32717410804,0.574367686225,1810.0,-1650.0,729.899714858,1327.0
138,5.56099938903,2.34175147897,7.902750868,0.421102631947,1736.515625,-1723.484375,804.279005387,1400.484375
139,4.3511829403,2.87933104577,7.23051398606,0.661735230459,1930.9375,-1460.0625,725.524462781,1255.0625
140,4.34393276751,2.99327921542,7.33721198293,0.689071257687,2005.796875,-1621.203125,811.936230941,1180.203125
141,4.52350419874,2.68584302906,7.20934722779,0.593752743682,1902.78125,-1685.21875,727.263459586,1244.21875
142,4.5637773869,2.73762307617,7.30140046307,0.59985902994,1816.25,-1339.75,744.312140503,1232.75
143,4.57872167377,2.0162986212,6.59502029496,0.440362783514,1814.75,-1341.25,706.52523398,1234.25
144,4.71977039487,2.24961848799,6.96938888286,0.476637272533,1625.359375,-1794.640625,767.968614414,1344.640625
145,4.57253119506,2.41865333191,6.99118452697,0.528952833505,1612.96875,-1807.03125,784.301918284,1357.03125
146,4.57576818244,3.39881858079,7.97458676323,0.742786444871,1983.96875,-1750.03125,718.47879598,1270.03125
147,3.87371242524,3.19969645672,7.07340888196,0.826002579819,2011.5,-1722.5,695.107073587,1242.5
148,3.53302434461,1.51579185369,5.04881619829,0.429035213415,1691.9375,-1435.0625,572.965773274,1092.0625
149,2.83710138562,1.46162697142,4.29872835704,0.515183200299,1090.28125,-1330.71875,475.749818338,987.71875
150,3.56342963306,1.18593202711,4.74936166017,0.332806354895,1194.875,-1236.125,554.436608753,1099.125
151,3.23797380389,1.47332965784,4.71130346173,0.455015928809,1134.8125,-1296.1875,539.607318885,1159.1875
152,4.0329248373,1.58624237796,5.61916721526,0.393323069969,1536.8125,-1198.1875,660.296379358,1276.1875
153,4.35300627457,2.02846700827,6.38147328284,0.465992208677,1518.25,-1216.75,675.768682687,1294.75
154,4.82879235194,2.53673251816,7.3655248701,0.525334769706,1702.6875,-1316.3125,710.318543749,1316.3125
155,5.12751660318,2.20264443523,7.33016103841,0.429573340408,1635.15625,-1383.84375,778.010186685,1383.84375
156,4.20835482748,2.44382637596,6.65218120344,0.58070825207,1679.171875,-1701.828125,683.459343037,1270.828125
157,4.62323094284,2.67139894624,7.29462988908,0.577820787945,1889.96875,-1658.03125,780.085050827,1227.03125
158,4.55232982473,2.85605640481,7.40838622954,0.627383453039,1834.546875,-1409.453125,747.96262711,1282.453125
159,4.58622667761,2.90101812662,7.48724480422,0.632550096309,1780.90625,-1532.09375,748.738266159,1219.09375
160,4.30321331056,2.51880946326,6.82202277382,0.585332234652,1744.984375,-1568.015625,692.736094506,1255.015625
161,4.57773700894,2.466666081,7.04440308994,0.538839622325,1708.421875,-1261.578125,744.00444817,1349.578125
162,4.43748781049,3.24769916593,7.68518697642,0.731877878797,1806.734375,-1242.265625,746.753624911,1320.265625
163,4.63259316324,3.21461259292,7.84720575616,0.693912130776,1806.84375,-1388.15625,738.357133666,1320.15625
164,5.28276892282,2.20292914264,7.48569806546,0.417002745119,1721.4375,-1404.5625,777.781558244,1336.5625
165,4.30053997606,2.20833714089,6.50887711694,0.513502293475,1852.703125,-1577.296875,703.546588713,1205.296875
166,3.33709458672,1.97577019939,5.31286478611,0.592062990139,1359.15625,-1521.84375,647.657056694,1149.84375
167,3.39453967535,1.50328515208,4.89782482744,0.442853905345,1402.390625,-1145.609375,522.865500666,1106.609375
168,2.81043619644,1.55755557197,4.36799176842,0.55420420999,1369.015625,-845.984375,415.672515787,1090.984375
169,2.38854864907,1.46154038447,3.85008903354,0.611894752508,1030.515625,-1301.484375,415.825045549,1125.484375
170,3.20815708684,1.57840870756,4.7865657944,0.49199857265,1553.15625,-1357.84375,519.184553493,1181.84375
171,3.84242805634,1.65324948145,5.49567753779,0.43026166195,1523.59375,-1289.40625,642.546586802,1211.40625
172,4.17852375141,1.75118617903,5.92970993044,0.419092072515,1756.296875,-1301.703125,676.996161356,1223.703125
173,4.25357401767,1.76400007975,6.01757409743,0.414710093777,1726.890625,-1458.109375,669.570574071,1253.109375
174,4.59663600956,1.85211217942,6.44874818898,0.402927744456,1880.578125,-1451.421875,797.420603506,1177.421875
175,4.47014161929,2.88710474542,7.3572463647,0.645864268138,1999.234375,-1528.765625,756.949877431,1254.765625
176,4.41722875073,3.09409230442,7.51132105515,0.700460057431,2028.0625,-1646.9375,757.416638874,1225.9375
177,4.68430084745,2.64577854994,7.33007939739,0.564818237792,1903.84375,-1673.15625,735.806407512,1252.15625
178,4.76837626414,2.65602672171,7.42440298585,0.557008628216,1633.8125,-1845.1875,766.98514643,1375.1875
179,4.95295627697,2.77553720656,7.72849348353,0.560379912793,1696.421875,-1841.578125,788.160036983,1371.578125
180,5.39815495687,2.51734193508,7.91549689195,0.466333766851,1747.234375,-1506.765625,812.36963843,1330.765625
181,5.33341388287,2.88333627639,8.21675015926,0.540617386858,1766.8125,-1487.1875,812.595261242,1311.1875
182,4.42551309091,2.69041551352,7.11592860443,0.607933014376,1757.46875,-1643.53125,731.743443957,1251.53125
183,4.1582681567,2.65693009711,6.81519825382,0.638951120271,1679.203125,-1555.796875,724.156150713,1163.796875
184,4.01435651825,1.76274721511,5.77710373337,0.439110778302,1596.15625,-1245.84375,629.571710043,1177.84375
185,4.41194240699,1.94552398162,6.35746638861,0.440967674134,1622.578125,-1602.421875,704.647225671,1171.421875
186,3.72250825437,1.94052009481,5.66302834918,0.521293698285,1661.359375,-1563.640625,600.308992499,1132.640625
187,2.0060474285,1.90521968949,3.91126711798,0.949738108094,1274.453125,-666.546875,318.27650762,1097.546875
188,2.82938759131,1.71946745352,4.54885504484,0.607717181909,1158.109375,-1282.890625,466.773637497,1135.890625
189,3.1503181398,1.9393072477,5.0896253875,0.615590921817,1477.671875,-1423.328125,577.822314132,1276.328125
190,4.43298950189,1.93204611501,6.36503561689,0.435833677067,1650.984375,-1143.015625,682.097168027,1270.015625
191,4.80952598619,2.615478752,7.42500473819,0.543812167666,1873.390625,-1664.609375,806.599761677,1214.609375
192,4.71754428645,2.34276255687,7.06030684332,0.496606372853,1804.625,-1733.375,731.381750952,1283.375
193,4.73779769978,2.07632199919,6.81411969897,0.43824623396,1712.328125,-1111.671875,744.950209215,1267.671875
194,4.32900000967,2.1517165042,6.48071651386,0.497047008407,1668.078125,-1135.921875,708.925888772,1291.921875
195,4.73964513531,2.50970212843,7.24934726375,0.529512665354,1790.921875,-1463.078125,751.015735202,1395.078125
196,4.56075431661,2.14036647184,6.70112078845,0.469300980332,1831.484375,-1422.515625,706.357115598,1354.515625
197,4.44995419048,2.70479123377,7.15474542424,0.607824511892,1659.125,-1594.875,713.764896955,1340.875
198,5.33711315083,3.04559726805,8.38271041888,0.570645062599,1660.78125,-1632.21875,795.903505237,1378.21875
199,4.48882741266,2.45950641867,6.94833383134,0.547917349581,1798.921875,-1651.078125,733.338604958,1240.078125
200,4.28906183286,3.09886963102,7.38793146388,0.722505235824,1897.140625,-1641.859375,754.458598665,1141.859375
201,6.14365847866,4.74453006987,10.8881885485,0.77226461828,3433.96875,-1791.03125,899.056205987,1291.03125
202,5.92530393296,4.82431365737,10.7496175903,0.814188387964,3482.640625,-1771.359375,954.104625539,1242.359375
203,4.44943714614,3.34589024534,7.79532739147,0.751980561911,2177.234375,-1743.765625,747.200582637,1214.765625
204,4.19663256754,3.12179515106,7.3184277186,0.743880980957,2112.171875,-1720.828125,696.294894304,1279.828125
205,3.4561009754,1.39285988348,4.84896085888,0.403014811602,1623.578125,-1522.421875,573.810476243,1081.421875
206,2.51306110924,1.15194873278,3.66500984202,0.458384688119,998.90625,-990.09375,408.196020572,981.09375
207,2.52410557337,1.69163592321,4.21574149658,0.670192222169,1041.375,-1094.625,411.457413501,1085.625
208,3.29121711097,1.66638090228,4.95759801325,0.506311448345,1602.5,-1200.5,535.911402426,1142.5
209,3.81248574691,1.63604764681,5.44853339372,0.429128855926,1524.6875,-1278.3125,625.273661962,1220.3125
210,4.59168977331,2.64001661414,7.23170638746,0.574955352926,1640.28125,-1652.71875,685.661780434,1309.71875
211,4.23046140846,2.14019757148,6.37065897994,0.505901688926,1677.796875,-1615.203125,643.823373966,1272.203125
212,4.56631646131,1.74082493289,6.3071413942,0.381231775686,1703.578125,-1394.421875,720.145185117,1296.421875
213,4.43253969151,1.88202621372,6.31456590523,0.424593200446,1655.359375,-1442.640625,759.410922344,1344.640625
214,4.68379137297,2.54778640508,7.23157777805,0.543958131821,1871.265625,-1666.734375,722.638075954,1333.734375
215,4.8794281368,3.33663492556,8.21606306235,0.683816798201,1861.90625,-1676.09375,765.092860352,1343.09375
216,4.22148913618,1.68767597739,5.90916511356,0.399782143918,1584.28125,-1296.71875,670.836871675,1267.71875
217,4.34534477145,1.63609666458,5.98144143603,0.376517112136,1748.09375,-1309.90625,724.617716428,1172.90625
218,4.44026384727,2.2435365596,6.68380040688,0.505271001177,1770.609375,-1356.390625,708.224289535,1219.390625
219,4.52180045624,2.60664175903,7.12844221527,0.576461032338,1816.359375,-1604.640625,768.592044081,1173.640625
220,4.39039344729,2.70158279331,7.0919762406,0.615339564835,1704.5,-1647.5,724.376973682,1216.5
221,4.34687096241,2.4762644595,6.82313542191,0.569665969133,1678.90625,-1741.09375,756.707149405,1281.09375
222,4.4949204849,2.64776024938,7.14268073428,0.589056081921,1958.875,-1667.125,725.815995535,1207.125
223,4.28571569501,2.73381323697,7.01952893198,0.637889545531,1994.390625,-1612.609375,668.595160046,1171.609375
224,4.13059256525,1.57108566974,5.70167823499,0.380353580006,1732.65625,-1560.34375,646.196376372,1119.34375
225,1.90151827383,0.969702777316,2.87122105115,0.509962376202,698.125,-850.875,347.67120333,1163.875
226,2.70821408672,1.53861358605,4.24682767277,0.56812849235,1074.46875,-1247.53125,422.941558047,1179.53125
227,3.69403204563,2.39247834428,6.08651038991,0.64766041949,1716.1875,-1508.8125,578.192762921,1214.8125
228,4.10752590739,1.92447513556,6.03200104294,0.468524162464,1651.0,-1574.0,659.594785645,1280.0
229,4.41405416769,1.62135439664,6.03540856432,0.367316379691,1782.203125,-1178.796875,732.542408749,1207.796875
230,4.30933186064,1.81853703248,6.12786889312,0.421999764995,1743.703125,-1217.296875,668.113965758,1246.296875
231,4.44964613452,2.42095685216,6.87060298669,0.544078512981,1742.140625,-1452.859375,696.495936528,1266.859375
232,4.49722130916,2.14530871313,6.64253002229,0.477029829234,1734.453125,-1460.546875,693.957264752,1274.546875
233,4.45748668833,2.74985060646,7.20733729479,0.616906072577,1736.71875,-1684.28125,721.09072047,1341.28125
234,4.36730005125,2.81976590566,7.18706595691,0.645654265236,1719.734375,-1701.265625,741.117995037,1358.265625
235,4.37908353028,2.90248301276,7.28156654304,0.662806039822,1657.75,-1645.25,709.124063546,1322.25
236,4.65314777784,3.16818870491,7.82133648275,0.680869995147,1713.265625,-1609.734375,736.38859566,1286.734375
237,4.7693316377,2.57732037735,7.34665201505,0.540394456318,2136.53125,-1216.46875,744.223231143,1245.46875
238,4.79794513291,2.43982976688,7.23777489979,0.508515562244,2219.71875,-1133.28125,797.717593136,1162.28125
239,4.20338112316,3.05863931107,7.26202043423,0.727661666039,1829.0625,-1160.9375,710.343664077,1248.9375
240,4.32826220049,3.03554495738,7.36380715786,0.70133111553,1773.296875,-1392.703125,732.665887353,1226.703125
241,4.27718993316,3.0796100041,7.35679993726,0.720007774315,1852.109375,-1401.890625,721.576921514,1235.890625
242,3.96820553834,3.03302318945,7.00122872779,0.764331171896,1825.421875,-1262.578125,652.621607554,1262.578125
243,3.50886663155,1.29344044595,4.80230707751,0.36862057803,1710.609375,-1083.390625,547.771582676,1083.390625
244,2.52143024629,1.26202387464,3.78345412092,0.500519051239,818.890625,-1024.109375,410.805235071,1033.109375
245,2.2586898367,1.38631815875,3.64500799545,0.613770928714,927.171875,-1043.828125,378.499981617,1111.828125
246,3.17832119828,1.46090449586,4.63922569415,0.459646588473,1489.78125,-1166.21875,514.406468319,1157.21875
247,3.86519764804,2.0145418624,5.87973951043,0.521200219455,1424.0625,-1240.9375,618.350600261,1231.9375
248,4.49174937279,2.28785963071,6.7796090035,0.509347125324,1678.265625,-1585.734375,706.128468353,1360.734375
249,4.06798037928,2.24868559858,6.31666597787,0.552776903752,1722.515625,-1541.484375,644.617667502,1316.484375
250,4.18082186477,2.11141257816,6.29223444293,0.505023329493,1565.984375,-1218.015625,682.774978767,1316.015625
251,5.59643397527,2.86748951787,8.46392349314,0.512377976859,1770.84375,-1552.15625,814.083518803,1307.15625
252,4.64451353642,2.86659346135,7.51110699776,0.617199936844,1851.734375,-1471.265625,731.503615041,1226.265625
253,4.89997176187,2.40738818308,7.30735994495,0.491306542175,1773.453125,-1519.546875,762.568110271,1235.546875
254,4.45302505022,2.49661580518,6.9496408554,0.560656133082,1788.765625,-1504.234375,712.002715545,1220.234375
255,4.3994745692,2.22852691059,6.62800147979,0.506543878259,1807.765625,-1387.234375,774.326879905,1172.234375
256,4.59053827093,2.50904827817,7.0995865491,0.546569515401,1751.40625,-1443.59375,746.627181035,1228.59375
257,4.99122677235,2.59012166805,7.5813484404,0.518934880378,1628.90625,-1204.09375,756.33096093,1302.09375
258,4.19772741741,2.31154743944,6.50927485685,0.550666398645,1675.875,-1147.125,694.642117838,1245.125
259,4.30898331892,2.31369712205,6.62268044097,0.536947337877,1725.40625,-1528.59375,694.035858195,1264.59375
260,4.02980711442,1.78924484752,5.81905196194,0.444002602785,1727.6875,-1526.3125,694.628000151,1262.3125
261,3.38775827366,1.39444294871,4.78220122237,0.411612292278,1584.734375,-1463.265625,544.262437909,1120.265625
262,3.94774642196,4.17410799193,8.12185441389,1.05733944022,2804.484375,-1371.515625,620.772150032,1028.515625
263,3.10722761533,3.84431970476,6.95154732008,1.23721856931,2767.578125,-1007.421875,540.688502186,1065.421875
264,2.5145611709,1.96070667699,4.4752678479,0.779741093468,1319.9375,-1112.0625,428.605474001,1170.0625
265,3.4595921034,2.01047872038,5.47007082378,0.581131723131,1589.765625,-1340.234375,576.994170849,1174.234375
266,3.97470955032,2.19097285692,6.16568240724,0.551228417872,1577.140625,-1382.859375,645.441681796,1216.859375
267,4.79197537712,2.65908769525,7.45106307236,0.55490429019,1726.5,-1360.5,717.55099993,1302.5
268,4.41842253128,1.89507191833,6.3134944496,0.428902375206,1746.921875,-1340.078125,670.314299058,1282.078125
269,4.38988409092,2.48624046506,6.87612455598,0.566356745092,1640.140625,-1750.859375,709.193531132,1319.859375
270,4.87307131063,2.54178129559,7.41485260622,0.521597393832,1703.515625,-1815.484375,791.010607391,1384.484375
271,4.61685170659,2.85664670189,7.47349840848,0.618743438915,1777.96875,-1721.03125,715.614420637,1310.03125
272,4.51035725447,3.20804757698,7.71840483145,0.711262411376,1788.59375,-1671.40625,728.942764359,1260.40625
273,4.39936304776,1.90229150546,6.30165455321,0.432401573775,1785.34375,-1185.65625,702.395237267,1263.65625
274,4.11776721779,2.1409765517,6.25874376949,0.519936275768,1742.953125,-1334.046875,732.421015999,1168.046875
275,4.01420933434,3.23228153231,7.24649086665,0.805210008521,1663.171875,-1374.828125,696.442176231,1208.828125
276,4.49683481624,3.4069004332,7.90373524944,0.757621876813,1707.328125,-1614.671875,740.220238651,1242.671875
277,4.70623904333,3.28862495797,7.9948640013,0.698779838357,1647.65625,-1674.34375,765.672400956,1302.34375
278,4.82823515424,3.37137138432,8.19960653855,0.698261637351,1651.515625,-1681.484375,802.384648878,1397.484375
279,4.41418062873,3.4035821454,7.81776277413,0.771056382071,1797.15625,-1564.84375,749.129520234,1280.84375
280,4.43665431625,3.27234812037,7.70900243662,0.73757112615,1909.15625,-1354.84375,667.990017205,1168.84375
281,4.2417369785,2.46751070539,6.70924768389,0.581721761132,1948.171875,-1060.828125,642.538874181,1109.828125
282,3.1792609225,2.52207076743,5.70133168993,0.793288386487,1981.53125,-1134.46875,497.355097263,1076.46875
283,2.36957799467,1.74730003097,4.11687802564,0.737388697439,1251.359375,-1158.640625,407.943254601,1100.640625
284,3.79332495353,1.86420591472,5.65753086824,0.491443769663,1493.203125,-1074.796875,611.456334799,1260.796875
285,3.9154438708,1.44318582872,5.35862969952,0.368588051915,1452.578125,-1115.421875,615.152567577,1301.421875
286,4.2938421348,1.81755156967,6.11139370447,0.423292592649,1681.765625,-1240.234375,667.498144712,1298.234375
287,4.28078929474,2.39433005199,6.67511934673,0.559319762579,1703.28125,-1296.71875,746.600095197,1354.71875
288,4.74469322937,4.75118581575,9.49587904512,1.00136838908,3520.171875,-1703.828125,820.351440594,1253.828125
289,4.09690076456,4.88053095213,8.97743171669,1.1912739001,3665.515625,-1558.484375,816.348251977,1108.484375
290,3.22234505254,1.37576030785,4.59810536039,0.426943820547,1044.328125,-1121.671875,455.365720283,1023.671875
291,1.94730824531,1.36849831876,3.31580656408,0.702764096058,632.640625,-1102.359375,277.30727357,1014.359375
292,1.90713554961,1.02239397055,2.92952952016,0.536088780243,604.8125,-680.1875,283.164421924,983.1875
293,1.91188357401,1.03086699718,2.94275057119,0.539189211726,658.046875,-734.953125,315.638560584,1037.953125
294,2.39043135604,1.09420385102,3.48463520706,0.45774326389,907.65625,-740.34375,352.089664483,1141.34375
295,2.91246068266,1.02919885621,3.94165953887,0.353377768269,955.0625,-1396.9375,488.288364948,1142.9375
296,3.30544466729,1.7050284611,5.01047312838,0.515824233263,1116.5625,-1450.4375,489.516658137,1196.4375
297,3.17556126874,1.44112604639,4.61668731513,0.453817742575,1162.6875,-1355.3125,525.326323435,1150.3125
298,3.04623272252,1.63342428222,4.67965700474,0.536211258629,1134.78125,-1295.21875,480.013882246,1090.21875
299,3.21663563235,0.782243009645,3.998878642,0.243186701589,1145.625,-1088.375,506.75797046,1079.375
300,3.13767968468,0.79388684817,3.93156653285,0.253017174457,1014.75,-1092.25,514.408914435,1083.25
301,3.19668425413,0.8787259024,4.07541015653,0.274886673986,942.015625,-1252.984375,521.986245394,1086.984375
302,2.66025638637,0.974328197463,3.63458458383,0.366253494384,1021.203125,-1134.796875,471.073713038,968.796875
303,0.840711543748,0.719417502548,1.5601290463,0.855724544166,539.5625,-303.4375,141.208055166,969.4375
304,0.685852684516,0.700719906544,1.38657259106,1.02167699036,493.09375,-212.90625,111.277906437,1015.90625
305,0.2765469485,0.15362557828,0.430172526779,0.555513554256,144.015625,-61.984375,39.2342692153,1011.984375
306,0.355342238536,0.363583084804,0.71892532334,1.02319129384,221.796875,-151.203125,59.2787851194,1013.203125
307,0.330254177964,0.359215344015,0.689469521978,1.08769356448,225.3125,-147.6875,57.6817440249,1009.6875
308,0.326658028454,0.422583241083,0.749241269537,1.29365637539,141.90625,-270.09375,59.8740132356,1005.09375
309,0.316249594475,0.422060241737,0.738309836212,1.33457955081,129.59375,-282.40625,60.5618791893,1017.40625
310,0.0834898684609,0.085710830697,0.169200699158,1.02660157786,59.078125,-18.921875,16.9717639473,1018.921875
311,0.0385267820551,0.0824107996426,0.120937581698,2.13905224487,35.609375,-13.390625,9.72852954507,1013.390625
312,0.0705226181215,0.0922016670772,0.162724285199,1.30740561728,33.109375,-25.890625,12.3947029859,1015.890625
313,0.0581648877531,0.103805118055,0.161970005809,1.78466979075,30.78125,-28.21875,12.343354424,1018.21875
314,0.197533871425,0.165735488431,0.363269359855,0.839023136819,97.15625,-78.84375,29.1436199868,1019.84375
315,0.206483381834,0.165567444756,0.37205082659,0.801843922183,101.078125,-74.921875,30.4514494152,1015.921875
316,0.101840764027,0.0871605585675,0.189001322595,0.855851381322,46.328125,-42.671875,17.4428125308,1002.671875
317,0.0815960804973,0.0666632738465,0.148259354344,0.816991128007,27.4375,-41.5625,14.6382151832,1001.5625
318,0.060872202871,0.0683253680067,0.129197570878,1.12243955014,19.6875,-29.3125,10.3785761909,1009.3125
319,0.117543017666,0.105260233675,0.222803251341,0.895503924985,52.546875,-35.453125,18.2053646691,1015.453125
320,0.292183989051,0.237343938096,0.529527927147,0.812309869772,128.703125,-146.296875,47.9455028155,1008.296875
321,0.284438776969,0.219372992097,0.503811769065,0.771248542251,137.890625,-137.109375,46.2331446271,999.109375
322,0.543052090948,0.321326560927,0.864378651876,0.591704859042,316.875,-212.125,76.7690326564,1006.125
323,0.544315050105,0.324472973061,0.868788023166,0.59611244076,315.78125,-213.21875,76.1381287427,1007.21875
324,0.092221193422,0.0780176428516,0.170238836274,0.845983878072,40.890625,-38.109375,13.7228336035,1008.109375
325,0.0460047062054,0.0849199925904,0.130924698796,1.84589794382,26.671875,-22.328125,9.84577112188,1012.328125
326,0.0373091030994,0.0803985643821,0.117707667482,2.1549315771,26.078125,-22.921875,8.82699107762,1012.921875
327,0.0438771513266,0.085468417393,0.12934556872,1.94790260555,26.5625,-22.4375,9.28182868566,1012.4375
328,0.0393245550755,0.080411859044,0.119736414119,2.04482565383,25.359375,-23.640625,9.78577920297,1013.640625
329,0.0344598933994,0.0733319289109,0.10779182231,2.1280370215,17.3125,-21.6875,8.90027211663,1011.6875
330,0.0441429950827,0.0702617583935,0.114404753476,1.59168534582,19.5625,-19.4375,8.75513242333,1009.4375
331,0.0462393776382,0.0778386761161,0.124078053754,1.68338503007,19.140625,-29.859375,9.81686556949,1009.859375
332,0.0525887945712,0.0792500974295,0.131838892001,1.50697687741,18.21875,-30.78125,9.57775539662,1010.78125
333,0.0440653392197,0.0829228468107,0.12698818603,1.88181569186,17.71875,-31.28125,9.84484120936,1011.28125
334,0.0424458388756,0.0679276538079,0.110373492683,1.60033717338,18.859375,-30.140625,8.30072886013,1010.140625
335,0.0291267441747,0.0696655690975,0.0987923132722,2.39180763493,18.578125,-20.421875,7.33315392477,1010.421875
336,0.0360830760649,0.0893594085006,0.125442484566,2.47649087178,19.28125,-19.71875,9.0854773368,1009.71875
337,0.0453717886933,0.0796224140829,0.124994202776,1.75488814473,19.390625,-19.609375,9.79096711818,1009.609375
338,0.0706416743156,0.0655166320144,0.13615830633,0.927450158128,36.78125,-22.21875,10.9636740392,1012.21875
339,0.0602449921092,0.0705333446729,0.130778336782,1.17077523299,36.6875,-32.3125,10.4655312216,1012.3125
340,0.0384082047598,0.0776303082316,0.116038512991,2.02119075122,17.1875,-31.8125,8.444441589,1011.8125
341,0.0317349919713,0.0858032603803,0.117538252352,2.70374293644,15.921875,-23.078125,9.01960484081,1013.078125
342,0.0436853914835,0.0840539442859,0.127739335769,1.92407442011,33.765625,-25.234375,9.85954833445,1015.234375
343,0.069419875466,0.0816844493885,0.151104324854,1.17667236998,31.734375,-27.265625,11.4676749326,1017.265625
344,0.426132877292,0.288656278941,0.714789156232,0.677385609801,165.46875,-236.53125,63.9095964894,1020.53125
345,0.437359548897,0.279961420927,0.717320969824,0.640117316823,170.625,-231.375,64.684691968,1015.375
346,0.187321789346,0.110978540049,0.298300329395,0.592448643784,59.265625,-87.734375,28.4353665065,998.734375
347,0.182389279141,0.102885482979,0.28527476212,0.564098303714,66.25,-80.75,25.5202125775,991.75
348,0.0775276346188,0.0973418710255,0.174869505644,1.25557643418,27.390625,-41.609375,13.7847483513,991.609375
349,2.1532311245,0.999371739484,3.15260286398,0.464126552934,916.828125,-1258.171875,347.636374081,1053.171875
350,2.53261923657,1.1316124471,3.66423168366,0.446815072222,827.71875,-1367.28125,437.279568352,1162.28125
351,3.42980910067,1.01025076611,4.44005986679,0.294550144471,1548.515625,-1185.484375,526.333752011,1166.484375
352,3.56278195384,1.49637816721,5.05916012105,0.420002735672,1529.484375,-1204.515625,535.104720831,1185.515625
353,3.91166775136,1.69153320483,5.60320095618,0.432432740291,1517.015625,-1403.984375,619.064301289,1168.984375
354,3.83683402503,1.37612508788,5.21295911291,0.358661614993,1500.265625,-1420.734375,617.046423552,1185.734375
355,3.67671791771,1.30779417002,4.98451208773,0.355696085283,1367.5,-1171.5,558.921925451,1220.5
356,3.48303159908,1.27410123041,4.75713282949,0.365802374789,1416.765625,-1122.234375,546.147837763,1171.234375
357,3.56364321133,1.61586826496,5.1795114763,0.45343155,1468.203125,-1588.796875,567.354859735,1236.796875
358,3.66720132691,1.70855235809,5.375753685,0.465900888928,1486.421875,-1570.578125,559.979653779,1218.578125
359,3.87339409143,1.83412760969,5.70752170112,0.473519493859,1499.78125,-1597.21875,627.849441266,1196.21875
360,4.04199674875,2.11212764203,6.15412439078,0.522545606373,1498.078125,-1598.921875,655.667200851,1197.921875
361,2.67174560741,2.06029369827,4.73203930568,0.771141418762,1141.875,-907.125,407.151902703,1063.125
362,2.38385689098,1.55279400269,3.93665089366,0.651378867818,1205.828125,-853.171875,348.457518693,1009.171875
363,3.05777267094,2.54590121747,5.6036738884,0.832599899157,1241.734375,-1561.265625,446.324932161,1032.265625
364,2.79536433168,2.19532501146,4.99068934314,0.785344860622,1280.125,-1522.875,421.401252519,993.875
365,1.29570128073,0.660862253957,1.95656353469,0.510042139947,444.53125,-741.46875,169.983268363,986.46875
366,0.0550352966195,0.0785708334681,0.133606130088,1.42764440812,21.078125,-17.921875,10.0674361922,1007.921875
367,0.135499131846,0.103082943476,0.238582075322,0.760764604703,48.140625,-78.859375,20.8722806518,1009.859375
368,1.81796593167,1.50576475849,3.32373069016,0.828268963822,736.125,-783.875,285.773046971,998.875
369,1.83497092801,1.50822432875,3.34319525676,0.821933637052,725.46875,-794.53125,290.864281536,1009.53125
370,1.11547542562,0.834643766114,1.95011919173,0.748240388756,840.3125,-286.6875,155.632366794,1021.6875
371,2.08890612693,1.08869430576,3.1776004327,0.521179143345,936.96875,-926.03125,274.601926019,1033.03125
372,3.14962834572,3.0734909161,6.22311926182,0.975826535302,1276.03125,-1320.96875,525.716860842,1017.96875
373,3.8890926704,3.65833158008,7.54742425048,0.940664543154,1307.5625,-1515.4375,585.228023802,986.4375
374,3.14107172275,3.03933925077,6.18041097352,0.967612177956,1348.265625,-1542.734375,488.519934412,1013.734375
375,2.63989218097,2.45421012447,5.09410230544,0.929663015088,1286.84375,-1007.15625,486.164106127,1075.15625
376,3.06262646641,1.10958555071,4.17221201712,0.36229868803,1032.15625,-1075.84375,457.959783263,1143.84375
377,3.84754534444,1.29218079006,5.1397261345,0.335845500023,1463.9375,-1085.0625,571.753603918,1143.0625
378,3.5909495563,1.29045742874,4.88140698504,0.359363841934,1441.296875,-1107.703125,573.043892289,1165.703125
379,3.28353531802,1.34297462687,4.62650994489,0.409002644042,1381.375,-1441.625,559.990248241,1157.625
380,3.1749193511,1.1644811926,4.33940054369,0.366775046489,1356.515625,-1466.484375,517.567567817,1182.484375
381,3.16842566266,1.19405522444,4.36248088711,0.376860735132,1420.46875,-1314.53125,533.802279897,1177.53125
382,3.28552440047,1.55171722129,4.83724162176,0.472289057133,1410.8125,-1324.1875,556.553789937,1187.1875
383,3.20087502017,1.45168015778,4.65255517795,0.453526035421,1429.578125,-1079.421875,534.780790508,1177.421875
384,3.14723919648,0.883694525237,4.03093372172,0.280784036442,1445.546875,-1063.453125,505.31227751,1161.453125
385,2.85365521391,1.06187383264,3.91552904655,0.372110066929,1258.921875,-1191.078125,485.836627141,1152.078125
386,2.82982624663,1.89304244723,4.72286869386,0.668960664805,1264.71875,-1185.28125,497.787337523,1146.28125
387,2.55749742385,1.93572215015,4.493219574,0.75688136852,1090.671875,-1163.328125,484.378404978,1144.328125
388,2.61006513129,1.7877784906,4.39784362189,0.68495550903,1090.21875,-1163.78125,490.484883456,1144.78125
389,3.00813187647,1.85441404105,4.86254591753,0.616467002514,1245.953125,-1312.046875,537.8417062,1126.046875
390,3.09173931342,1.4301940705,4.52193338392,0.462585595199,1236.265625,-1321.734375,541.172114552,1135.734375
391,3.11865379413,1.23250766898,4.35116146311,0.39520503087,1277.0625,-1181.9375,529.21365236,1123.9375
392,3.94561775803,1.66793698554,5.61355474358,0.422731518314,1866.921875,-1191.078125,596.138571996,1133.078125
393,4.05721362266,1.78793267743,5.84514630009,0.440679945331,1800.828125,-1277.171875,603.635381322,1199.171875
394,3.51207000889,1.60033710541,5.11240711431,0.455667768968,1402.34375,-1243.65625,546.047394313,1165.65625
395,3.26487862496,1.84139778453,5.1062764095,0.564001911266,1271.625,-1178.375,519.552767412,1149.375
396,2.92293051594,1.23835017638,4.16128069232,0.423667333051,1263.0625,-1186.9375,483.223288029,1157.9375
397,2.88410477417,1.08267631813,3.96678109229,0.375394239427,1082.15625,-1269.84375,487.56288757,1113.84375
398,2.96608749284,1.19926195905,4.16534945188,0.404324539294,1089.1875,-1262.8125,496.057389416,1106.8125
399,3.02446086456,1.14697035302,4.17143121759,0.379231342175,1038.78125,-1225.21875,478.562805072,1108.21875
400,3.12789655098,1.47051134863,4.59840789961,0.47012787177,1411.359375,-1214.640625,491.698693536,1097.640625
401,4.53585804839,1.7917374069,6.32759545529,0.395016199315,1372.328125,-2243.671875,633.572165747,1136.671875
402,4.59934863422,1.86960798323,6.46895661745,0.406494078167,1422.03125,-2144.96875,627.117038736,1037.96875
403,1.56838202055,1.52630448537,3.09468650591,0.973171373665,1145.015625,-541.984375,253.363529106,991.984375
404,2.03962974956,0.690281237354,2.72991098691,0.338434579856,1098.765625,-431.234375,313.827417848,1097.234375
405,2.96595214796,1.53799906874,4.5039512167,0.518551545007,1106.890625,-1441.109375,483.611579589,1089.109375
406,3.07789209775,1.64892540283,4.72681750058,0.535732036882,1325.09375,-1447.90625,527.178626,1095.90625
407,3.58897940976,1.17417155694,4.7631509667,0.327160293467,1275.453125,-1292.546875,550.641498893,1145.546875
408,3.71348184621,1.71349614716,5.42697799337,0.461425750313,1512.828125,-1516.171875,607.722247276,1134.171875
409,3.81968421794,1.94250501231,5.76218923025,0.508551205145,1487.09375,-1541.90625,631.297565504,1159.90625
410,3.74610706158,2.08906976019,5.83517682177,0.55766419001,1287.15625,-986.84375,605.06828692,1084.84375
411,4.35244839118,2.28878766753,6.64123605871,0.525862103769,2284.53125,-1352.46875,595.754536511,1058.46875
412,3.37295270275,2.410779052,5.78373175475,0.714738469364,2309.5,-1327.5,466.301371165,1033.5
413,3.25002286793,1.30346955961,4.55349242754,0.401064734796,1130.265625,-1388.734375,492.535349055,1055.734375
414,2.93121829855,1.11640859786,4.04762689642,0.380868459511,1071.296875,-1447.703125,507.357359255,1114.703125
415,1.52732313099,1.34667074543,2.87399387642,0.881719603468,859.28125,-493.71875,270.911740053,1061.71875
416,1.67416107287,1.41161793106,3.08577900393,0.843179281808,680.375,-427.625,247.611370145,995.625
417,2.50632708752,3.93872350142,6.44505058893,1.57151216257,3056.890625,-688.109375,446.63877033,1001.109375
418,2.98151274668,3.88226936158,6.86378210826,1.30211395739,3053.84375,-936.15625,518.125232773,1004.15625
419,2.25584619743,2.35617849186,4.61202468928,1.04447656695,1320.046875,-944.953125,364.52449462,1012.953125
420,1.68617723582,1.83113423804,3.51731147386,1.08596783253,1303.265625,-392.734375,275.02495581,1029.734375
421,1.69109095373,1.62553420214,3.31662515587,0.961234047498,1099.53125,-753.46875,263.285252195,1007.46875
422,1.50629454303,1.29623289687,2.8025274399,0.860544109957,538.15625,-726.84375,222.729040733,980.84375
423,1.07213893891,0.972096454747,2.04423539366,0.906688880954,670.609375,-515.390625,166.414262571,985.390625
424,1.16109245779,1.31241543927,2.47350789706,1.13032810649,652.09375,-651.90625,180.183302392,1003.90625
425,1.02646148382,1.48242702981,2.50888851363,1.44421106215,610.265625,-654.734375,192.445628863,1006.734375
426,1.15405537966,1.68385451043,2.83790989008,1.45907600286,614.515625,-591.484375,207.85346342,1002.484375
427,2.04352562839,1.53986089811,3.58338652651,0.753531483392,691.296875,-1150.703125,284.635714537,984.703125
428,3.76014452756,5.34678297638,9.10692750394,1.4219620914,3298.84375,-1534.15625,641.068035068,1044.15625
429,5.11104800302,5.7394649017,10.8505129047,1.12295265048,3330.0,-1709.0,801.969606656,1013.0
430,4.62717143284,4.49035971332,9.11753114616,0.970432969364,2204.703125,-1794.296875,740.384395088,981.296875
431,3.71899822236,4.29267219474,8.0116704171,1.15425497354,1512.90625,-1858.09375,609.622314397,1045.09375
432,3.2810556018,5.55094251675,8.83199811855,1.69181604655,2774.203125,-1567.796875,657.653503462,999.796875
433,3.49851447544,5.59528276527,9.09379724071,1.59933103166,2759.375,-1641.625,686.689874962,1014.625
434,3.39924215252,3.68088007766,7.08012223018,1.08285315153,1101.3125,-1662.6875,553.585553319,1035.6875
435,3.3963824857,3.82298757702,7.21937006272,1.12560572701,1663.78125,-1178.21875,562.026619386,963.21875
436,3.21802373977,3.9132592742,7.13128301398,1.21604425283,2360.53125,-982.46875,579.28503802,1001.46875
437,3.37622346358,3.77814383499,7.15436729856,1.11904436295,2311.21875,-1599.78125,559.513278125,1050.78125
438,3.25294808661,3.64618619864,6.89913428526,1.12088668542,1517.59375,-1540.40625,505.447163372,991.40625
439,2.68077126051,3.46896951375,6.14974077426,1.29401921188,2001.015625,-1114.984375,465.794130095,948.984375
440,3.02090076184,4.7977086654,7.81860942725,1.58817155664,2387.203125,-788.796875,558.109341317,984.796875
441,2.41823617845,5.66995235207,8.08818853053,2.34466443046,2546.4375,-904.5625,616.416302992,1031.5625
442,2.4818370704,4.42415985221,6.9059969226,1.78261494478,2584.421875,-915.578125,515.6442816,993.578125
443,2.23142536202,4.17547305689,6.40689841891,1.87121340824,2532.4375,-879.5625,476.978703501,957.5625
444,2.45385004701,3.7683227102,6.22217275721,1.5356776649,2473.9375,-830.0625,475.23135402,1016.0625
445,2.4994675694,2.5787636481,5.0782312175,1.03172518807,1176.078125,-716.921875,390.326678273,1019.921875
446,2.36533240869,3.03442040258,5.39975281128,1.28287271228,2217.09375,-684.90625,412.131832623,987.90625
447,2.40768376669,2.73830031821,5.14598408491,1.1373172657,2155.375,-746.625,391.904145647,1049.625
448,2.13930339827,1.23395021442,3.37325361269,0.576800006686,1026.125,-728.875,312.300161103,1120.875
449,3.32746618574,2.68222666983,6.00969285557,0.806086830072,1859.96875,-1561.03125,573.630324358,1140.03125
450,3.44206324005,2.77616620876,6.21822944881,0.806541314077,1829.078125,-1591.921875,645.564222809,1170.921875
451,3.83370551648,1.86845220812,5.7021577246,0.48737499531,1424.265625,-1456.734375,567.279534329,1153.734375
452,3.38373283735,1.8179583668,5.20169120415,0.537264155945,1379.5625,-1452.4375,545.443308093,1149.4375
453,4.07825527802,1.68024118564,5.75849646366,0.41200000272,1410.921875,-1235.078125,599.912136918,1118.078125
454,4.036805525,1.70238451232,5.73919003732,0.421715760588,1411.015625,-1234.984375,629.527885904,1117.984375
455,3.86436206856,1.08695471423,4.9513167828,0.281276623398,1542.21875,-1417.78125,609.747449481,1172.78125
456,4.13666950705,1.24810105569,5.38477056274,0.30171640581,1588.34375,-1371.65625,672.059875001,1126.65625
457,3.80767978748,1.67649476833,5.48417455581,0.440293003061,1467.6875,-1325.3125,634.661717842,1159.3125
458,3.7247199947,1.62045792007,5.34517791477,0.435054963158,1415.0,-1270.0,648.926204395,1114.0
459,3.82255658815,1.83348640703,5.65604299518,0.479649251685,1267.171875,-1309.828125,624.152714553,1153.828125
460,4.51780534619,2.03968710234,6.55749244853,0.451477420128,1422.84375,-1576.15625,668.874082385,1126.15625
461,4.14199129749,1.48764028697,5.62963158447,0.359160650066,1498.359375,-1568.640625,694.850216935,1118.640625
462,3.47993021141,2.07617157818,5.55610178959,0.596612992805,1477.890625,-826.109375,507.198066501,1139.109375
463,3.95971223392,1.73773805678,5.6974502907,0.438854632389,1403.515625,-1252.484375,562.466721021,1017.484375
464,3.7920527855,1.47135664202,5.26340942752,0.388010590898,1295.875,-1360.125,581.236545543,1125.125
465,3.91360319773,1.49121724847,5.4048204462,0.381034349453,1379.9375,-1325.0625,611.172026596,1169.0625
466,3.7563081165,2.6318355488,6.3881436653,0.700644214259,1502.921875,-1280.078125,597.141767733,1124.078125
467,2.16071939768,3.1416592095,5.30237860719,1.45398759916,1557.421875,-1030.578125,408.845241377,1069.578125
468,2.58500180499,2.99740417972,5.58240598471,1.15953659063,1220.921875,-1053.078125,447.602338322,1024.078125
469,2.88210030936,2.61012659323,5.49222690259,0.905633500942,1206.53125,-1067.46875,470.651840827,1038.46875
470,2.63168875567,2.46549209999,5.09718085567,0.936847905999,1040.734375,-998.265625,439.412364776,1027.265625
471,2.33283561709,2.44889289943,4.78172851652,1.04974944719,852.1875,-892.8125,368.511358161,1048.8125
472,3.03402584563,1.92525442919,4.95928027481,0.634554393121,894.46875,-977.53125,428.498139171,1006.53125
473,2.90339759775,4.73083503746,7.63423263521,1.62941342968,2366.65625,-1308.34375,578.768985076,1005.34375
474,2.70452878405,5.40670351642,8.11123230047,1.99912958897,2317.171875,-1436.828125,608.426314219,1054.828125
475,3.00273540227,4.40837963836,7.41111504063,1.46812124539,1585.921875,-1433.078125,558.035905674,1051.078125
476,2.92930081329,4.00430806361,6.9336088769,1.36698424602,1428.84375,-1560.15625,580.859310062,1031.15625
477,2.87226754915,4.50378761708,7.37605516623,1.56802510213,1579.875,-1556.125,575.627985877,1027.125
478,2.84833665533,3.31364797819,6.16198463352,1.16336247402,1595.796875,-1040.203125,557.271174443,1011.203125
479,3.4972219741,4.57106719262,8.06828916672,1.30705663709,2071.921875,-2114.078125,616.492404269,1026.078125
480,2.69389685564,6.5015345022,9.19543135784,2.41343111878,2064.703125,-2650.296875,668.173996793,1033.296875
481,3.04338327546,5.66513406716,8.70851734262,1.8614592887,1973.546875,-2633.453125,658.941573892,1016.453125
482,2.45460209209,4.62460711569,7.07920920778,1.88405572153,1944.796875,-2074.203125,535.562414071,1045.203125
483,2.64519668579,1.76433794818,4.40953463396,0.66699688445,875.34375,-850.65625,421.692913251,1065.65625
484,4.29843716028,4.95737958018,9.25581674046,1.15329813961,2604.59375,-1698.40625,727.865172928,1012.40625
485,4.52120274894,4.74363619124,9.26483894018,1.04919784727,2579.59375,-1723.40625,727.507639967,1037.40625
486,2.40424710987,1.56361020878,3.96785731864,0.650353369401,906.734375,-956.265625,358.58111191,1093.265625
487,3.37912095114,1.6858392324,5.06496018353,0.498898754076,1097.5,-1519.5,517.119848294,1098.5
488,3.34736651962,2.20530080198,5.55266732161,0.658816651555,1234.328125,-1587.671875,570.795280034,1166.671875
489,3.9044818106,2.05416938963,5.95865120022,0.526105508816,1257.15625,-1535.84375,556.567162916,1143.84375
490,3.32513047094,1.72009302314,5.04522349408,0.517300911398,1068.0625,-1538.9375,548.937265171,1146.9375
491,2.89902717663,1.81335502228,4.71238219891,0.625504664772,1069.15625,-1488.84375,517.151972911,1145.84375
492,3.02647553255,1.90500429801,4.93147983055,0.629446455959,1175.484375,-1480.515625,523.627819645,1137.515625
493,3.09535876949,1.03042125657,4.12578002606,0.33289235055,1198.578125,-1270.421875,533.114281976,1114.421875
494,3.25402801506,0.986684516501,4.24071253157,0.303219428946,1258.75,-1289.25,541.202624947,1133.25
495,3.3484011702,1.19586037445,4.54426154466,0.357143697443,1240.390625,-1425.609375,569.449367185,1151.609375
496,3.69502501038,1.41991110189,5.11493611227,0.384276452231,1220.0625,-1425.9375,558.877498736,1151.9375
497,3.55874244288,2.01623354095,5.57497598383,0.566557870739,1301.15625,-1393.84375,595.777071845,1139.84375
498,3.45975957502,1.997451835,5.45721141002,0.57733833571,1328.671875,-1366.328125,565.787478174,1112.328125
499,2.9703068856,1.2866569591,4.2569638447,0.43317307223,1103.9375,-1170.0625,493.980923056,1043.0625
500,3.38562578976,1.48108684283,4.86671263259,0.437463244552,1574.96875,-1120.03125,579.264619171,954.03125
501,3.22869259528,1.65589960063,4.88459219592,0.512870009072,1457.46875,-1237.53125,479.488821844,1071.53125
502,3.68861528992,1.6417940846,5.33040937453,0.445097673669,1576.84375,-1343.15625,572.849544458,1089.15625
503,4.13116533369,2.39660271958,6.52776805327,0.580127524801,1906.0,-1377.0,631.588597308,1123.0
504,4.75748143427,2.9516146875,7.70909612178,0.620415387487,1881.265625,-1843.734375,693.696061916,1147.734375
505,4.40180389918,2.42871729978,6.83052119895,0.551754997589,1588.375,-1744.625,625.157142745,1048.625
506,3.07555742351,2.39550291294,5.47106033645,0.778884144589,1520.078125,-1164.921875,440.837814022,959.921875
507,5.02467867126,4.27211925471,9.29679792597,0.850227354667,1998.5,-1432.5,744.148779647,991.5
508,4.39292807958,6.43375534611,10.8266834257,1.46457106275,2200.109375,-1769.890625,801.485907494,1093.890625
509,3.41313249977,5.99608955737,9.40922205714,1.75677022728,2233.359375,-2060.640625,684.135799914,1060.640625
510,3.26802960969,4.14734267741,7.4153722871,1.26906520832,1381.875,-2010.125,560.2679465,1010.125
511,2.59035984509,3.20528386538,5.79564371047,1.23738941964,1929.734375,-972.265625,508.703230104,991.265625
512,2.9390095365,4.3367619985,7.275771535,1.47558622885,1933.265625,-1457.734375,581.128300222,987.734375
513,2.40087544487,4.61418658964,7.01506203451,1.92187670522,1597.765625,-1499.234375,554.020073592,1029.234375
514,3.02310591364,3.88605474413,6.90916065777,1.2854510742,1617.203125,-1224.796875,571.651969615,1009.796875
515,3.3275582244,4.0222746953,7.3498329197,1.20877665365,1609.1875,-1477.8125,579.821682583,1017.8125
516,4.26506620778,4.28956773842,8.55463394621,1.00574470112,1981.671875,-1801.328125,671.67135413,1027.328125
517,4.68139876207,4.72945706877,9.41085583084,1.0102658007,2053.1875,-1729.8125,733.866938616,955.8125
518,4.36455926279,6.84560180615,11.2101610689,1.56845202321,3683.078125,-1492.921875,819.106817376,992.921875
519,4.03912894903,6.55107251151,10.5902014605,1.62190229482,3623.359375,-1552.640625,807.593035801,1052.640625
520,4.61037769797,4.23912942855,8.84950712653,0.919475519416,1863.375,-1253.625,684.701725662,1008.625
521,3.30639201857,4.1463573321,7.45274935067,1.25404286873,1654.515625,-1275.484375,597.459046509,1021.484375
522,3.09097890457,3.40673282303,6.4977117276,1.10215337219,920.546875,-1460.453125,578.786066092,980.453125
523,4.20861047527,5.22453187701,9.43314235228,1.24139116882,2695.5625,-1470.4375,736.120423126,990.4375
524,4.29613316042,5.5039252224,9.80005838282,1.28113468947,2661.75,-1504.25,782.825531329,1024.25
525,4.41457918639,4.77963076698,9.19420995337,1.08269227149,2287.359375,-1505.640625,762.493429627,966.640625
526,4.79612924213,3.86904699789,8.66517624002,0.80670198874,2262.9375,-1883.0625,765.949163518,991.0625
527,5.28964116241,3.62206956292,8.91171072533,0.684747689251,2446.203125,-1974.796875,777.797314128,1082.796875
528,4.53504247736,3.26329911522,7.79834159258,0.719574101348,2445.203125,-1837.796875,648.330046632,1083.796875
529,3.38252417909,1.73262727495,5.11515145404,0.512229087867,1442.078125,-1771.921875,574.567209534,1017.921875
530,3.50825576451,1.39411715733,4.90237292185,0.397381847537,1338.84375,-1493.15625,562.046072921,1121.15625
531,3.32917782388,1.2512454066,4.58042323048,0.375842166683,1241.296875,-1082.703125,549.134821779,1091.703125
532,3.31943565225,1.61823939467,4.93767504692,0.487504372491,1245.265625,-1078.734375,509.538830776,1087.734375
533,3.28722719378,1.86600190997,5.15322910375,0.567652249134,1148.140625,-1457.859375,539.222410838,1105.859375
534,3.5171666099,2.1259660955,5.6431327054,0.604454190345,1328.109375,-1493.890625,578.987427465,1141.890625
535,3.53295315796,1.99708865477,5.53004181274,0.565274591958,1351.828125,-1421.171875,595.893985818,1118.171875
536,3.4079251802,2.05039542311,5.45832060331,0.60165505834,1497.8125,-1403.1875,580.857686825,1100.1875
537,3.27824366268,2.06275827727,5.34100193995,0.629226649853,1388.640625,-1346.359375,542.662515035,1209.359375
538,3.19174101728,1.41781696706,4.60955798434,0.444214289124,1304.90625,-1253.09375,490.757345804,1116.09375
539,3.78793192454,1.40208497104,5.19001689558,0.370145239928,1258.765625,-1436.234375,582.965981592,1133.234375
540,3.53021105332,1.06092419575,4.59113524907,0.300527129886,1223.8125,-1471.1875,574.328000661,1168.1875
541,3.68550497895,0.922693884353,4.60819886331,0.250357519423,1223.515625,-1383.484375,531.135958118,1070.484375
542,3.62240498334,0.929984084771,4.55238906812,0.256731118979,1262.453125,-1344.546875,550.474055068,1031.546875
543,2.43126128375,2.49768705541,4.92894833916,1.02732152735,1008.109375,-1010.890625,385.145269557,991.890625
544,2.58062918097,3.18817874913,5.76880793011,1.23542691551,970.90625,-1048.09375,438.15382283,1029.09375
545,2.93736648279,4.82117193705,7.75853841984,1.64132462371,2962.78125,-1056.21875,591.692077561,1037.21875
546,4.21295591832,5.35957405479,9.57252997311,1.27216476002,3004.5,-1465.5,699.472077713,995.5
547,4.55814663931,6.21457408146,10.7727207208,1.36339933162,2809.953125,-2121.046875,797.615419346,984.046875
548,4.3855236755,8.0775357476,12.4630594231,1.84186344558,3710.71875,-2131.28125,904.978391813,994.28125
549,3.39841123392,7.45149662509,10.849907859,2.19264124092,3726.03125,-1507.96875,863.235627754,978.96875
550,2.69428924963,6.51177531164,9.20606456127,2.41688056044,2912.90625,-1507.09375,749.694869571,998.09375
551,3.38400490561,6.1641204725,9.54812537811,1.82154596238,3156.21875,-1401.78125,783.801881631,970.78125
552,5.84969946739,7.48441899946,13.3341184669,1.27945359265,3494.9375,-2121.0625,1004.83991068,955.0625
553,6.51149907521,6.12071844916,12.6322175244,0.939986073631,3493.65625,-2475.34375,1001.57697874,956.34375
554,5.37377990931,4.94144171082,10.3152216201,0.919546723948,2963.21875,-2505.78125,846.331245523,986.78125
555,4.49978993235,6.07388137544,10.5736713078,1.3498144284,3321.21875,-1677.78125,861.020896029,991.78125
556,5.50661115933,5.64976979779,11.1563809571,1.0259975935,3336.03125,-1662.96875,861.565253781,976.96875
557,5.20250723926,5.1587678926,10.3612751319,0.991592640885,2350.59375,-1942.40625,841.33997882,982.40625
558,5.03621921884,4.35305190458,9.38927112342,0.864349170562,1878.953125,-1963.046875,801.979960584,1003.046875
559,4.80215763676,6.20032781599,11.0024854527,1.29115457779,3440.09375,-1784.90625,853.341295269,1049.90625
560,5.05669456786,6.00331494366,11.0600095115,1.1872014145,3469.328125,-1735.671875,862.322301526,1020.671875
561,5.98310159969,4.72868386822,10.7117854679,0.790339891349,2129.25,-2016.75,915.056367799,997.75
562,6.27092599756,6.34712777606,12.6180537736,1.01215159907,2227.671875,-2251.328125,1062.56396947,899.328125
563,6.72119097608,5.78982280423,12.5110137803,0.861428104757,3773.359375,-2234.640625,1169.2104356,882.640625
564,6.93662259239,5.40611267081,12.3427352632,0.779358051963,3595.296875,-2226.703125,1104.47417749,1060.703125
565,6.14321652733,4.49003934451,10.6332558718,0.730893876935,1437.546875,-2140.453125,975.637322627,1042.453125
566,6.8988421972,4.63631595137,11.5351581486,0.6720426151,1655.953125,-1981.046875,989.882338805,883.046875
567,5.44282609627,4.89504451566,10.3378706119,0.899357140772,1608.046875,-1841.953125,934.907907057,930.953125
568,4.65923435044,4.5775240679,9.23675841833,0.982462723187,1663.546875,-2413.453125,895.497102342,953.453125
569,4.25964195644,2.54679931833,6.80644127476,0.597890466939,1677.59375,-2399.40625,669.678391066,939.40625
570,1.77256086777,0.787927439162,2.56048830693,0.444513615013,723.140625,-737.859375,248.314245664,972.859375
571,3.3175439767,0.870744136804,4.1882881135,0.262466494165,1235.796875,-1233.203125,499.578796953,1077.203125
572,3.28637443272,1.50089935549,4.78727378821,0.456703697712,1176.421875,-1292.578125,523.747816364,1136.578125
573,3.66831219412,1.59642303308,5.2647352272,0.435192794014,1315.4375,-1595.5625,583.958123365,1164.5625
574,4.08355185235,1.93717085503,6.02072270738,0.474383802402,1281.6875,-1629.3125,635.895404012,1198.3125
575,4.14632882505,1.55881409794,5.70514292299,0.375950428369,1355.3125,-1300.6875,631.215144458,1183.6875
576,4.98900335153,3.55594785274,8.54495120427,0.712757158533,1939.796875,-1520.203125,760.030163458,1148.203125
577,4.55005098954,3.10491945335,7.65497044289,0.682392232632,1915.203125,-1544.796875,673.173853373,1172.796875
578,3.49802170085,1.20954163818,4.70756333903,0.345778769151,1213.53125,-982.46875,554.624083523,1168.46875
579,3.5509117665,1.31274680715,4.86365857366,0.369692882695,1193.1875,-1276.8125,560.537433936,1139.8125
580,3.44945327721,1.40514479674,4.85459807395,0.407352900248,1233.453125,-1324.546875,555.587721744,1187.546875
581,3.47189103066,1.85680577028,5.32869680094,0.534811073816,1299.671875,-1199.328125,587.342852778,1131.328125
582,3.42562056473,1.78250584587,5.2081264106,0.52034538332,1351.53125,-1147.46875,555.435667088,1079.46875
583,3.23160825494,1.13117475519,4.36278301013,0.350034616189,1162.875,-1209.125,518.434798818,1072.125
584,3.19766888206,1.24717072913,4.44483961119,0.390024976047,1075.859375,-1188.140625,552.978917636,1022.140625
585,3.10330863004,1.30766914583,4.41097777588,0.421379018887,1016.375,-1237.625,491.222756878,1071.625
586,3.11083471865,1.34702237646,4.45785709511,0.43300994694,1109.375,-1134.625,511.660058657,1066.625
587,3.00116277332,1.1418821466,4.14304491993,0.380479911571,1088.671875,-1155.328125,469.591546409,1087.328125
588,3.5496633808,1.51181596421,5.06147934502,0.425904037095,1147.28125,-1488.71875,548.315501922,1077.71875
589,3.37278645412,0.951904184056,4.32469063817,0.282230789588,1153.25,-1482.75,525.235423406,1071.75
590,3.15712476554,1.27750635729,4.43463112284,0.404642341423,1075.953125,-1168.046875,463.006257709,1051.046875
591,2.9695189415,0.894024292017,3.86354323351,0.30106704474,1080.875,-1163.125,468.312045409,1046.125
592,1.77988460569,0.671584763174,2.45146936886,0.377319271726,688.6875,-722.3125,269.588684098,1114.3125
593,1.64324276506,0.949748357914,2.59299112298,0.577972030735,585.234375,-875.765625,312.81772559,1012.765625
594,1.51500982751,1.02878748249,2.54379730999,0.679063240257,624.640625,-836.359375,255.883907221,973.359375
595,0.107797998313,0.101733401981,0.209531400294,0.943741104413,29.03125,-68.96875,16.8791372243,989.96875
596,1.03820971651,0.27249982367,1.31070954018,0.262470885541,424.296875,-536.703125,137.965992151,986.703125
597,1.45450594964,0.697890203392,2.15239615303,0.47981254636,569.4375,-548.5625,193.901946467,998.5625
598,2.68086369589,0.824724899731,3.50558859562,0.307634028912,1041.96875,-821.03125,415.633438589,997.03125
599,2.88335089816,1.30868205856,4.19203295672,0.45387540566,1038.046875,-912.953125,482.5444743,1088.953125
600,3.67834465442,1.48489328779,5.16323794222,0.403685197364,1409.5,-1324.5,572.29778088,1119.5
601,3.74764459916,1.60657377717,5.35421837632,0.428688936387,1399.515625,-1334.484375,617.464523075,1129.484375
602,3.74299636016,1.65079510335,5.39379146352,0.441035722322,1444.125,-1338.875,619.562131166,1133.875
603,3.88864285482,1.80669853975,5.69534139457,0.464609018417,1412.0,-1371.0,614.357896507,1166.0
604,3.70175074455,1.88121886466,5.58296960921,0.508197065248,1365.328125,-1232.671875,624.241040552,1134.671875
605,3.98012394718,2.29421570385,6.27433965103,0.576418155388,1798.078125,-1220.921875,632.772527866,1122.921875
606,4.17644321745,2.33146602222,6.50790923967,0.558242001825,1753.53125,-1451.46875,673.797168311,1167.46875
607,4.02231892048,1.7125258571,5.73484477758,0.425755861471,1685.734375,-1421.265625,642.576290271,1137.265625
608,3.57841460139,1.87902669143,5.45744129282,0.52510033094,1321.640625,-1461.359375,591.516228835,1128.359375
609,3.95674058708,1.31323388074,5.26997446783,0.331897897231,1236.34375,-1488.65625,596.986317336,1155.65625
610,2.97011093513,1.66107804992,4.63118898505,0.559264649099,1157.609375,-1223.390625,467.580461565,1145.390625
611,3.32437221491,1.77028852538,5.09466074029,0.532518145063,1308.296875,-1229.703125,531.847566263,1063.703125
612,3.53590374279,2.20554013024,5.74144387303,0.623755704534,1869.796875,-1256.203125,549.712287806,1090.203125
613,3.47043093003,2.24190787278,5.7123388028,0.646002735101,1881.078125,-1010.921875,565.553498373,1078.921875
614,3.17573079453,1.34016163394,4.51589242847,0.422001019812,1616.03125,-1011.96875,487.006127039,1079.96875
615,2.94961137406,1.43602096941,4.38563234347,0.486850905866,1153.578125,-1355.421875,472.444368573,1071.421875
616,3.34830152661,2.00763554129,5.35593706789,0.599598191899,1564.359375,-1356.640625,513.989371461,1072.640625
617,2.76571615388,1.77730296789,4.54301912177,0.642619440682,1587.546875,-971.453125,441.723539448,1049.453125
618,2.12346288953,1.15960750974,3.28307039927,0.546092665646,770.421875,-974.578125,348.124340425,1052.578125
619,1.51947644589,1.87991489567,3.39939134155,1.23721226529,776.078125,-801.921875,272.546745113,1046.921875
620,1.59360657422,1.64059090513,3.23419747934,1.02948301775,826.640625,-849.359375,318.225616072,1094.359375
621,2.10859341582,0.657202365759,2.76579578158,0.311678088734,887.8125,-916.1875,370.541279541,1033.1875
622,2.1519813486,2.04198920147,4.19397055008,0.948887964479,1489.140625,-834.859375,352.478096269,951.859375
623,1.19406559199,2.05929721336,3.25336280534,1.72460979294,1456.359375,-386.640625,233.422254669,984.640625
624,0.087613800172,0.180088995648,0.26770279582,2.05548663902,57.46875,-50.53125,23.2741599942,922.53125
625,0.286797687919,0.189038042954,0.475835730873,0.659133775886,146.828125,-108.171875,40.339789092,902.171875
626,0.316462579352,0.190212492085,0.506675071437,0.601058401515,148.96875,-106.03125,51.9100690949,900.03125
627,0.436220989683,0.20018446489,0.636405454573,0.458906081148,168.671875,-145.328125,74.6797443018,860.328125
628,0.511886339795,0.227842044555,0.73972838435,0.445102802795,186.328125,-126.671875,74.5149009191,773.671875
629,0.335878464808,0.148080366734,0.483958831543,0.440874846855,151.0625,-93.9375,46.9883213549,740.9375
630,0.141173374953,0.0858720847724,0.227045459726,0.608273938346,58.78125,-58.21875,22.8674637517,744.21875
631,0.0823080442646,0.120071520435,0.202379564699,1.45880662707,83.1875,-24.8125,15.2642095685,739.8125
632,0.0897788004969,0.13461137821,0.224390178707,1.49936708293,86.40625,-60.59375,17.3877819442,736.59375
633,0.0636234262524,0.1017315174,0.165354943653,1.59896320259,29.375,-58.625,12.9040933428,734.625
634,0.0521598702524,0.0765936165106,0.128753486763,1.46843955209,18.109375,-39.890625,9.77419623853,735.890625
635,0.0480736392223,0.0850745204022,0.133148159624,1.76967090028,17.8125,-40.1875,9.87084564513,736.1875
636,0.0486172154881,0.082076467501,0.130693682989,1.68821818932,18.453125,-20.546875,10.2970409698,735.546875
637,0.0612684881082,0.077586664467,0.138855152575,1.26633881238,19.71875,-19.28125,10.9921403028,734.28125
638,0.0624400126422,0.0722141203556,0.134654132998,1.15653596628,19.25,-19.75,10.797858584,734.75
639,0.0507717958087,0.0795061637942,0.130277959603,1.56595138163,18.734375,-20.265625,9.74557942656,735.265625
640,0.0463910005855,0.0865503468672,0.132941347453,1.86567105203,18.453125,-20.546875,9.50810458159,735.546875
641,0.0536799525587,0.0847790268626,0.138458979421,1.57934243272,29.25,-29.75,11.2096498607,734.75
642,0.072245344575,0.0825899062362,0.154835250811,1.14318655025,29.375,-29.625,12.1030729569,734.625
643,0.0732423343443,0.0818319433547,0.155074277699,1.11727655989,28.296875,-20.703125,11.4791654851,735.703125
644,0.0504491110084,0.0816893086194,0.132138419628,1.61924178616,18.15625,-20.84375,10.3986458704,735.84375
645,0.0448462339615,0.0687524676666,0.113598701628,1.53307115433,19.984375,-19.015625,9.03204743452,734.015625
646,0.0373811122351,0.0637157221882,0.101096834423,1.70448973769,20.734375,-18.265625,7.77464265155,733.265625
647,0.0354968202785,0.074325717445,0.109822537724,2.09386972866,19.8125,-19.1875,8.641967007,734.1875
648,0.04122704099,0.0835097863165,0.124736827307,2.02560708484,19.203125,-19.796875,9.50358433615,734.796875
649,0.0443576818014,0.0770079628342,0.121365644636,1.73606824583,18.265625,-20.734375,8.79318306186,735.734375
650,0.0404311720248,0.0687188568654,0.10915002889,1.69965037925,18.859375,-20.140625,8.1583300748,735.140625
651,0.0398592818415,0.0841428674142,0.124002149256,2.11099807941,19.515625,-19.484375,9.65497311541,734.484375
652,0.0374315614586,0.0962835944491,0.133715155908,2.57225695903,19.828125,-19.171875,10.1080949731,734.171875
653,0.0374514800195,0.105532099994,0.142983580013,2.81783523479,19.53125,-19.46875,10.8440201695,734.46875
654,0.0430996641275,0.106155669776,0.149255333903,2.46302777353,29.078125,-19.921875,11.1695801839,734.921875
655,0.0376881177042,0.0800888151733,0.117776932877,2.1250415264,29.640625,-19.359375,8.58299042347,734.359375
656,0.027945643724,0.0796441120375,0.107589755761,2.84996519758,11.71875,-28.28125,8.01457412702,733.28125
657,0.0397256770903,0.0813056098097,0.1210312869,2.04667650157,20.0,-29.0,9.50328890437,734.0
658,0.0415732796206,0.0787566372987,0.120329916919,1.89440520491,18.296875,-20.703125,9.24776947347,735.703125
659,0.0423030784012,0.0769654923911,0.119268570792,1.81938278017,18.578125,-20.421875,9.49638860222,735.421875
660,0.0526970628041,0.0736159370289,0.126312999833,1.39696470945,19.515625,-19.484375,9.97338988807,734.484375
661,0.0437637164662,0.0593185281867,0.103082244653,1.35542712038,19.484375,-19.515625,8.14515229197,734.515625
662,0.0461595954874,0.069202793967,0.115362389454,1.49920711471,20.90625,-28.09375,8.91753670794,733.09375
663,0.0642433303849,0.0853350548709,0.149578385256,1.32830994844,31.40625,-27.59375,11.8278257063,732.59375
664,0.0665578984044,0.0780778363937,0.144635734798,1.17308145638,28.890625,-30.109375,11.0129429359,735.109375
665,0.0489713266963,0.0720976222698,0.121068948966,1.47224155712,27.5,-21.5,9.42072184071,736.5
666,0.0363141319101,0.0791727239798,0.11548685589,2.18021799821,26.5625,-22.4375,9.05171772373,737.4375
667,0.0314831136917,0.070033505968,0.10151661966,2.22447838717,16.0625,-12.9375,7.57230768987,737.9375
668,0.0386407294756,0.0688016570469,0.107442386522,1.78054757197,17.34375,-11.65625,8.26176954033,736.65625
669,0.0436147206985,0.0814559460163,0.125070666715,1.86762507501,18.578125,-20.421875,9.65952361581,735.421875
670,0.0467597653886,0.0896333428595,0.136393108248,1.9168903461,17.96875,-21.03125,10.365159113,736.03125
671,0.0520904839103,0.0821922475541,0.134282731464,1.57787452494,17.09375,-21.90625,10.1207070374,736.90625
672,0.0686950510532,0.0684648580903,0.137159909144,0.996649060459,26.34375,-32.65625,11.1372387034,737.65625
673,0.0653145067168,0.082800330852,0.148114837569,1.26771731142,26.640625,-32.359375,11.5059321487,737.359375
674,0.045455264279,0.097753007218,0.143208271497,2.15053214998,18.921875,-20.078125,10.5361056128,735.078125
675,0.0506052580051,0.087943882685,0.13854914069,1.73784081244,19.84375,-19.15625,10.382104119,734.15625
676,0.0461427265207,0.0716366127382,0.117779339259,1.55250064614,18.265625,-20.734375,9.47734500582,735.734375
677,0.036315723817,0.0631479772751,0.0994637010921,1.73886048901,17.15625,-21.84375,7.8106872897,736.84375
678,0.0387577660973,0.0774641540249,0.116221920122,1.99867437743,19.953125,-19.046875,9.4396598315,734.046875
679,0.0396504297969,0.0994536894797,0.139104119277,2.50826258351,30.296875,-18.703125,10.7204239764,733.703125
680,0.0328429914442,0.0860383203591,0.118881311803,2.61968586221,27.953125,-21.046875,8.74362211754,736.046875
681,0.0362646969232,0.0698952078263,0.106159904749,1.92736224914,9.6875,-30.3125,8.28567098973,735.3125
682,0.0443502606743,0.0731897591798,0.117540019854,1.65026671923,19.1875,-29.8125,8.85627425896,734.8125
683,0.0418598631125,0.0716080380357,0.113467901148,1.71066106555,17.671875,-21.328125,8.83185761799,736.328125
684,0.0400877194126,0.0751090883701,0.115196807783,1.87361839163,16.875,-22.125,8.61956350403,737.125
685,0.0458399074928,0.0748718543032,0.120711761796,1.6333334511,18.765625,-20.234375,9.68365599138,735.234375
686,0.0516615869805,0.0855107365892,0.13717232357,1.65520924902,18.640625,-20.359375,10.6203919235,735.359375
687,0.0434778155659,0.0832756857572,0.126753501323,1.91536038951,19.203125,-29.796875,9.82690771476,734.796875
688,0.0586405796617,0.0814535072752,0.140094086937,1.38902970852,21.375,-27.625,10.7971350367,732.625
689,0.0617036981538,0.0838571791984,0.145560877352,1.35903003722,29.546875,-29.453125,12.0194239768,734.453125
690,0.0554411415255,0.0796717958496,0.135112937375,1.43705186541,27.703125,-31.296875,10.6648952285,736.296875
691,0.0608054524896,0.0632830741284,0.124088526618,1.04074670177,19.234375,-19.765625,10.23282431,734.765625
692,0.0595163575724,0.0795155244939,0.139031882066,1.33602807257,20.921875,-18.078125,11.0726361579,733.078125
693,0.0656666758092,0.0817268535203,0.14739352933,1.24457120013,29.546875,-19.453125,10.9443616869,734.453125
694,0.0577681667281,0.0737920455335,0.131560212262,1.27738250516,28.921875,-30.078125,10.2199325577,735.078125
695,0.0790701947967,0.0917003447439,0.170770539541,1.15973338601,31.578125,-27.421875,12.5993609554,732.421875
696,0.0998357817765,0.0948163618897,0.194652143666,0.949723237526,44.796875,-43.203125,15.9473544901,729.203125
697,0.188563936205,0.142972863375,0.33153679958,0.758219552753,101.078125,-64.921875,39.6391160533,750.921875
698,0.631863466669,0.431581041009,1.06344450768,0.683028951308,426.78125,-151.21875,117.438477078,847.21875
699,1.7927064198,0.566619466292,2.35932588609,0.316069301719,843.9375,-812.0625,312.711072467,959.0625
700,2.16798728872,1.61471657416,3.78270386288,0.744799834647,1024.03125,-916.96875,366.331431594,1063.96875
701,2.74476356961,1.66509402569,4.4098575953,0.60664388151,1098.390625,-1096.609375,445.430852419,1087.609375
702,2.70048517243,1.03129740366,3.73178257609,0.381893377599,1173.984375,-1138.015625,487.956692885,1129.015625
703,2.82675727235,0.846791083726,3.67354835608,0.299562715203,1216.5,-1018.5,463.690865502,1086.5
704,3.07496347714,0.982917010042,4.05788048718,0.319651604759,1251.40625,-1013.59375,469.140394723,1081.59375
705,3.60713813398,1.82656012309,5.43369825707,0.506373766472,1175.8125,-1421.1875,585.182954164,1157.1875
706,3.97181480311,2.22610015301,6.19791495612,0.560474307932,1556.8125,-1461.1875,648.75551238,1197.1875
707,4.36237203219,3.82267909204,8.18505112423,0.876284522236,2710.734375,-1308.265625,689.468686793,1171.265625
708,4.07927669569,3.80518667742,7.88446337311,0.932809162329,2810.9375,-1257.0625,735.814405841,1071.0625
709,3.93690903792,1.58071028461,5.51761932254,0.401510491958,1453.578125,-1310.421875,585.903623812,1124.421875
710,3.32825987097,1.62572320758,4.95398307855,0.48846041794,1479.765625,-1205.234375,503.385964687,1098.234375
711,2.92620526857,1.09223010516,4.01843537373,0.373258197874,1021.6875,-1192.3125,425.38107456,1085.3125
712,2.71883692062,1.41926059171,4.13809751233,0.52201019522,996.765625,-1139.234375,428.398753433,1110.234375
713,2.66879971856,1.64932810947,4.31812782803,0.618003703311,983.5,-1162.5,448.629266488,1133.5
714,2.57582693058,1.58376699121,4.15959392179,0.614857687993,1055.953125,-993.046875,400.928275603,1061.046875
715,2.1426217652,0.655613665741,2.79823543094,0.305986654476,620.078125,-958.921875,342.579794751,1026.921875
716,2.03523034576,0.612023703768,2.64725404952,0.300714710275,678.078125,-939.921875,359.411207076,1017.921875
717,1.79846893836,0.766699177717,2.56516811608,0.426306599666,748.375,-869.625,325.829638193,947.625
718,0.51971556599,0.454653049932,0.974368615923,0.874811300034,377.21875,-367.78125,81.1848717338,1004.78125
719,0.373164647106,0.336833216693,0.709997863799,0.902639677431,358.703125,-82.296875,52.9229037396,1023.296875
720,0.0664213153706,0.0802789019577,0.146700217328,1.20863161938,22.171875,-16.828125,11.8381727469,1016.828125
721,0.0654406952231,0.101800493025,0.167241188248,1.55561447931,24.453125,-34.546875,13.0299291147,1014.546875
722,0.0672163295112,0.0895533353687,0.15676966488,1.33231516835,29.84375,-39.15625,12.5738055471,1009.15625
723,0.0529247684898,0.0761620891444,0.129086857634,1.43906324615,20.8125,-38.1875,9.82324252729,1008.1875
724,0.589936727132,0.683271767663,1.27320849479,1.15821195094,559.78125,-342.21875,92.5637396524,1008.21875
725,0.652373211902,0.735717698867,1.38809091077,1.1277558389,561.4375,-340.5625,101.612449256,1006.5625
726,0.331349822005,0.263202226846,0.594552048852,0.79433338836,197.84375,-135.15625,48.6730863613,1017.15625
727,0.432769712836,0.415691687206,0.848461400042,0.96053784467,313.4375,-157.5625,68.7370158194,1029.5625
728,0.433136651546,0.413349747232,0.846486398778,0.954317178555,328.265625,-142.734375,67.8721781613,1014.734375
729,0.0726692730112,0.0899489404452,0.162618213456,1.23778505987,31.796875,-37.203125,14.5443069699,1007.203125
730,0.0519007514959,0.0789172454564,0.130817996952,1.5205414793,21.484375,-27.515625,10.7848159863,1017.515625
731,0.0394105122491,0.0752628133089,0.114673325558,1.90971416036,19.0625,-10.9375,8.78897569402,1019.9375
732,0.0246514790929,0.0695237204865,0.0941751995794,2.8202656816,10.453125,-18.546875,7.3398094481,1018.546875
733,0.0362205846949,0.0657120665723,0.101932651267,1.81421882407,12.734375,-26.265625,7.61011290057,1016.265625
734,0.0387920874697,0.0725543708668,0.111346458337,1.87033943258,22.109375,-26.890625,8.75020926089,1016.890625
735,0.0356653459727,0.0838320030922,0.119497349065,2.35051703007,21.828125,-37.171875,9.54357553459,1017.171875
736,0.0285383075718,0.0890979274116,0.117636234983,3.12204664511,11.828125,-37.171875,9.37842385395,1017.171875
737,0.044708905353,0.0885393349165,0.13324824027,1.9803512123,20.40625,-18.59375,9.62860119319,1018.59375
738,0.0456611647349,0.0888788598246,0.134540024559,1.94648691816,21.921875,-17.078125,10.3006442267,1017.078125
739,0.0461454311153,0.0862336281674,0.132379059283,1.86873599581,13.296875,-25.703125,9.78947088633,1015.703125
740,0.0483581918233,0.0788204729734,0.127178664797,1.62993011115,12.84375,-26.15625,9.2283847957,1016.15625
741,0.0323336709787,0.0675399118986,0.0998735828773,2.08884144157,11.828125,-17.171875,7.5716467155,1017.171875
742,0.0457082942075,0.0690994897336,0.114807783941,1.51174947417,21.328125,-17.671875,8.65313289996,1017.671875
743,0.0553790683066,0.0745916143327,0.129970682639,1.3469279389,22.25,-16.75,9.6355461703,1016.75
744,0.0448942641803,0.0668428380675,0.111737102248,1.48889483519,21.953125,-17.046875,8.89246466028,1017.046875
745,0.0407369141407,0.082921613037,0.123658527178,2.03553987302,13.140625,-25.859375,9.43541729916,1015.859375
746,0.933220559293,0.600473084824,1.53369364412,0.643441766091,490.203125,-303.796875,122.996211792,1018.796875
747,1.21158879174,0.658988400209,1.87057719195,0.543904338422,489.71875,-363.28125,171.060704571,1019.28125
748,1.04021146375,0.559751326939,1.59996279069,0.538113014943,410.8125,-364.1875,141.937912813,1020.1875
749,2.30256951486,1.02247960478,3.32504911964,0.444060254502,1129.5,-1114.5,358.826951677,1026.5
750,2.63212509365,1.58409780392,4.21622289757,0.601832263878,1082.78125,-1161.21875,454.505207229,1073.21875
751,3.16664031864,1.48992278646,4.6565631051,0.470505847376,1216.1875,-1263.8125,524.939367779,1077.8125
752,3.57503438147,3.14363731113,6.7186716926,0.879330651314,2407.46875,-1287.53125,568.766125287,1101.53125
753,3.33342987471,3.11175672964,6.44518660435,0.93349998248,2395.359375,-1318.640625,542.785217857,1113.640625
754,2.82546610231,1.44672195414,4.27218805646,0.512029485316,1042.0625,-1309.9375,471.64339929,1104.9375
755,3.30886553153,1.74120200337,5.0500675349,0.526223258932,1298.5625,-1278.4375,544.268054219,1171.4375
756,3.35807112802,1.92065454474,5.27872567276,0.571951716186,1273.578125,-1303.421875,538.326597101,1196.421875
757,3.54911386802,2.93084881972,6.47996268774,0.825797347933,1772.25,-1471.75,629.893517787,1197.75
758,4.00586950081,2.80230017117,6.80816967198,0.699548542609,1747.421875,-1496.578125,677.570240932,1222.578125
759,3.98526830982,1.65690528843,5.64217359825,0.415757524869,1398.65625,-1433.34375,563.754856375,1159.34375
760,3.66632725083,1.79628517372,5.46261242455,0.489941309334,1164.71875,-1363.28125,561.660831506,1089.28125
761,2.66223534531,0.949171597653,3.61140694297,0.35653181426,1181.703125,-945.296875,424.575842742,1072.296875
762,2.43077372557,0.892895467622,3.32366919319,0.367329734656,1012.8125,-1026.1875,426.342434076,1026.1875
763,2.37070387281,0.847442661432,3.21814653424,0.357464578834,978.875,-1060.125,384.738242998,1060.125
764,2.24947225725,1.05816783045,3.30764008769,0.470407148626,607.984375,-1030.015625,329.626279491,1039.015625
765,2.51939325458,1.18962342096,3.70901667554,0.472186475373,660.28125,-1016.71875,342.536105248,1025.71875
766,1.65789221289,1.42077958958,3.07867180248,0.856979469795,676.671875,-804.328125,251.700718531,1009.328125
767,2.26053602759,2.64284535383,4.90338138142,1.16912330597,1819.03125,-788.96875,358.629028766,993.96875
768,1.71000794603,2.72416065603,4.43416860207,1.59306900436,1801.40625,-511.59375,329.808074812,1011.59375
769,0.266126417062,0.582491518403,0.848617935465,2.18877751722,135.828125,-354.171875,61.6331269204,971.171875
770,0.15846176094,0.247183334331,0.405645095271,1.55989263823,61.96875,-105.03125,30.3278794748,957.03125
771,0.338432954367,0.263330120106,0.601763074473,0.778086521152,101.921875,-124.078125,50.7423961938,947.078125
772,0.329919979669,0.183147890715,0.513067870383,0.555128218966,126.59375,-109.40625,58.506868921,922.40625
773,0.672405761301,0.136392615647,0.808798376948,0.202842723095,194.875,-256.125,106.659724709,912.125
774,0.721489254436,0.208433193602,0.929922448038,0.28889299781,244.78125,-206.21875,133.790118837,862.21875
775,0.407077804844,0.208167541179,0.615245346023,0.511370403156,212.59375,-91.40625,66.5905677325,777.40625
776,0.146061892751,0.0980429656909,0.244104858441,0.671242607121,44.90625,-72.09375,22.0494605589,758.09375
777,0.0939519160573,0.0816765844724,0.17562850053,0.869344531756,46.484375,-31.515625,16.601009182,756.515625
778,0.0877082386676,0.0645751080428,0.15228334671,0.736249057371,40.703125,-28.296875,13.0822872707,753.296875
779,0.0742917613461,0.0732855762799,0.147577337626,0.986456303526,21.609375,-27.390625,11.3338778496,752.390625
780,0.0502665438105,0.0765519194988,0.126818463309,1.52291989255,22.140625,-26.859375,10.5102140611,751.859375
781,0.0451503172384,0.0780747998197,0.123225117058,1.72921929668,19.28125,-29.71875,9.42315756196,754.71875
782,0.0366008386248,0.0740962371554,0.11069707578,2.02444096746,17.75,-21.25,8.56044683413,756.25
783,0.0418492596024,0.0741298355271,0.11597909513,1.77135357307,20.625,-28.375,8.93990352297,753.375
784,0.0453382861378,0.0654291174252,0.110767403563,1.44313168844,21.078125,-27.921875,8.96748412234,752.921875
785,0.047750283777,0.0751053727421,0.122855656519,1.5728780397,19.734375,-29.265625,9.96280926041,754.265625
786,0.0519801637022,0.0746912266061,0.126671390308,1.43691787956,20.484375,-28.515625,9.98747995539,753.515625
787,0.071135860807,0.0636741577533,0.13481001856,0.89510630828,29.28125,-29.71875,10.6381811621,754.71875
788,0.0741059714382,0.0743689228183,0.148474894256,1.00354831568,28.046875,-30.953125,11.2158226508,755.953125
789,0.0503104203549,0.0800705562176,0.130380976573,1.59153025661,18.9375,-20.0625,9.54082510845,755.0625
790,0.0488994611182,0.0631555999254,0.112055061044,1.29153979372,20.15625,-18.84375,9.04713136511,753.84375
791,0.0458977239274,0.0654583342934,0.111356058221,1.42617822175,10.625,-18.375,8.03799570789,753.375
792,0.0470573794601,0.0733814651465,0.120438844607,1.55940398697,20.9375,-18.0625,9.23964792349,753.0625
793,0.0505753037853,0.0710979657121,0.121673269497,1.40578425419,20.03125,-18.96875,9.50159320522,753.96875
794,0.0488427857271,0.0656619257697,0.114504711497,1.34435259562,18.828125,-20.171875,8.48446132553,755.171875
795,0.0405141472818,0.0828947013081,0.12340884859,2.04606802487,19.0,-30.0,9.41242529851,755.0
796,0.0394418571069,0.0891454888834,0.12858734599,2.26017473371,20.203125,-28.796875,9.54787228834,753.796875
797,0.0440295012348,0.0687673003484,0.112796801583,1.56184599915,29.609375,-19.390625,8.79029505246,754.390625
798,0.0455970215692,0.0901966691978,0.135793690767,1.97812633575,29.890625,-19.109375,9.74377555721,754.109375
