,0,1,2,3,4,5,6,7
0,0.0338409837033,0.0883275612729,0.122168544976,2.61007664693,19.53125,-20.46875,9.58998297379,1029.46875
1,0.0346525400697,0.0717538070794,0.106406347149,2.07066514995,16.09375,-13.90625,8.0267497119,1032.90625
2,0.0327487770249,0.0831903600167,0.115939137042,2.54025852487,15.15625,-14.84375,9.01252383839,1033.84375
3,0.0344110645641,0.0885661628505,0.122977227415,2.57376991884,15.3125,-24.6875,9.34892206353,1033.6875
4,0.403677243196,0.11047007215,0.514147315346,0.273659399958,145.34375,-207.65625,67.247262665,1020.65625
5,0.579516414373,0.507878124647,1.08739453902,0.876382639129,275.84375,-224.15625,91.7817075235,1037.15625
6,0.321439603989,0.479359203216,0.800798807205,1.49128855706,263.0,-149.0,60.2842226457,1050.0
7,0.0622158096155,0.103646641467,0.165862451082,1.66592128444,44.65625,-24.34375,12.4965229539,1033.34375
8,0.0391360125778,0.0808790910236,0.120015103601,2.06661552101,15.46875,-24.53125,8.82639640156,1033.53125
9,0.0341295002059,0.0759997578408,0.110129258047,2.22680547275,14.53125,-25.46875,8.08735268413,1034.46875
10,0.0382444113939,0.0696829431366,0.10792735453,1.82204250495,14.0625,-25.9375,8.60936082122,1034.9375
11,0.0469593436114,0.0824865658806,0.129445909492,1.75655278667,15.3125,-24.6875,9.99511599482,1033.6875
12,0.0494560287842,0.0688730968037,0.118329125588,1.39261276121,25.578125,-23.421875,9.00660293809,1032.421875
13,0.0431038270794,0.0848394642212,0.127943291301,1.9682582724,27.140625,-21.859375,9.2868643583,1030.859375
14,0.0397012799759,0.0858625485987,0.125563828575,2.16271487093,28.078125,-20.921875,9.75209062121,1029.921875
15,0.0365869581076,0.0973341562893,0.133921114397,2.66035115581,27.453125,-21.546875,9.83286848963,1030.546875
16,0.0514454635164,0.095432409167,0.146877872683,1.85502088316,19.828125,-29.171875,10.7812839673,1029.171875
17,0.0535090750019,0.0800394190194,0.133548494021,1.4958101783,20.453125,-28.546875,9.86459845784,1028.546875
18,0.0330826109868,0.065999140428,0.0990817514149,1.99497979329,19.375,-10.625,8.07677998958,1029.625
19,0.0404633969008,0.0747290747754,0.115192471676,1.8468314699,17.8125,-22.1875,8.74441786227,1031.1875
20,0.036431119737,0.0917033798912,0.128134499628,2.51717159816,17.5,-22.5,9.51971638233,1031.5
21,0.0352917223703,0.083635184831,0.118926907201,2.36982440112,17.484375,-31.515625,9.30052449378,1031.515625
22,0.0462870286187,0.0877063142043,0.133993342823,1.8948356985,17.796875,-31.203125,10.178377338,1031.203125
23,0.0505148552064,0.0869626957148,0.137477550921,1.72152716977,27.921875,-21.078125,10.728619272,1030.078125
24,0.0417873567636,0.0877431912277,0.129530547991,2.09975451963,28.234375,-20.765625,10.0027217976,1029.765625
25,0.0361712850408,0.0782845270565,0.114455812097,2.16427276411,18.4375,-21.5625,9.05171772373,1030.5625
26,0.0275229972637,0.0710374810153,0.098560478279,2.58102271111,16.40625,-23.59375,7.77961830282,1032.59375
27,0.0253768850967,0.0754463103487,0.100823195445,2.97303274461,17.03125,-22.96875,7.6402894865,1031.96875
28,0.0313125508858,0.0697674152266,0.101079966112,2.22809746421,16.71875,-13.28125,8.30186114299,1032.28125
29,0.129347582815,0.0838300700333,0.213177652848,0.648099239344,67.765625,-39.234375,19.3356392022,1039.234375
30,0.444738882572,0.449948978434,0.894687861007,1.0117149547,200.4375,-221.5625,69.519078991,1034.5625
31,0.441033257494,0.441517746756,0.88255100425,1.00109853226,205.078125,-216.921875,67.3705482498,1029.921875
32,0.064714287928,0.0735114044625,0.138225692391,1.13593777844,25.125,-23.875,11.3337162925,1032.875
33,0.0382213894423,0.0744793966324,0.112700786075,1.94863132186,17.1875,-22.8125,8.56386850378,1031.8125
34,0.0240815555277,0.0874297818746,0.111511337402,3.63057036636,18.75,-21.25,8.92678553568,1030.25
35,0.0324618175133,0.0967871434344,0.129248960948,2.98156883529,21.703125,-27.296875,9.40026543425,1027.296875
36,0.0425344442017,0.101652653405,0.144187097607,2.38989024808,21.6875,-27.3125,10.4580635755,1027.3125
37,0.0368478396081,0.0894482149217,0.12629605453,2.42750228706,19.203125,-29.796875,9.84279509257,1029.796875
38,0.0324853440741,0.0827900403585,0.115275384433,2.54853512309,18.125,-21.875,8.63767185068,1030.875
39,0.0331074976253,0.0821926029985,0.115300100624,2.48259786736,19.6875,-20.3125,8.65461401508,1029.3125
40,0.0410615192805,0.0887146909411,0.129776210222,2.16053113708,18.59375,-21.40625,9.9792264699,1030.40625
41,0.0438660024646,0.0967123443119,0.140578346776,2.20472208266,21.859375,-27.140625,11.6991815786,1036.140625
42,0.624935623983,0.546305215822,1.17124083981,0.874178387111,293.828125,-373.171875,91.7632065917,1029.171875
43,0.638719408011,0.530710003903,1.16942941191,0.83089694355,297.265625,-369.734375,92.7798540544,1025.734375
44,0.149274351243,0.140114205409,0.289388556652,0.938635500627,80.765625,-95.234375,23.641027756,1036.234375
45,0.520730238308,0.494030954615,1.01476119292,0.948727226252,458.234375,-169.765625,76.5009685779,1031.765625
46,0.504980025129,0.484029032428,0.989009057556,0.958511244686,459.140625,-168.859375,75.2699033453,1030.859375
47,0.0451010638589,0.0874023568328,0.132503420692,1.93792228729,25.59375,-23.40625,11.6856198354,1032.40625
48,0.0418506471242,0.0960473951372,0.137898042261,2.29500382281,20.765625,-28.234375,10.8997451052,1028.234375
49,0.0537876738727,0.102344210743,0.156131884616,1.90274468803,25.125,-32.875,12.5642100826,1032.875
50,0.596060273311,0.921811392172,1.51787166548,1.54650701187,492.859375,-409.140625,111.354005764,1016.140625
51,0.608169385267,0.916753745773,1.52492313104,1.50739870829,495.171875,-406.828125,111.041455475,1013.828125
52,0.0570802015214,0.0949185993883,0.15199880091,1.66289881357,26.046875,-31.953125,12.2250123818,1031.953125
53,0.0415984625899,0.097669546059,0.139268008649,2.34791239816,18.59375,-21.40625,10.2876120134,1030.40625
54,0.0446983099807,0.0769439571797,0.12164226716,1.72140640693,19.84375,-20.15625,9.09879585096,1029.15625
55,0.0457276898518,0.0622573490728,0.107985038925,1.36148030383,11.703125,-27.296875,8.52877425158,1027.296875
56,0.0451958876188,0.0805197440261,0.125715631645,1.78157235687,24.203125,-24.796875,9.10902657996,1024.796875
57,0.0394645786231,0.0769941223056,0.116458700929,1.95096780434,22.34375,-17.65625,9.64076428181,1026.65625
58,0.0455705053318,0.0862136305919,0.131784135924,1.89187348185,21.71875,-18.28125,9.44634312512,1027.28125
59,0.0445005754038,0.083383363849,0.127883939253,1.87375922878,22.34375,-17.65625,9.80149661723,1026.65625
60,0.049489809841,0.0803246977913,0.129814507632,1.62305529258,22.03125,-17.96875,10.1826579751,1026.96875
61,0.0489470841542,0.0872588172284,0.136205901383,1.78271737196,31.046875,-17.953125,10.287172971,1026.953125
62,0.0363886250884,0.077692692955,0.114081318043,2.13508184951,31.203125,-17.796875,9.04015294309,1026.796875
63,0.0366343445691,0.0787286996313,0.1153630442,2.14904075827,21.875,-18.125,8.99218410621,1027.125
64,0.0346753758765,0.0847449499958,0.119420325872,2.44395187806,21.875,-18.125,9.33324032692,1027.125
65,0.0432050366023,0.100260546875,0.143465583478,2.3205754412,24.3125,-24.6875,10.5872491115,1024.6875
66,0.0621495402425,0.0954756904411,0.157625230684,1.53622520888,25.0625,-23.9375,11.9280066964,1023.9375
67,0.103454957846,0.114555617842,0.218010575687,1.10729944922,59.5,-28.5,17.7455980457,1028.5
68,0.54652758672,0.535325533627,1.08185312035,0.979503224786,425.046875,-201.953125,81.5882248105,1024.953125
69,0.538432255733,0.526193710304,1.06462596604,0.977270036668,426.71875,-200.28125,80.5094072046,1023.28125
70,0.050946240992,0.0955153055842,0.146461546576,1.87482537915,29.953125,-19.046875,10.9564902106,1028.046875
71,0.0483256246069,0.0822021636392,0.130527788246,1.70100571504,29.34375,-19.65625,10.057986177,1028.65625
72,0.0419278984788,0.0783389105989,0.120266809078,1.86841967857,29.34375,-19.65625,9.74233472724,1028.65625
73,0.0464719431603,0.0873758017438,0.133847744904,1.88018395191,21.25,-18.75,9.92156741649,1027.75
74,0.106071690991,0.124625045907,0.230696736898,1.17491335099,45.953125,-82.046875,18.913809181,1032.046875
75,0.278692544721,0.35883244529,0.63752499001,1.28755667163,183.265625,-90.734375,48.6904258388,1031.734375
76,0.283685468443,0.344771119953,0.628456588396,1.21532880005,182.765625,-91.234375,46.7960141824,1032.234375
77,0.0565828689747,0.0951223288381,0.151705197813,1.68111533688,34.203125,-24.796875,11.477123561,1033.796875
78,0.0376210817883,0.0799938288312,0.11761491062,2.12630325947,26.359375,-22.640625,8.6555025625,1031.640625
79,0.0360933957094,0.0831806062235,0.119274001933,2.30459352989,25.75,-23.25,9.27530322954,1032.25
80,0.0327165338989,0.0762120347546,0.108928568653,2.32946543146,27.609375,-21.390625,8.58526569824,1030.390625
81,0.0342849357068,0.0787091025032,0.11299403821,2.29573428914,9.21875,-20.78125,8.34878125462,1029.78125
82,0.0339963897456,0.0796853156117,0.113681705357,2.34393464153,10.296875,-28.703125,8.95767772553,1028.703125
83,0.069088532381,0.0881249247271,0.157213457108,1.2755362097,37.625,-30.375,13.3492743248,1030.375
84,0.382101733407,0.485617257835,0.867718991243,1.27091089984,295.859375,-214.140625,62.0100463603,1027.140625
85,0.386561900214,0.49225057384,0.878812474053,1.27340685558,298.453125,-211.546875,64.1397228926,1024.546875
86,0.156906796772,0.0955689861264,0.252475782898,0.609081238625,52.234375,-75.765625,22.2694733516,1025.765625
87,0.0405865949077,0.0821269576732,0.122713552581,2.02349957812,27.609375,-21.390625,10.0134553032,1021.390625
88,0.0394438336571,0.0870023965218,0.126446230179,2.20572871487,18.84375,-20.15625,9.56755381158,1020.15625
89,0.0364490887785,0.0792625483186,0.115711637097,2.17460987297,19.953125,-19.046875,8.55392762036,1019.046875
90,0.034797505964,0.061139596041,0.095937102005,1.75701086464,20.296875,-18.703125,7.24068299502,1018.703125
91,0.0356162796605,0.0711563467257,0.106772626386,1.99786017529,21.375,-17.625,8.19775121603,1017.625
92,0.0412385744817,0.0728366023721,0.114075176854,1.76622502808,21.21875,-17.78125,8.6845206222,1017.78125
93,0.0406734704304,0.0622758587436,0.102949329174,1.53111741105,20.28125,-18.71875,8.02042071449,1018.71875
94,0.0389691827274,0.071831946571,0.110801129298,1.84330133566,37.5625,-20.4375,9.33051947911,1020.4375
95,0.0581437636385,0.0821904995648,0.140334263203,1.41357377682,30.09375,-27.90625,11.447869275,1027.90625
96,0.0362933845275,0.087895473943,0.124188858471,2.42180427886,24.953125,-24.046875,9.91594310867,1033.046875
97,0.0426855096995,0.0815025605446,0.124188070244,1.90937301952,18.125,-21.875,9.82264602844,1030.875
98,0.0482316146683,0.0693294277778,0.117561042446,1.43742705391,22.03125,-17.96875,8.87054245452,1026.96875
99,0.057434496626,0.0824290901866,0.139863586813,1.43518434093,28.796875,-20.203125,11.273835427,1020.203125
100,0.0663481429404,0.0773050108913,0.143653153832,1.16514204415,28.9375,-20.0625,12.3843083679,1020.0625
101,0.0636209452749,0.0866182074244,0.150239152699,1.36147312886,29.171875,-28.828125,11.8064530654,1028.828125
102,0.0527211515564,0.101738669124,0.15445982068,1.92975051038,26.828125,-31.171875,11.6733600126,1031.171875
103,0.0563413867736,0.0792920264366,0.13563341321,1.40734956978,20.453125,-28.546875,10.1764582608,1028.546875
104,0.0366334550496,0.0759458504857,0.112579305535,2.07312824801,11.859375,-27.140625,8.58754037017,1027.140625
105,0.0787222390597,0.0828654317772,0.161587670837,1.05263052432,35.484375,-32.515625,13.5069336216,1032.515625
106,0.357670007871,0.666569499061,1.02423950693,1.86364381802,427.625,-180.375,76.307867386,1032.375
107,0.354404105093,0.670689192027,1.02509329712,1.89244193955,429.546875,-178.453125,76.1532028396,1030.453125
108,0.0455109649673,0.0977611790618,0.143272144029,2.14807967996,28.359375,-29.640625,12.4979588177,1029.640625
109,0.0392333420419,0.0849363555767,0.124169697619,2.16490238038,24.046875,-24.953125,9.09400504367,1024.953125
110,0.0396187615988,0.085067392601,0.1246861542,2.14714920831,23.5625,-25.4375,9.32884471679,1025.4375
111,0.0313002738267,0.0822924052092,0.113592679036,2.62912732536,13.421875,-25.578125,8.47017688625,1025.578125
112,0.0363604848543,0.0794837154108,0.115844200265,2.18599162606,24.6875,-15.3125,8.47215106983,1024.3125
113,0.0509919829405,0.0894712263004,0.140463209241,1.75461359102,27.15625,-31.84375,10.5803750377,1021.84375
114,0.0606901195324,0.0854649650911,0.146155084623,1.40821876361,28.546875,-30.453125,10.6123891153,1020.453125
115,0.0464615673645,0.0747565211217,0.121218088486,1.60899697023,19.640625,-19.359375,9.2489309982,1019.359375
116,0.0356276085049,0.0887992849584,0.124426893463,2.49242900899,20.703125,-18.296875,9.57973069738,1018.296875
117,0.318829956378,0.121904720884,0.440734677262,0.382350273072,212.984375,-41.015625,48.9545363665,1041.015625
118,0.809734105939,0.298462349191,1.10819645513,0.368593031962,218.46875,-428.53125,125.929043606,1035.53125
119,0.708582327838,0.304317073225,1.01289940106,0.429473134271,193.828125,-414.171875,116.515631286,1021.171875
120,0.0614022574883,0.121436950269,0.182839207757,1.97772777803,77.734375,-20.265625,14.8010157881,1029.265625
121,0.0432983502347,0.0709177109697,0.114216061204,1.63788482899,15.75,-23.25,8.89697982464,1023.25
122,0.0425312187849,0.097478100676,0.140009319461,2.29191881778,15.25,-33.75,10.5918600822,1023.75
123,0.0581686010402,0.105159488612,0.163328089652,1.8078393967,42.265625,-35.734375,12.1195118862,1025.734375
124,0.0544467090283,0.102454602766,0.156901311794,1.88174096459,41.515625,-17.484375,11.5352614127,1026.484375
125,0.042635578618,0.0869599520718,0.12959553069,2.03960998984,23.4375,-16.5625,9.8771753933,1025.5625
126,0.050830812069,0.0749182965665,0.125749108635,1.47387565764,26.859375,-22.140625,9.94495347447,1022.140625
127,0.0477644804109,0.0808841065782,0.128648586989,1.69339446137,29.1875,-29.8125,9.81050935222,1019.8125
128,0.0871622304384,0.106117909553,0.193280139992,1.21747583809,50.265625,-37.734375,15.7631316165,1027.734375
129,0.402982832562,0.499840762535,0.902823595097,1.2403524968,293.0625,-206.9375,68.4502271271,1029.9375
130,0.393429221256,0.498478536148,0.891907757405,1.26700943706,294.75,-205.25,67.696934938,1028.25
131,0.0397089324169,0.0931147621389,0.132823694556,2.34493239862,20.9375,-19.0625,11.4180161915,1028.0625
132,0.0377213949453,0.095360912447,0.133082307392,2.52803250212,27.640625,-21.359375,10.2353053012,1021.359375
133,0.0380941511253,0.0746348052446,0.11272895637,1.95921954001,22.109375,-16.890625,8.58799523226,1016.890625
134,0.0385156965307,0.071638596038,0.110154292569,1.85998443468,22.734375,-16.265625,8.22200208948,1016.265625
135,0.0313962531281,0.0787404439794,0.110136697107,2.50795671885,23.65625,-25.34375,9.09192421534,1015.34375
136,0.0482946342835,0.0894091273198,0.137703761603,1.85132631495,24.203125,-24.796875,10.4734481063,1014.796875
137,1.71607939346,0.398458283157,2.11453767662,0.232191054024,565.453125,-659.546875,232.145289211,1041.546875
138,1.9060835463,1.02344870754,2.92953225384,0.536938010681,963.484375,-683.515625,284.219380067,1065.515625
139,2.88943674555,1.41885886991,4.30829561545,0.491050330861,910.671875,-913.328125,417.750151656,1118.328125
140,2.99470084546,0.987073284597,3.98177413006,0.329606640373,996.0,-1014.0,488.886713616,1219.0
141,2.11589097888,1.26862505202,3.3845160309,0.599570140753,1061.375,-487.625,325.262418095,1153.625
142,2.376727539,0.583346441576,2.96007398058,0.245441024267,987.484375,-1090.515625,450.172084881,1051.515625
143,3.33760086959,0.912610333096,4.25021120269,0.273433034312,982.625,-1252.375,581.909370628,1213.375
144,2.43136156328,0.793940368214,3.22530193149,0.326541465574,990.921875,-558.078125,380.29274516,1205.078125
145,3.45565846904,0.792348391021,4.24800686006,0.229290133304,1148.21875,-1291.78125,515.153814068,1105.78125
146,3.94300756958,1.14965092613,5.09265849571,0.291567009661,1097.3125,-1391.6875,606.35006584,1205.6875
147,2.57508716378,2.09575449762,4.6708416614,0.813857692701,1062.984375,-1113.015625,449.832763792,1240.015625
148,3.5460595564,1.45233338328,4.99839293968,0.409562603273,1126.5625,-1342.4375,582.101255018,1176.4375
149,3.33204731068,1.38159665405,4.71364396473,0.414638966747,1211.984375,-1257.015625,516.46337879,1091.015625
150,2.84090699934,1.22288982252,4.06379682186,0.430457534443,1030.390625,-1096.609375,472.897373155,1067.609375
151,3.61301457239,0.897179081291,4.51019365368,0.248318699888,875.859375,-1251.140625,574.797433536,1222.140625
152,2.55233639993,0.749702347769,3.3020387477,0.293731793266,859.78125,-631.21875,365.588372898,1238.21875
153,3.48443736604,0.708967232877,4.19340459892,0.203466774805,1357.453125,-1328.546875,606.544179391,1191.546875
154,4.15722652607,1.27479548238,5.43202200845,0.306645662531,1371.875,-1314.125,645.805153955,1177.125
155,3.66431644963,1.06427247925,4.72858892888,0.290442295002,1107.515625,-1293.484375,526.349010644,1078.484375
156,3.81331011418,1.17334529217,4.98665540635,0.307697317302,1039.859375,-1400.140625,585.771816367,1185.140625
157,2.64072883168,1.14894107962,3.7896699113,0.435084839395,1097.6875,-774.3125,465.544871461,1323.3125
158,3.40447079699,0.98033965651,4.3848104535,0.287956547425,1230.625,-1484.375,673.811859405,1190.375
159,3.43331348245,1.16513258285,4.59844606531,0.339360966835,1359.078125,-1345.921875,602.777044828,1051.921875
160,3.52790804122,0.943703883057,4.47161192428,0.267496735184,1218.609375,-1103.390625,522.537696523,1045.390625
161,3.67870514655,1.07654739147,4.75525253802,0.292643022092,1097.5,-1224.5,584.148873362,1166.5
162,2.20579511773,1.14027216464,3.34606728237,0.51694382469,1031.59375,-654.40625,411.26005758,1291.40625
163,2.96495752878,0.816686305235,3.78164383401,0.275446207006,1243.921875,-1050.078125,492.443121864,1079.078125
164,1.78805058944,0.969511983341,2.75756257278,0.542217311449,680.984375,-956.015625,371.288402567,985.015625
165,1.76368478845,0.454547173158,2.21823196161,0.257725856759,617.765625,-676.234375,278.05832022,1048.234375
166,2.00650228343,0.893664507223,2.90016679066,0.445384246308,558.046875,-735.953125,322.160646538,1107.953125
167,1.37785312011,0.876636321808,2.25448944191,0.636233506327,764.671875,-343.328125,269.115278197,1225.328125
168,3.33301492636,1.23148442991,4.56449935626,0.369480622534,1234.921875,-1030.078125,496.405904499,1196.078125
169,3.07223720158,1.3146191484,4.38685634998,0.427902880586,1338.734375,-926.265625,451.3259369,1092.265625
170,4.10041971214,1.04286876408,5.14328847622,0.254332199456,1459.5625,-1392.4375,649.880466774,1147.4375
171,4.54950752985,1.66146251474,6.2109700446,0.365196123722,1442.328125,-1409.671875,684.0985413,1164.671875
172,3.86615921382,1.67566218787,5.54182140169,0.433417791456,1495.46875,-1258.53125,554.876871723,1092.53125
173,4.44105240219,1.55870756295,5.99975996514,0.350977070701,1401.390625,-1362.609375,632.484649448,1196.609375
174,4.39796600154,1.71958886942,6.11755487096,0.390996398976,1390.140625,-1344.859375,604.931397639,1207.859375
175,4.01434178225,1.41233243319,5.42667421544,0.35182167085,1274.109375,-1381.890625,591.160038536,1244.890625
176,2.87320510845,1.33467369145,4.2078787999,0.464524334698,1127.640625,-803.359375,473.903351407,1342.359375
177,4.240302046,1.59715543313,5.83745747913,0.376660769872,1454.96875,-1358.03125,643.427345567,1241.03125
178,3.33677179033,2.17754544959,5.51431723992,0.652590463602,1534.953125,-1278.046875,575.804693171,1161.046875
179,3.65866367921,1.05948880273,4.71815248194,0.289583546243,1193.390625,-1295.609375,556.51882878,1217.609375
180,4.68846347644,2.70010147746,7.3885649539,0.575903276421,1262.71875,-1383.28125,696.249539245,1227.28125
181,3.75674352852,3.27618750419,7.03293103271,0.872081758927,1270.953125,-1375.046875,562.243425642,1219.046875
182,3.47780608133,1.85887633738,5.33668241871,0.534496833321,1278.625,-1259.375,552.027696882,1191.375
183,2.90386508663,1.24506111892,4.14892620555,0.428759973956,982.4375,-1134.5625,447.945130394,1066.5625
184,1.9336527256,0.946635279679,2.88028800528,0.489558061355,935.875,-1143.125,352.415526226,1152.125
185,2.20518716633,0.735151148034,2.94033831436,0.333373583548,963.203125,-1115.796875,499.407435733,1124.796875
186,1.70398706407,1.35712148655,3.06110855061,0.796438843442,787.921875,-996.078125,395.08299384,1035.078125
187,1.09264270723,1.04720195835,2.13984466558,0.958412069587,755.984375,-469.015625,176.381643407,1067.015625
188,0.374427373012,0.209546458562,0.583973831575,0.559645137258,132.078125,-191.921875,60.7714223257,1004.921875
189,0.819187716078,0.959873299025,1.7790610151,1.17173790596,803.4375,-216.5625,134.384810688,1029.5625
190,0.8816157567,0.977131039473,1.85874679617,1.10834117023,776.78125,-233.21875,137.108359149,1056.21875
191,1.28565194076,0.807696001625,2.09334794239,0.628238464872,561.4375,-654.5625,180.436092824,1055.5625
192,1.23188550897,0.819352515419,2.05123802439,0.665120670266,567.375,-648.625,167.838324363,1049.625
193,1.39638451512,2.61933897808,4.0157234932,1.87580064784,1711.8125,-798.1875,271.400757357,1013.1875
194,1.39727371917,2.62005418753,4.0173279067,1.87511877707,1710.75,-799.25,271.179887252,1014.25
195,0.0450834959989,0.0695683410036,0.114651837002,1.54309996291,29.796875,-19.203125,9.01418966044,1028.203125
196,0.026327944403,0.0784818000791,0.104809744482,2.98093154853,22.65625,-17.34375,8.1475048903,1026.34375
197,0.0425004891899,0.0882369139913,0.130737403181,2.07613878506,24.046875,-24.953125,9.43137994857,1024.953125
198,0.315364591509,0.323926981209,0.639291572718,1.02715076432,205.25,-127.75,48.0891099938,1019.75
199,0.358743282976,0.373371131729,0.732114414705,1.04077525475,200.015625,-162.984375,57.0604099254,1024.984375
200,2.21850904993,0.626537926786,2.84504697672,0.282413960315,777.140625,-1054.859375,393.166506839,1045.859375
201,2.67016271085,1.35539388907,4.02555659992,0.507607226916,914.890625,-1133.109375,442.231066482,1124.109375
202,2.10033671091,1.34631406824,3.44665077914,0.640999160394,1261.1875,-493.8125,377.92988251,1257.8125
203,4.20401352711,1.58904466791,5.79305819502,0.377982767577,1405.546875,-1407.453125,661.205384357,1192.453125
204,3.3992166472,1.72724137037,5.12645801757,0.508129239655,1539.15625,-1273.84375,575.33463683,1058.84375
205,3.98753469656,1.11947658917,5.10701128572,0.280744037195,1409.09375,-1325.90625,608.712440288,1129.90625
206,4.23905222719,1.72498191654,5.96403414373,0.406926318452,1368.125,-1366.875,644.008164253,1170.875
207,4.25641901988,1.75632865626,6.01274767614,0.412630581731,1434.71875,-1358.28125,592.484294854,1133.28125
208,4.87557315611,1.59336895082,6.46894210694,0.326806490192,1284.96875,-1508.03125,687.13742641,1283.03125
209,3.56103040176,1.66253393737,5.22356433913,0.466868785099,1233.421875,-1138.578125,544.52619326,1334.578125
210,4.18196398177,1.91387565439,6.09583963616,0.457649961294,1269.296875,-1445.703125,650.593039073,1259.703125
211,3.52295748247,1.97499514052,5.49795262299,0.560607146226,1302.890625,-1412.109375,563.197986868,1226.109375
212,3.81463598335,1.12203196562,4.93666794897,0.294138672868,1276.703125,-1437.296875,603.589618441,1173.296875
213,4.79363171523,1.53998618466,6.33361789989,0.321256674719,1433.0,-1438.0,672.408543967,1174.0
214,4.41852295256,1.3541462993,5.77266925186,0.306470355329,1419.546875,-1285.453125,600.852361486,1187.453125
215,4.52572806771,2.30343170135,6.82915976905,0.508963788121,1344.015625,-1419.984375,673.778280765,1321.984375
216,3.90176188351,2.52388648967,6.42564837318,0.646858154092,1338.953125,-1474.046875,607.861477582,1327.046875
217,3.86097842253,1.1675666041,5.02854502663,0.302401742854,1378.515625,-1287.484375,634.379938212,1140.484375
218,4.08594411871,1.2881749971,5.3741191158,0.315269851881,1575.6875,-1276.3125,664.375479186,1061.3125
219,4.09687935199,1.39455946578,5.49143881777,0.340395541572,1397.390625,-1454.609375,600.184206546,1239.609375
220,2.33677559271,1.44062160461,3.77739719732,0.616499765365,1090.234375,-820.765625,402.032676773,1212.765625
221,0.846432832712,0.871863747541,1.71829658025,1.03004481141,281.390625,-414.609375,141.317087739,992.609375
222,0.903204435869,0.420513536556,1.32371797242,0.465579574077,254.953125,-362.046875,131.146200584,999.046875
223,2.60463891024,0.941402404519,3.54604131476,0.361432980525,1062.671875,-1064.328125,339.70943718,1025.328125
224,2.90502351329,2.11359064769,5.01861416098,0.7275640414,1210.90625,-1141.09375,436.372143315,1102.09375
225,3.57765808187,1.98109841355,5.55875649542,0.553741684703,1287.59375,-1388.40625,538.77113412,1153.40625
226,4.4521845716,1.27582307719,5.72800764879,0.286561137948,1386.578125,-1485.421875,698.260311522,1250.421875
227,4.00528561211,1.51959622632,5.52488183843,0.379397719284,1429.984375,-1051.015625,563.789175252,1207.015625
228,3.05111119449,1.05961911081,4.1107303053,0.347289575262,1168.8125,-1192.1875,502.578192766,1183.1875
229,3.72346663222,0.817843116518,4.54130974873,0.219645614504,1328.375,-1307.625,680.553600479,1239.625
230,3.52543273601,1.72833376993,5.25376650594,0.490247268733,1504.4375,-1200.5625,566.498893286,1132.5625
231,4.01177546588,1.4303666365,5.44214210238,0.356542046947,1560.46875,-1193.53125,582.087326158,1076.53125
232,4.67718087277,2.36911292426,7.04629379703,0.506525830132,1431.6875,-1332.3125,723.767721609,1215.3125
233,2.82623167344,2.44727531692,5.27350699037,0.865914616951,1302.796875,-1139.203125,553.255173374,1344.203125
234,4.21121421485,1.42319654977,5.63441076461,0.337953966993,1330.875,-1423.125,628.114850664,1237.125
235,3.68244252528,1.85568615078,5.53812867606,0.503928068949,1444.46875,-1309.53125,568.022693449,1123.53125
236,3.64764868138,1.3481669947,4.99581567609,0.369598914936,1149.09375,-1280.90625,605.440818711,1202.90625
237,4.95607783177,1.64703935115,6.60311718292,0.332327176258,1188.59375,-1310.40625,671.862609624,1232.40625
238,4.46651155765,1.5698862397,6.03639779735,0.351479274023,1336.40625,-1142.59375,622.370411179,1084.59375
239,4.13522704509,1.41110285619,5.54632990128,0.341239511351,1151.09375,-1229.90625,636.358137145,1171.90625
240,2.30218148731,1.36018401616,3.66236550347,0.590823974418,1180.4375,-780.5625,450.472282548,1309.5625
241,3.58879164034,0.989218632261,4.5780102726,0.275641143705,1352.9375,-1235.0625,596.019422791,1137.0625
242,2.64367508869,1.55613977325,4.19981486194,0.588627467842,1143.53125,-1130.46875,511.88179082,1032.46875
243,3.16574531407,1.04713002941,4.21287534347,0.330768879214,1374.171875,-1065.828125,505.587577561,1056.828125
244,3.60802972926,1.45462451111,5.06265424037,0.403163116787,1295.421875,-1144.578125,564.21319122,1135.578125
245,2.01899323705,1.40607164136,3.42506487841,0.696422165047,1144.234375,-502.765625,307.646090408,1129.765625
246,0.916013874991,1.35089579546,2.26690967045,1.47475473063,850.46875,-463.53125,164.57720156,1021.53125
247,1.08240588558,1.28647222487,2.36887811045,1.18853033044,826.296875,-487.703125,170.994670941,1045.703125
248,0.979617556147,0.554601860453,1.5342194166,0.566141201709,471.890625,-253.109375,132.815087291,1047.109375
249,0.882206052486,0.576538632921,1.45874468541,0.653519244508,478.859375,-246.140625,121.254750833,1040.140625
250,2.48160100559,0.718939636263,3.20054064185,0.289707988772,873.65625,-960.34375,411.216838281,1126.34375
251,3.46968957952,1.30550369462,4.77519327414,0.376259508149,1099.046875,-1096.953125,501.403076055,1262.953125
252,2.36288202242,1.86791682106,4.23079884348,0.790524792746,1070.96875,-1017.03125,418.092467671,1291.03125
253,3.66464820131,1.97618473188,5.64083293319,0.539256327844,1224.109375,-1264.890625,605.026861934,1235.890625
254,3.0590557615,2.21432670917,5.27338247067,0.72385954419,1322.125,-1166.875,540.390903074,1137.875
255,3.95450570783,1.17072985521,5.12523556305,0.296049605617,1354.8125,-1409.1875,636.835140436,1184.1875
256,4.45339402504,2.08935047034,6.54274449539,0.4691591309,1477.984375,-1462.015625,692.971330851,1237.015625
257,4.09071314779,2.13649862111,6.2272117689,0.522280234257,1599.765625,-1291.234375,616.835035235,1115.234375
258,4.23692933852,1.7216621486,5.95859148712,0.406346674924,1362.34375,-1352.65625,646.523955926,1176.65625
259,4.60835890109,1.78082694641,6.3891858475,0.386434083072,1486.65625,-1463.34375,652.778274444,1189.34375
260,4.48456217373,2.17301261106,6.65757478479,0.48455401595,1481.734375,-1468.265625,682.581250708,1194.265625
261,3.7079421435,2.15882340189,5.86676554539,0.582216042846,1366.53125,-1094.46875,557.325784684,1280.46875
262,4.32064310693,2.26227792904,6.58292103596,0.523597499967,1372.59375,-1391.40625,680.765830672,1254.40625
263,4.1988541079,2.65535003228,6.85420414018,0.632398736428,1364.625,-1399.375,630.229286153,1262.375
264,4.42411627812,1.72347102646,6.14758730457,0.389562777764,1442.75,-1341.25,649.241648964,1253.25
265,4.1581961685,2.04452969479,6.20272586329,0.491686686231,1549.640625,-1234.359375,610.346197026,1146.359375
266,3.31756852548,2.41770577125,5.73527429674,0.728758351992,1322.21875,-1146.78125,509.482380361,1127.78125
267,4.29564296403,2.54753937584,6.84318233988,0.593051935921,1223.3125,-1245.6875,621.448254961,1226.6875
268,3.16051451027,1.04825260571,4.20876711599,0.33167150548,1012.328125,-1094.671875,440.025462853,1143.671875
269,1.0533102308,0.985862599179,2.03917282998,0.93596603389,901.453125,-392.546875,180.983677587,1039.546875
270,0.695708409423,0.588905842858,1.28461425228,0.846483720596,405.828125,-251.171875,114.194537234,1015.171875
271,0.428205860903,0.749319904642,1.17752576554,1.7499057651,228.28125,-349.71875,93.1687764138,986.71875
272,1.30303475341,0.939083182234,2.24211793564,0.72068928306,743.1875,-422.8125,200.187480487,1059.8125
273,3.36752821276,0.566413056526,3.93394126929,0.168198459149,1185.65625,-1293.34375,603.521598069,1176.34375
274,4.29416509717,1.88440673113,6.17857182831,0.438829595158,1305.21875,-1301.78125,650.571490805,1184.78125
275,3.76222189828,2.1541556535,5.91637755178,0.572575385433,1298.921875,-1406.078125,516.320948656,1191.078125
276,4.28114108054,2.35251208387,6.63365316441,0.549505853606,1324.21875,-1448.78125,673.753930154,1233.78125
277,3.18379910132,2.66267332366,5.84647242498,0.836319516065,1407.875,-1287.125,538.585372179,1150.125
278,4.03869964062,1.248103047,5.28680268762,0.309035867498,1400.96875,-1304.03125,641.855634293,1157.03125
279,4.56542082954,2.2450100622,6.81043089175,0.491742195522,1545.75,-1365.25,720.400214291,1218.25
280,4.50248209636,2.41603347503,6.91851557139,0.536600351388,1611.0,-1339.0,633.529424139,1153.0
281,4.56502800579,1.92625820842,6.49128621421,0.421959778992,1437.390625,-1404.609375,684.609026589,1218.609375
282,3.87192597294,1.92776950216,5.7996954751,0.497883873718,1364.46875,-1223.53125,564.505922487,1291.53125
283,4.18898075072,2.22894805639,6.41792880711,0.532097946741,1369.078125,-1345.921875,667.911841691,1257.921875
284,3.79633242758,2.69661275584,6.49294518342,0.710320502033,1413.078125,-1301.921875,589.092981431,1213.921875
285,3.59320439102,0.76744284092,4.36064723194,0.213581738583,1267.28125,-1260.71875,570.691753181,1182.71875
286,4.28756236067,1.74223002648,6.02979238715,0.406345116391,1325.328125,-1202.671875,599.269452508,1124.671875
287,3.77278256869,1.55709959413,5.32988216282,0.412719144499,1361.78125,-1127.21875,530.509644963,1088.21875
288,4.37339697373,1.5410315852,5.91442855894,0.352364899518,1102.546875,-1298.453125,627.976261735,1259.453125
289,3.79169549123,1.78842829364,5.58012378487,0.471669810451,1065.109375,-1296.890625,566.921486991,1296.890625
290,3.64268798191,1.60692364891,5.24961163081,0.441136780555,1138.015625,-1204.984375,580.456918411,1204.984375
291,2.58591935392,1.85605048228,4.4419698362,0.717752655149,1128.921875,-1136.078125,443.387292073,1145.078125
292,2.93781234558,0.890108411753,3.82792075733,0.302983413182,1164.40625,-1187.59375,499.890197904,1109.59375
293,3.53002821088,1.43053168294,4.96055989382,0.405246529909,1145.140625,-1206.859375,531.987689801,1128.859375
294,1.7128354308,1.38452521388,3.09736064469,0.808323548769,743.953125,-648.046875,244.632915667,1059.046875
295,1.64191893913,1.12676994261,2.76868888174,0.686251870145,939.796875,-677.203125,291.729818266,1010.203125
296,1.64093172767,1.20814380324,2.84907553091,0.736254764822,934.203125,-682.796875,256.647142231,1015.796875
297,0.0594151851802,0.0950705160124,0.154485701193,1.6001046824,39.9375,-28.0625,12.122905747,1028.0625
298,0.96290599397,0.691020864255,1.65392685823,0.717641045525,578.171875,-391.828125,139.9308484,1028.828125
299,1.00481222929,0.705783582396,1.71059581169,0.70240345591,581.546875,-388.453125,142.259438361,1025.453125
300,0.20170975321,0.169393082243,0.371102835454,0.839786274822,50.8125,-155.1875,28.6437575005,1027.1875
301,0.361296590388,0.400544039849,0.761840630236,1.10862944878,232.34375,-218.65625,57.5671398103,1021.65625
302,0.502875938213,0.376067609041,0.878943547255,0.747833770647,234.515625,-216.484375,71.4844808742,1019.484375
303,0.297945336817,0.257736299803,0.55568163662,0.865045590432,155.6875,-177.3125,44.2796069738,1020.3125
304,0.04638343602,0.0911771961737,0.137560632194,1.96572750959,23.171875,-25.828125,10.4156653165,1015.828125
305,0.0598454537886,0.097076239127,0.156921692916,1.62211551557,28.828125,-30.171875,11.9746538148,1020.171875
306,0.5660769996,0.169187569663,0.735264569263,0.298877307826,164.625,-306.375,85.5762635022,1031.375
307,0.702057734907,0.261949873527,0.964007608434,0.373117281531,162.71875,-308.28125,105.079652638,1033.28125
308,0.471707230101,0.235239147607,0.706946377708,0.498697354197,172.6875,-210.3125,62.7676456763,1023.3125
309,1.70108187267,1.18712083434,2.888202707,0.697862256611,989.78125,-980.21875,239.535257631,1029.21875
310,1.70449215263,1.19002888294,2.89452103557,0.698172110151,987.8125,-982.1875,239.276570821,1031.1875
311,0.0386205106289,0.0882127273799,0.126833238009,2.28409013613,18.359375,-20.640625,9.86845857312,1020.640625
312,0.0503835139462,0.0826937197409,0.133077233687,1.64128527894,20.859375,-18.140625,9.48496703259,1018.140625
313,0.0478289142625,0.0461609994783,0.0939899137408,0.965127479685,21.84375,-17.15625,7.60801129977,1017.15625
314,0.0467445750991,0.0627127350279,0.109457310127,1.34160455828,29.34375,-19.65625,8.92191604632,1019.65625
315,0.049653812161,0.0808053052496,0.130459117411,1.62737364429,29.484375,-19.515625,9.81547277819,1019.515625
316,0.0354607939266,0.0772293420882,0.112690136015,2.17787966756,22.578125,-16.421875,8.90892229646,1016.421875
317,0.0299910609332,0.0745304345944,0.104521495528,2.48508829882,21.203125,-17.796875,8.09162315202,1017.796875
318,0.0464436117879,0.066717082927,0.113160694715,1.43651797004,19.953125,-19.046875,8.73468246328,1019.046875
319,0.0445472499457,0.078076073386,0.122623323332,1.75265753736,22.40625,-16.59375,9.3503321298,1016.59375
320,0.0364989608669,0.0775566478995,0.114055608766,2.12490016311,22.734375,-26.265625,9.10570251872,1016.265625
321,0.039568866254,0.0839447449523,0.123513611206,2.12148471511,19.03125,-29.96875,9.2211861188,1019.96875
322,0.041156237217,0.0806946628159,0.121850900033,1.96069097353,18.40625,-20.59375,9.15102239848,1020.59375
323,0.0396192026992,0.0760419079155,0.115661110615,1.91931948992,19.796875,-19.203125,8.82145765927,1019.203125
324,0.062659447506,0.074680017302,0.137339464808,1.19183970294,25.265625,-23.734375,11.8904402088,1023.734375
325,0.479176521289,0.39693901948,0.876115540768,0.828377438886,192.296875,-317.703125,69.8893499772,1022.703125
326,0.539084086769,0.499664921383,1.03874900815,0.92687751994,179.796875,-330.203125,81.095657191,1035.203125
327,0.255045171796,0.251821762214,0.50686693401,0.987361416964,169.34375,-85.65625,40.5744757937,1045.65625
328,0.744184644204,1.31472478697,2.05890943117,1.76666476151,960.234375,-343.765625,140.167504948,1039.765625
329,0.798939558911,1.28497196988,2.08391152879,1.60834690878,966.265625,-337.734375,144.005777031,1033.734375
330,0.264363777499,0.156980909426,0.421344686925,0.593806424283,103.890625,-151.109375,34.6257297701,1023.109375
331,0.0431602687559,0.0978222349995,0.140982503755,2.26648808775,21.265625,-27.734375,10.9018951728,1017.734375
332,0.0453992222341,0.0878469439545,0.133246166189,1.93498786172,25.421875,-23.578125,10.1331829395,1013.578125
333,0.049577257657,0.0862012480448,0.135778505702,1.73872561974,26.65625,-22.34375,10.1230225692,1012.34375
334,0.0485664556391,0.105956658195,0.154523113834,2.18168397921,29.234375,-29.765625,11.673610982,1009.765625
335,0.0499059886444,0.108076535708,0.157982524352,2.16560253876,22.5625,-26.4375,11.2678677553,1006.4375
336,0.0594368655208,0.0971219929656,0.156558858486,1.63403625199,39.046875,-29.953125,12.8348033773,1009.953125
337,0.076522816515,0.0907613444667,0.167284160982,1.18606905234,31.109375,-37.890625,12.9362827779,1017.890625
338,0.0507257523175,0.0933980329462,0.144123785264,1.84123504688,32.125,-25.875,11.7639544797,1025.875
339,0.0557934230387,0.106032544601,0.16182596764,1.90044881325,28.234375,-29.765625,12.3018573134,1029.765625
340,0.0730102591564,0.0920297415158,0.165040000672,1.26050424391,30.53125,-27.46875,12.5087079044,1027.46875
341,0.0647560919115,0.090115210295,0.154871302206,1.39160977191,26.46875,-22.53125,11.704658194,1022.53125
342,0.0762037299323,0.0816303181804,0.157834048113,1.07121158312,32.140625,-36.859375,12.7841053504,1016.859375
343,0.0966246064582,0.0725242483835,0.169148854842,0.750577425792,37.3125,-40.6875,15.3244851055,1020.6875
344,0.133190288597,0.0835871740584,0.216777462655,0.627577092436,61.359375,-36.640625,23.4643127879,1036.640625
345,0.422742907327,0.50684757759,0.929590484917,1.19894992632,223.046875,-315.953125,71.2439536223,1030.953125
346,0.418144422702,0.492439017026,0.910583439728,1.177676875,227.25,-311.75,70.6430286723,1026.75
347,0.134284200918,0.0923202785799,0.226604479497,0.687499184186,46.484375,-71.515625,21.2014092895,1031.515625
348,0.0494623390899,0.0864517175525,0.135914056642,1.74782913916,22.3125,-26.6875,10.7817481769,1026.6875
349,0.187257627241,0.126081270929,0.31333889817,0.673303794281,89.5625,-57.4375,28.7363418644,1037.4375
350,0.385464661849,0.61659097182,1.00205563367,1.59960440695,279.90625,-220.09375,75.3439444212,1033.09375
351,0.347895250876,0.622263377195,0.970158628072,1.78865154275,285.21875,-214.78125,70.6539694457,1027.78125
352,0.746490208055,0.291621449829,1.03811165788,0.390656765061,207.671875,-420.328125,98.8199206081,1037.328125
353,0.742893445956,0.296357530493,1.03925097645,0.398923334304,209.703125,-418.296875,98.8008855741,1035.296875
354,0.0432782918731,0.104401677182,0.147679969055,2.41233358951,27.453125,-30.546875,11.6390099551,1030.546875
355,0.0326628636593,0.103532396732,0.136195260391,3.16972809893,20.59375,-28.40625,10.0463282316,1028.40625
356,0.0302467967783,0.0853325185859,0.115579315364,2.82120844767,11.234375,-27.765625,8.69939327536,1027.765625
357,0.0333749720583,0.0677899533524,0.101164925411,2.0311613515,12.34375,-17.65625,7.85457420472,1026.65625
358,0.0444802653878,0.0614717810367,0.105952046425,1.38200122011,13.125,-16.875,8.26797284708,1025.875
359,0.0430626721297,0.0707508097368,0.113813481867,1.64297304923,21.09375,-18.90625,9.20549895103,1027.90625
360,0.0474604650022,0.0843565286444,0.131816993647,1.77740628206,20.765625,-28.234375,10.0027217976,1028.234375
361,0.0465954942006,0.0847945360561,0.131390030257,1.81980119561,12.296875,-26.703125,10.7422642043,1026.703125
362,0.0483981683527,0.085102751109,0.133500919462,1.75838784825,22.0,-27.0,10.2515242769,1027.0
363,0.0324019378109,0.0796893872654,0.112091325076,2.45940189536,21.25,-18.75,9.1001373616,1027.75
364,0.0328104581768,0.0748148029157,0.107625261093,2.28021207484,21.875,-18.125,8.26797284708,1027.125
365,0.0357643326468,0.0805875183101,0.116351850957,2.25329294149,22.96875,-17.03125,8.41867112064,1026.03125
366,0.0311998990202,0.095882526396,0.127082425416,3.07316784371,22.5,-17.5,10.0,1026.5
367,0.0419919050469,0.106120104564,0.148112009611,2.52715623275,21.40625,-18.59375,11.0208874841,1027.59375
368,0.0496424982399,0.0987528228637,0.148395321104,1.98927987843,25.578125,-23.421875,11.5863668371,1032.421875
369,0.46095068946,0.699176225709,1.16012691517,1.51681349371,340.734375,-355.265625,80.895619896,1031.265625
370,0.464029938711,0.703717362618,1.16774730133,1.51653439555,344.015625,-351.984375,80.7566739091,1027.984375
371,0.0511609233956,0.0941855097921,0.145346433188,1.8409657907,32.265625,-25.734375,11.6192757244,1025.734375
372,2.11803038767,0.559927563061,2.67795795073,0.264362384186,887.78125,-1033.21875,322.33971156,1033.21875
373,2.84309111462,1.18184271328,4.0249338279,0.415689355575,1068.9375,-1097.0625,439.237972054,1097.0625
374,2.32955894863,1.06823544884,3.39779439747,0.458556951076,1066.84375,-609.15625,324.802546689,1099.15625
375,3.00762712003,1.70586277522,4.71348989526,0.567178944445,1279.6875,-1190.3125,525.758585136,1004.3125
376,3.78533009834,1.08397253639,4.86930263473,0.28636142905,1136.90625,-1333.09375,656.438466241,1147.09375
377,2.47246565133,1.38566982555,3.85813547688,0.560440475606,1054.15625,-808.84375,399.957506288,1209.84375
378,3.20390000352,0.747912161761,3.95181216528,0.233438047673,1109.96875,-1301.03125,556.653420248,1135.03125
379,3.85325191753,1.33058335875,5.18383527628,0.345314396056,1112.890625,-1298.109375,583.760174354,1132.109375
380,3.51214401705,1.15919932991,4.67134334696,0.330054611735,1335.296875,-1084.703125,517.149237397,1026.703125
381,3.45158652644,0.984418769279,4.43600529572,0.285207617349,1242.1875,-1177.8125,568.062245572,1119.8125
382,1.88971330395,0.989646731364,2.87936003532,0.523702050091,862.828125,-490.171875,293.799333873,1166.171875
383,2.88807976755,0.457399658623,3.34547942618,0.158375008808,1306.4375,-977.5625,467.853638806,1065.5625
384,3.01908699101,1.06993136576,4.08901835677,0.354389048392,1291.265625,-992.734375,478.053090742,1080.734375
385,2.60544400413,1.1500290445,3.75547304863,0.441394650077,1132.171875,-1131.828125,404.059423023,1043.828125
386,2.79253910737,0.832086384664,3.62462549203,0.297967674819,1067.203125,-1196.796875,426.326246102,1108.796875
387,1.13171368234,1.17039616966,2.30210985201,1.03418045388,898.703125,-337.296875,232.041933151,1199.296875
388,2.83824329566,2.19012487226,5.02836816792,0.771648038632,1604.984375,-1081.015625,515.901895113,1110.015625
389,2.8218766111,2.33045263079,5.15232924189,0.82585206654,1682.1875,-1003.8125,481.70186173,1032.8125
390,0.454928203451,0.417464831044,0.872393034495,0.917649923389,187.875,-204.125,73.0698509989,1017.125
391,0.672208095316,0.482099392587,1.1543074879,0.717187721996,378.671875,-248.328125,95.9483999814,1032.328125
392,0.703272809814,0.497898989759,1.20117179957,0.707974178456,378.9375,-248.0625,99.6123541221,1032.0625
393,0.448535997092,0.352165340685,0.800701337777,0.785143986141,178.046875,-144.953125,72.3892321256,1026.953125
394,0.79965932896,0.75963507585,1.55929440481,0.949948369687,342.578125,-451.421875,126.318892674,1019.421875
395,0.789959349993,0.828779350394,1.61873870039,1.04914176964,352.5625,-441.4375,132.850700389,1009.4375
396,0.565320726013,0.881099070798,1.44641979681,1.55858264213,379.25,-306.75,113.897157559,1021.75
397,0.97043203623,0.827366467412,1.79779850364,0.852575385523,431.21875,-469.78125,157.075565886,1018.78125
398,0.919629814588,0.366750500724,1.28638031531,0.398802316874,426.546875,-474.453125,129.339781401,1023.453125
399,2.34629413324,0.646372487961,2.9926666212,0.275486555076,1077.390625,-1097.609375,530.303262801,1039.609375
400,2.75668568596,0.934586319814,3.69127200578,0.339025346478,952.234375,-1271.765625,648.5835948,1213.765625
401,2.25079394807,0.874489298196,3.12528324627,0.388524813186,925.0625,-544.9375,395.089462772,1240.9375
402,2.96708091307,1.37765644514,4.34473735821,0.464313743205,1065.21875,-1140.78125,437.163530213,1208.78125
403,3.20519729379,1.11551124442,4.32070853821,0.348032006198,1093.125,-1327.875,610.526425001,1229.875
404,2.60523912132,1.4272838179,4.03252293922,0.547851368507,1215.453125,-1205.546875,463.285647903,1107.546875
405,3.29984711936,0.656827196219,3.95667431558,0.199047765687,1394.875,-1242.125,525.767073546,1105.125
406,3.40941615347,1.04051495784,4.44993111132,0.305188604443,1380.765625,-1256.234375,534.383164914,1119.234375
407,1.97444253454,1.1715632403,3.14600577484,0.593364060894,743.234375,-952.765625,362.15353021,1108.765625
408,1.90775636307,0.601006578635,2.50876294171,0.315033193058,713.140625,-982.859375,377.059795788,1138.859375
409,1.01499453741,0.870612014087,1.8856065515,0.85775044298,387.609375,-622.390625,169.804908018,1112.390625
410,2.36707140076,0.647385846455,3.01445724722,0.273496543555,1123.765625,-1052.234375,465.24780837,1091.234375
411,2.81462236439,1.58704511097,4.40166747536,0.56385720907,1050.265625,-1125.734375,512.107906176,1164.734375
412,1.74915859537,3.51802021345,5.26717880883,2.01126428602,2154.25,-1012.75,401.861138952,1119.75
413,1.64343435475,3.73111282647,5.37454718123,2.27031448849,2184.671875,-982.328125,391.099933468,1089.328125
414,2.22498848923,5.10637994817,7.33136843739,2.29501409688,3533.75,-780.25,517.863821386,1093.25
415,3.0830453611,5.14365229781,8.22669765891,1.66836737555,3578.5,-833.5,572.858075792,1048.5
416,4.38095152511,3.42446278086,7.80541430597,0.781671004856,2216.234375,-1840.765625,638.357603106,988.765625
417,4.16838509522,3.72798415918,7.8963692544,0.894347348917,1642.5,-1885.5,599.061375195,1033.5
418,1.97882246689,2.64933741949,4.62815988637,1.33884543147,1580.265625,-1046.734375,389.485166686,1095.734375
419,2.57114889602,2.0879872444,4.65913614043,0.812083363835,1181.0,-966.0,447.987478899,1015.0
420,2.41427235344,1.89509701237,4.30936936581,0.784955769248,955.9375,-946.0625,376.264903152,1034.0625
421,2.0343250429,3.00817787332,5.04250291622,1.47871053538,1976.34375,-944.65625,375.642583563,1042.65625
422,2.10558750959,2.8061534479,4.91174095749,1.33271755989,2039.265625,-881.734375,358.529341642,979.734375
423,2.4146981003,4.67923435201,7.09393245231,1.93781340675,3451.28125,-813.71875,486.12625253,1038.71875
424,2.17137204007,5.05503508685,7.22640712692,2.32803729327,3405.078125,-839.921875,513.47937838,1084.921875
425,1.62598901529,3.24572205559,4.87171107088,1.99615251091,1542.6875,-741.3125,356.375849482,1025.3125
426,1.84686851551,2.62862730991,4.47549582542,1.42328881988,1583.0,-682.0,348.550256419,985.0
427,1.58615938851,1.56528026148,3.15143964999,0.986836677836,1042.78125,-673.21875,248.222585895,976.21875
428,1.01568586606,1.53414848622,2.54983435228,1.51045568073,1002.203125,-330.796875,191.420935023,1026.796875
429,1.43725179105,1.4476932278,2.88494501885,1.00726486258,995.390625,-671.609375,238.974476748,1033.609375
430,2.49210867103,0.858823593484,3.35093226451,0.344617232574,683.171875,-992.828125,359.947980386,992.828125
431,2.63223333517,1.16916889779,3.80140223296,0.444173729651,835.203125,-1075.796875,421.45322174,1075.796875
432,1.84285890274,1.29463566248,3.13749456522,0.702514804882,784.21875,-391.78125,280.75475668,1126.78125
433,3.56041879064,0.765507624532,4.32592641517,0.215004938898,1196.421875,-1361.578125,567.321800345,1097.578125
434,3.80602107115,1.11958650843,4.92560757958,0.294161931188,1201.9375,-1356.0625,585.617565988,1092.0625
435,3.33827475542,0.953673567379,4.2919483228,0.285678572691,1288.0625,-1191.9375,522.03390919,1093.9375
436,3.38227267137,0.821238096874,4.20351076825,0.242806590913,1261.125,-1218.875,575.541742079,1120.875
437,1.92824972239,1.04926704403,2.97751676642,0.544155164056,707.109375,-801.890625,303.923413317,1095.890625
438,2.53355569515,1.95000910469,4.48356479984,0.769672878485,1062.78125,-1054.21875,396.70527744,1005.21875
439,2.75791077968,2.01901306212,4.77692384179,0.73208063038,1081.953125,-1035.046875,404.601672547,986.046875
440,2.64387937557,0.595321793179,3.23920116875,0.225169801119,990.0625,-950.9375,369.659889079,1028.9375
441,3.58920812302,1.03555183644,4.62475995945,0.288518191463,1111.296875,-1064.703125,487.804349858,1142.703125
442,2.51955720212,1.20191079773,3.72146799985,0.477032550289,1109.28125,-458.71875,340.632934254,1144.71875
443,1.79864945979,1.11585282006,2.91450227985,0.620383707336,1203.1875,-541.8125,367.18348934,1217.8125
444,2.94261914844,0.78502400941,3.72764315785,0.266777306137,1235.59375,-1351.40625,647.114381281,1185.40625
445,2.84265951236,1.61712687328,4.45978638564,0.568878146062,1160.34375,-1210.65625,575.74341124,1044.65625
446,2.56507370605,1.40880447231,3.97387817836,0.549225727503,1095.390625,-561.609375,416.074460628,1237.609375
447,3.16595466353,0.824066509498,3.99002117303,0.260290053736,1151.421875,-1337.578125,640.284575518,1181.578125
448,3.16835635306,1.65015838958,4.81851474263,0.520824744977,1279.703125,-1189.296875,572.147480979,1033.296875
449,2.91904441913,2.57456024517,5.4936046643,0.881987347741,1310.265625,-1600.734375,441.490452975,1002.734375
450,2.72966688991,2.79789203276,5.52755892267,1.02499394453,1000.921875,-1665.078125,446.60333717,1067.078125
451,2.89060904134,3.12302134253,6.01363038387,1.08040253727,2424.640625,-801.359375,500.801868482,1065.359375
452,2.65243814775,3.31649571481,5.96893386256,1.25035741837,2471.21875,-754.78125,484.541002804,1018.78125
453,1.87551244074,0.730024795567,2.60553723631,0.389240177622,731.5,-700.5,301.254823613,1052.5
454,1.53080851197,0.710503610456,2.24131212242,0.464136176996,725.703125,-676.296875,239.071228905,1028.296875
455,1.49956915614,0.66609045018,2.16565960632,0.444187883869,514.484375,-475.515625,197.450863523,1043.515625
456,1.30761989514,0.696049739048,2.00366963419,0.532302805759,529.0,-431.0,170.41814384,1029.0
457,2.57439428845,1.5154801174,4.08987440585,0.588674440507,1187.515625,-1399.484375,334.209327751,988.484375
458,2.67634780044,1.61238263069,4.28873043113,0.602456313946,1188.03125,-1398.96875,346.38368217,987.96875
459,1.64831308468,3.60742019184,5.25573327652,2.18855278488,2342.140625,-794.859375,370.21184253,1019.859375
460,1.88338145495,3.82057159856,5.70395305351,2.02857025512,2348.75,-788.25,409.55749749,1013.25
461,1.53475778895,1.81487829964,3.34963608859,1.18251773192,1272.84375,-443.15625,248.610967348,1001.15625
462,1.26928906546,0.974104048403,2.24339311386,0.767440668095,681.765625,-465.234375,190.950806998,1023.234375
463,0.889254594618,1.27921994465,2.16847453927,1.43853059899,607.765625,-274.234375,163.385447465,1019.234375
464,1.4344158978,3.12780653542,4.56222243321,2.18054369044,2041.625,-782.375,320.104890036,987.375
465,1.44976475378,3.00670909012,4.4564738439,2.07392894763,2022.15625,-801.84375,304.528181103,1006.84375
466,1.06366535463,1.19916501055,2.26283036517,1.12738936672,815.75,-547.25,172.084463273,1017.25
467,1.06963361378,1.18876526609,2.25839887987,1.1113761299,817.703125,-545.296875,167.889256625,1015.296875
468,1.71765166722,0.568462611889,2.28611427911,0.330953372408,1014.03125,-172.96875,290.522211325,1132.96875
469,2.50719013702,0.580817635405,3.08800777243,0.231660785047,1002.546875,-997.453125,466.154143286,1144.453125
470,2.40090212912,1.46274867108,3.8636508002,0.609249603862,1052.59375,-907.40625,411.290906733,1054.40625
471,3.34496443927,1.13993049853,4.48489493781,0.340790020112,1126.234375,-1088.765625,462.561169677,1069.765625
472,3.43066141709,1.78609325092,5.21675466801,0.520626501357,1055.9375,-1159.0625,552.844317909,1140.0625
473,2.27160967954,1.77404044972,4.04565012926,0.780961828827,968.5,-1041.5,359.014971833,1119.5
474,2.59345818573,0.704000670969,3.29745885669,0.271452485659,1239.640625,-1083.359375,476.950841518,1054.359375
475,2.80217517458,0.974827093733,3.77700226831,0.347882281799,1172.984375,-1150.015625,515.450242876,1121.015625
476,1.30920180903,0.772737131011,2.08193894004,0.590235306492,587.609375,-373.390625,207.935808694,1108.390625
477,1.83130222401,0.256892738634,2.08819496265,0.140278723667,827.890625,-780.109375,313.704484606,1054.109375
478,2.00913974501,1.14690527661,3.15604502163,0.570843954216,828.859375,-779.140625,327.381747123,1053.140625
479,0.924055594517,1.31098985963,2.23504545414,1.41873483306,775.578125,-400.421875,168.46232931,1027.421875
480,0.870499210966,0.751647367179,1.62214657814,0.8634670287,520.015625,-391.984375,130.744800588,1018.984375
481,1.04026615822,0.61889422927,1.65916038749,0.594938347631,395.640625,-516.359375,176.824716102,1045.359375
482,2.38049443736,0.720121114712,3.10061555207,0.302509051653,776.421875,-928.578125,339.865773352,1075.578125
483,2.45520123777,1.33090639961,3.78610763738,0.542076298732,1010.453125,-940.546875,353.494604347,1087.546875
484,1.38893149856,1.31265181462,2.70158331318,0.945080312441,1013.703125,-555.296875,218.23243627,1084.296875
485,1.76776974153,0.577846437524,2.34561617905,0.326878791932,1061.171875,-879.828125,518.719021807,967.828125
486,2.27239592932,0.676412393663,2.94880832298,0.297664850097,931.96875,-1009.03125,608.04494511,1097.03125
487,2.33384320744,1.07513490583,3.40897811327,0.46067143774,855.921875,-595.078125,358.605079818,1222.078125
488,2.01697646021,1.0350975107,3.05207397091,0.513192657983,977.96875,-473.03125,272.0026981,1100.03125
489,1.53429604739,1.50452725358,3.03882330096,0.980597751092,1308.953125,-475.046875,289.428662934,1063.046875
490,1.29958900868,1.60157940206,2.90116841075,1.23237376691,1374.375,-409.625,274.744455131,997.625
491,1.59129459408,2.03779944243,3.62909403651,1.28059219833,1722.03125,-424.96875,257.523419369,1031.96875
492,1.66280613034,2.07123311487,3.73403924521,1.24562513757,1689.046875,-457.953125,266.479269227,1064.953125
493,1.51541819224,1.05077140561,2.56618959785,0.693387086809,924.234375,-468.765625,229.539943568,1075.765625
494,1.29587659246,1.07123898894,2.3671155814,0.826652009282,939.53125,-345.46875,191.274015547,1060.46875
495,0.506873621126,0.913783537589,1.42065715871,1.80278376996,588.8125,-274.1875,104.026870777,1028.1875
496,3.21269484263,1.47833620546,4.69103104808,0.460154567387,1159.953125,-1026.046875,530.807033843,1075.046875
497,3.39065401301,1.76452553379,5.1551795468,0.520408607606,1172.015625,-1013.984375,532.563449629,1062.984375
498,1.62976260702,2.69007290665,4.31983551367,1.65059186845,1325.578125,-959.421875,347.925674745,1017.421875
499,1.56548765902,2.56720179375,4.13268945277,1.63987354289,1321.28125,-963.71875,344.237312255,1021.71875
500,2.46253965219,2.35150928018,4.81404893238,0.954912250079,1632.59375,-1199.40625,391.912128175,1043.40625
501,3.72285237469,2.50308859369,6.22594096839,0.672357735888,1620.6875,-1211.3125,564.215657877,1055.3125
502,3.05838335407,1.5122717112,4.57065506528,0.494467676588,1109.640625,-1027.359375,456.771119079,1105.359375
503,2.53257153685,2.0975256107,4.63009714756,0.82821968903,1092.546875,-976.453125,386.645547049,1034.453125
504,1.89791525535,1.91928992881,3.81720518416,1.01126218539,1172.359375,-896.640625,372.907384916,954.640625
505,1.2796714447,1.44067923356,2.72035067826,1.12581963091,629.8125,-674.1875,236.476800857,1026.1875
506,0.385359542585,1.41139189943,1.79675144201,3.66253263111,618.578125,-498.421875,131.663966773,1037.421875
507,1.97857160663,0.553687534324,2.53225914095,0.279842049926,835.65625,-850.34375,292.620499685,1026.34375
508,2.71114356618,1.29877351799,4.00991708417,0.479050071045,914.140625,-938.859375,391.571468061,1114.859375
509,1.77665950654,1.11636013103,2.89301963756,0.628347821808,923.71875,-449.28125,264.050626582,1105.28125
510,2.49593832875,0.662926959387,3.15886528814,0.265602299444,1099.640625,-989.359375,434.50526346,1047.359375
511,2.99236490957,1.53646808802,4.52883299759,0.513462807661,1090.3125,-1037.6875,501.305791004,1095.6875
512,1.71914190113,1.53023467788,3.249376579,0.890115398196,1106.4375,-491.5625,259.061097704,1079.5625
513,1.85250843523,0.824372528362,2.67688096359,0.445003387129,1041.75,-448.25,238.957436063,1036.25
514,2.76638649461,0.863197376929,3.62958387154,0.312030650312,1063.140625,-965.859375,396.71191008,1014.859375
515,2.41510907124,1.10406353794,3.51917260918,0.457148520156,790.9375,-1022.0625,368.12314834,1071.0625
516,1.15084562649,1.06879126506,2.21963689155,0.928700809614,771.140625,-453.859375,176.698265695,1090.859375
517,2.95386102785,0.622195891386,3.57605691923,0.210638173401,1226.875,-1047.125,446.452002599,1018.125
518,3.69319417758,1.17614151841,4.869335696,0.31846186847,1127.09375,-1146.90625,560.085588291,1117.90625
519,2.29043141621,1.20188433325,3.49231574946,0.524741463441,917.484375,-660.515625,333.326463105,1150.515625
520,3.9064575397,0.961409245998,4.8678667857,0.246107691234,1937.21875,-1306.78125,663.015965795,1032.78125
521,4.26765264634,2.20874689663,6.47639954297,0.517555452533,1890.921875,-1353.078125,708.656526126,1079.078125
522,2.64173862501,3.63234203067,6.27408065567,1.37498161108,2081.6875,-791.3125,479.122370688,1114.3125
523,2.85236614191,3.23568816364,6.08805430554,1.1343873832,2180.640625,-1006.359375,494.618741026,1015.359375
524,2.5825368663,2.24928916892,4.83182603523,0.870961107379,1173.84375,-993.15625,391.13329804,1002.15625
525,1.52236640191,2.87300889741,4.39537529932,1.88719935872,1143.09375,-709.90625,328.449278749,1032.90625
526,1.37665081079,2.1619487216,3.53859953239,1.57044088788,931.453125,-882.546875,258.942134564,999.546875
527,3.13382066855,4.19940443733,7.33322510588,1.34002704094,2698.21875,-938.78125,534.503580108,1055.78125
528,2.97871116489,4.00566630056,6.98437746545,1.34476492644,2677.234375,-733.765625,502.265764505,1076.765625
529,1.86262843073,1.60168379732,3.46431222805,0.859905159233,1537.65625,-776.34375,262.765355091,1030.34375
530,1.80253933654,1.55319941367,3.3557387502,0.861672964459,1539.953125,-774.046875,253.151846088,1028.046875
531,0.177681372447,0.289844599587,0.467525972035,1.63126047258,71.265625,-213.734375,35.2501073525,1016.734375
532,0.664814037791,0.323188265669,0.98800230346,0.486133335485,379.421875,-238.578125,142.19658539,1090.578125
533,1.3371721137,0.480127433519,1.81729954722,0.359061805581,349.75,-836.25,289.335013436,1120.25
534,1.75339648773,1.69639165446,3.44978814219,0.967488908716,1170.796875,-760.203125,315.670673908,1044.203125
535,1.22837198581,1.63184269328,2.86021467909,1.32845971101,1164.6875,-394.3125,206.000445615,1050.3125
536,2.39444702842,0.587543436415,2.98199046483,0.245377504468,790.734375,-1012.265625,436.171348289,1110.265625
537,2.98097816738,1.01997140797,4.00094957535,0.342159972565,809.6875,-993.3125,470.337241874,1091.3125
538,1.49502507979,0.882663972336,2.37768905212,0.590400779405,852.421875,-324.578125,200.21728858,1029.578125
539,1.96752673204,0.546715979184,2.51424271122,0.277869657516,904.234375,-880.765625,356.023162088,987.765625
540,2.45579584128,1.30503092829,3.76082676956,0.531408558624,942.640625,-930.359375,425.812031857,1037.359375
541,2.02026815059,1.42824291692,3.44851106751,0.706957101955,913.8125,-566.1875,279.731616632,1066.1875
542,1.33354772156,0.551478564359,1.88502628592,0.413542429299,447.921875,-532.078125,184.113696589,1032.078125
543,2.15050580728,0.767998387843,2.91850419512,0.357124535654,913.46875,-929.53125,415.084026461,997.53125
544,2.57388618561,1.02133076102,3.59521694663,0.396804942942,830.234375,-1012.765625,463.028473145,1080.765625
545,1.53367710835,1.01908951964,2.55276662798,0.664474623823,701.53125,-494.46875,220.208208915,1111.46875
546,1.69870171602,0.352682925232,2.05138464126,0.207619102227,938.546875,-355.453125,274.127988452,1129.453125
547,2.79999014947,0.544827882983,3.34481803246,0.194582071328,937.0,-1150.0,500.350845657,1131.0
548,2.66729590354,0.835192517691,3.50248842123,0.31312330836,1063.78125,-1072.21875,469.569965126,1053.21875
549,2.8813718924,1.20816625308,4.08953814548,0.419302435854,1153.921875,-1072.078125,418.294913334,1081.078125
550,2.81871062584,0.753116910073,3.57182753591,0.267184897651,1178.90625,-1047.09375,485.157053139,1056.09375
551,2.46600481368,1.40193141505,3.86793622873,0.56850311373,1107.546875,-823.453125,375.833154874,1058.453125
552,1.63244214273,1.25148282964,2.88392497237,0.766632272517,1026.984375,-600.015625,284.007509374,1139.015625
553,2.60142138506,1.03755009986,3.63897148492,0.398839690415,848.8125,-1004.1875,425.719790289,1092.1875
554,2.09950071324,1.08751246385,3.18701317709,0.517986232152,779.890625,-906.109375,373.74946142,994.109375
555,0.887794932192,0.47243907547,1.36023400766,0.532148876209,365.5,-242.5,130.769119061,1016.5
556,2.5826269955,4.79056042319,7.37318741869,1.85491766002,2665.171875,-1745.828125,548.456144404,1020.828125
557,2.52600146558,4.82462885182,7.35063031741,1.9099865608,2661.640625,-1749.359375,539.30755277,1024.359375
558,2.09510671315,1.37511333972,3.47022005287,0.656345250142,1308.296875,-1053.703125,276.302352488,1014.703125
559,2.2487690862,1.45632397664,3.70509306284,0.647609390212,1301.109375,-1060.890625,296.264562785,1021.890625
560,1.88166761883,0.924998120161,2.80666573899,0.49158422609,821.53125,-796.46875,250.797538412,1021.46875
561,2.46827724683,0.706396638373,3.1746738852,0.28619015116,842.359375,-804.640625,339.598170968,1000.640625
562,2.40613769434,2.15540473224,4.56154242658,0.895794424946,1205.84375,-990.15625,361.987621454,1019.15625
563,2.08277296811,2.30804027876,4.39081324687,1.10815740078,1208.234375,-987.765625,324.262275316,1016.765625
564,1.39095644295,1.02895877863,2.41991522158,0.739749101303,863.90625,-705.09375,200.174745437,1018.09375
565,2.07444224591,0.785466849388,2.85990909529,0.378640018028,902.21875,-921.78125,359.8516825,1097.78125
566,2.80248280013,1.50613721642,4.30862001655,0.53742960219,1138.921875,-930.078125,416.159686324,1106.078125
567,1.74311885288,1.705475188,3.44859404088,0.978404418709,1164.265625,-404.734375,278.919020628,1080.734375
568,2.42816921903,1.97647845375,4.40464767278,0.813978876868,1124.28125,-982.71875,386.150410654,1080.71875
569,2.27986042737,2.2096024299,4.48946285727,0.969183202343,1118.90625,-988.09375,368.231869833,1086.09375
570,2.35285116412,0.409423953161,2.76227511728,0.17401183696,669.375,-1085.625,421.18391544,1153.625
571,3.00126345408,0.785637687398,3.78690114148,0.261768984769,726.25,-1028.75,450.373039824,1096.75
572,1.34305037157,0.561376790017,1.90442716158,0.417986400139,671.15625,-299.84375,194.823495339,1024.84375
573,0.376951265366,0.553525951338,0.930477216704,1.46842842085,412.1875,-67.8125,77.7077608335,1047.8125
574,2.32995887251,0.44693063092,2.77688950343,0.191819107278,1018.453125,-942.546875,451.574742211,1000.546875
575,2.72281757874,0.825369485712,3.54818706445,0.303130658534,936.203125,-1024.796875,488.499877805,1082.796875
576,1.38913209914,0.785310788579,2.17444288772,0.565324772974,633.234375,-542.765625,243.41257043,1091.765625
577,1.32734775714,0.952684166641,2.28003192378,0.717735168888,581.609375,-732.390625,234.668490721,1045.390625
578,1.53458706979,0.497498717302,2.03208578709,0.32419060938,571.984375,-742.015625,256.36963623,1055.015625
579,1.45840462513,1.52653679247,2.9849414176,1.04671691667,871.609375,-677.390625,251.511780116,1020.390625
580,0.877645930633,1.48736366031,2.36500959094,1.69471948584,850.625,-502.375,174.771234404,1041.375
581,1.7064095713,0.480578370648,2.18698794195,0.281631314504,830.09375,-992.90625,364.210778549,1021.90625
582,2.00384092174,0.692055701993,2.69589662373,0.345364591812,748.453125,-1074.546875,415.124037551,1103.546875
583,1.81658730648,1.47981683899,3.29640414547,0.814613662506,1238.359375,-564.640625,296.460756635,1113.640625
584,2.31437157817,1.4071387111,3.72151028927,0.608000342026,1247.203125,-761.796875,335.106428042,1104.796875
585,2.73660528944,1.73827023456,4.474875524,0.635192163544,1459.328125,-1070.671875,454.192313848,1079.671875
586,2.361199686,2.10129858959,4.46249827559,0.889928370757,1512.96875,-1017.03125,413.910654941,1026.03125
587,2.48653401822,1.35309607189,3.83963009011,0.544169539598,969.84375,-1206.15625,334.662106588,1108.15625
588,5.05406164728,3.92177084066,8.97583248794,0.775964187687,3715.59375,-1156.40625,730.616321992,1058.40625
589,4.56241330219,4.01782256807,8.58023587027,0.880635379119,3778.546875,-1044.453125,667.911645768,995.453125
590,0.0527258356127,0.102379501502,0.155105337115,1.94173312405,34.109375,-33.890625,12.3201019521,1023.890625
591,0.0739107573889,0.0863290559358,0.160239813325,1.16801747115,53.78125,-34.21875,14.3738790324,1024.21875
592,1.51865952608,0.454214320519,1.9728738466,0.299088974663,472.640625,-811.359375,280.970492623,1007.359375
593,2.04217217105,0.934056569561,2.97622874061,0.457383849807,597.203125,-843.796875,331.893251837,1039.796875
594,1.25789405242,0.914420189392,2.17231424181,0.726945315972,582.546875,-437.453125,174.663420048,1054.453125
595,0.633611047985,0.321041807738,0.954652855722,0.506685937309,345.890625,-95.109375,113.519012338,1065.109375
596,1.86476381475,0.364630045415,2.22939386016,0.195536851654,503.484375,-937.515625,367.121190489,1064.515625
597,2.22933589331,0.768304632979,2.99764052628,0.344633859476,532.875,-908.125,369.252221557,1035.125
598,1.0482636042,0.75781270028,1.80607630448,0.722921884577,467.25,-464.75,149.602911903,1071.75
599,1.5201279227,0.255934846879,1.77606276957,0.168364019276,488.078125,-776.921875,276.895699265,1060.921875
600,1.73572855813,0.990076712874,2.72580527101,0.570409876726,529.984375,-744.015625,289.916717146,1028.015625
601,0.693837453716,0.932766209572,1.62660366329,1.34435840063,537.953125,-275.046875,127.563027276,1020.046875
602,2.09031535727,0.503775356823,2.5940907141,0.241004475746,826.140625,-976.859375,409.313978933,967.859375
603,2.25081113719,0.471215430925,2.72202656812,0.209353607301,762.0,-1041.0,470.143362444,1032.0
604,1.50575828245,0.659794513049,2.1655527955,0.438180895791,529.125,-509.875,241.832489804,1087.875
605,1.53418090695,0.737082796619,2.27126370357,0.480440600765,737.078125,-390.921875,220.268323918,1095.921875
606,2.28126816799,0.387677048787,2.66894521678,0.169939270721,736.15625,-1077.84375,439.165195952,1096.84375
607,2.36969894943,1.75366776992,4.12336671934,0.740038210483,1121.359375,-996.640625,430.641721997,1015.640625
608,0.711999819634,1.75577042182,2.46777024146,2.46597031826,1132.75,-397.25,170.465447379,1004.25
609,1.74516105409,0.485456077822,2.23061713191,0.278172651564,783.15625,-961.84375,356.269000316,1019.84375
610,2.31350260058,1.78510528708,4.09860788765,0.771602887602,964.15625,-1075.84375,450.248480659,1133.84375
611,2.841679414,2.07054919739,4.91222861139,0.728635745183,934.59375,-1172.40625,431.49213198,1163.40625
612,2.5278232705,1.0479393398,3.5757626103,0.414561948231,912.3125,-1076.6875,343.419926757,1067.6875
613,3.01587144245,0.965867430966,3.98173887342,0.320261473142,1122.90625,-1103.09375,500.135910239,1112.09375
614,3.5683564139,0.853135784825,4.42149219873,0.239083680515,1062.875,-1163.125,550.942672267,1172.125
615,1.84840875064,0.920676468248,2.76908521889,0.498091381535,760.21875,-386.78125,254.394346239,1101.78125
616,2.61179659132,0.734952141327,3.34674873265,0.281397159247,1303.25,-1097.75,556.637280911,1058.75
617,2.72754994665,0.91910188845,3.6466518351,0.336969773763,1165.453125,-1235.546875,642.249876647,1196.546875
618,1.97875860897,0.856199808611,2.83495841758,0.432695430726,757.8125,-800.1875,341.642899961,1192.1875
619,2.63593623778,0.784074216399,3.42001045418,0.297455683928,1077.140625,-942.859375,444.660223766,1059.859375
620,2.73380570245,0.870332354739,3.60413805719,0.318359257924,982.109375,-1037.890625,488.399526425,1154.890625
621,1.13870910923,0.752525090533,1.89123419976,0.660858057985,718.125,-369.875,247.151048197,1192.875
622,2.03356227978,0.461541164407,2.49510344419,0.226961902763,648.046875,-1037.953125,385.614462161,1115.953125
623,2.50785036778,1.20847246156,3.71632282934,0.481875823648,886.109375,-1015.890625,403.545115089,1093.890625
624,3.08161487199,1.01790945187,4.09952432386,0.330316893626,1167.78125,-1312.21875,420.160217534,1028.21875
625,3.04070468909,0.882382594746,3.92308728384,0.29019016477,1091.34375,-1388.65625,455.887157733,1104.65625
626,1.27832149693,0.697246079728,1.97556757666,0.545438750271,734.796875,-353.203125,244.876447143,1117.203125
627,2.63798987285,0.715065248368,3.35305512121,0.271064440288,912.90625,-1056.09375,417.972551385,988.09375
628,2.92926386141,1.34561236692,4.27487622834,0.459368780206,838.25,-1130.75,466.340942873,1062.75
629,1.05788680993,1.1240080424,2.18189485234,1.0625031259,637.625,-401.375,199.170271062,1087.375
630,0.37185415919,0.254099015673,0.625953174863,0.683329766234,151.078125,-172.921875,57.7062346847,1034.921875
631,0.777132933184,0.501239658776,1.27837259196,0.64498573844,281.25,-228.75,105.829757157,1051.75
632,0.832012025644,0.427475475628,1.25948750127,0.513785212776,321.96875,-247.03125,121.762700666,1011.03125
633,0.598893760965,0.157800892758,0.756694653724,0.263487287802,180.015625,-153.984375,91.1237983781,917.984375
634,0.393690644085,0.132858875101,0.526549519186,0.337470237348,170.6875,-123.3125,56.656827424,848.3125
635,0.939808151,0.579428456663,1.51923660766,0.616539084116,549.09375,-205.90625,131.950833498,871.90625
636,1.25580889841,0.625254773468,1.88106367188,0.497890064531,505.484375,-249.515625,165.0921137,915.515625
637,0.805167192779,0.266712408533,1.07187960131,0.331250963682,384.0625,-183.9375,118.844814122,918.9375
638,1.0082449634,0.60950286711,1.61774783051,0.604518633108,496.765625,-385.234375,146.637173641,944.234375
639,1.17512771503,0.655614814463,1.83074252949,0.557909413656,495.0625,-387.9375,182.836494152,945.9375
640,0.826878679808,0.401161964591,1.2280406444,0.485152144308,376.0,-360.0,116.465526015,918.0
641,0.122742299627,0.0993581904987,0.222100490126,0.809486141293,73.265625,-44.734375,19.0699716402,906.734375
642,0.0843878833135,0.0587602016431,0.143148084957,0.696310884168,32.1875,-26.8125,13.876548337,908.8125
643,0.0591970116027,0.0825465478644,0.141743559467,1.39443775335,21.78125,-27.21875,10.8418586247,909.21875
644,0.127237465877,0.0720623512293,0.199299817107,0.566361100737,34.484375,-44.515625,19.5919245063,906.515625
645,0.15109526388,0.069660081779,0.220755345659,0.461034184594,34.703125,-44.296875,21.7813564829,906.296875
646,0.0979300273851,0.0871619976223,0.185092025007,0.890043635743,28.890625,-30.109375,15.6286167689,912.109375
647,0.128416547311,0.0801729707329,0.208589518044,0.624319625562,39.125,-38.875,18.4200128936,910.875
648,0.119278848552,0.0847227455514,0.204001594104,0.710291443786,42.484375,-35.515625,18.8348017207,907.515625
649,0.194136953696,0.102132027345,0.296268981041,0.526082362992,68.703125,-98.296875,30.4295701618,911.296875
650,0.661887312749,0.331209111677,0.993096424426,0.500401058153,206.8125,-244.1875,92.8503289911,920.1875
651,1.11556292709,1.29664811777,2.41221104486,1.16232628952,970.671875,-274.328125,182.565489507,950.328125
652,1.11782746658,1.15352512844,2.27135259502,1.0319348584,920.390625,-285.609375,172.904653746,1000.609375
653,0.285712773543,0.649293354065,0.935006127608,2.27253876686,335.34375,-213.65625,65.277584866,1026.65625
654,0.0536590798861,0.0943375405112,0.147996620397,1.75809090859,33.046875,-24.953125,11.1627585181,1024.953125
655,0.0302839678914,0.0894878364141,0.119771804306,2.95495744596,15.765625,-23.234375,9.44844925686,1023.234375
656,0.0646320529864,0.113978359586,0.178610412573,1.76349588663,27.078125,-41.921875,13.3115371571,1021.921875
657,0.0632319395751,0.111557391829,0.174789331404,1.764256997,27.390625,-41.609375,13.3646188539,1021.609375
658,0.0432340880445,0.0715868806266,0.114820968671,1.65579716989,15.609375,-33.390625,9.10634598011,1023.390625
