,0,1,2,3,4,5,6,7
0,0.0414151549899,0.0710484429061,0.112463597896,1.71551797701,18.25,-20.75,8.68367721648,912.75
1,0.046001220324,0.104404606729,0.150405827053,2.2696051538,20.359375,-28.640625,11.2907140877,910.640625
2,0.0401105619005,0.105127215237,0.145237777138,2.62093598933,22.21875,-26.78125,11.0488528109,908.78125
3,0.0410243232767,0.0912328207129,0.13225714399,2.22387143592,21.15625,-17.84375,9.90615141907,909.84375
4,0.0497523514176,0.0738739242442,0.123626275662,1.48483281974,20.875,-18.125,9.34996657748,910.125
5,0.0637567001062,0.0698008141818,0.133557514288,1.09479966914,21.984375,-27.015625,10.2248046856,909.015625
6,0.0735490665912,0.0618945717379,0.135443638329,0.841541226918,27.59375,-31.40625,12.7066896136,913.40625
7,0.055645298743,0.0564176920417,0.112062990785,1.01388065688,24.5,-24.5,10.0669632959,916.5
8,0.0721667954074,0.0596037227573,0.131770518165,0.825916162978,34.3125,-23.6875,11.6429632719,915.6875
9,0.266669647743,0.152574487671,0.419244135414,0.572147932702,103.359375,-82.640625,39.0629968718,925.640625
10,0.265644852055,0.149792970214,0.415437822269,0.563884332994,95.9375,-90.0625,37.5723780689,933.0625
11,0.0591780834966,0.106115617712,0.165293701208,1.79315738939,47.125,-21.875,12.5156152466,932.875
12,0.0915895556219,0.128499021078,0.2200885767,1.40298771193,36.421875,-32.578125,19.17013032,943.578125
13,0.0925965921571,0.140989019272,0.233585611429,1.5226156383,42.453125,-55.546875,21.2249335154,966.546875
14,0.089535511507,0.116693789418,0.206229300925,1.30332409402,34.3125,-34.6875,16.994369472,984.6875
15,0.0738480567323,0.0966763105512,0.170524367284,1.3091246382,27.140625,-41.859375,13.480155771,991.859375
16,0.0404016047707,0.0838004635434,0.124202068314,2.07418650865,15.375,-23.625,9.72030735111,993.625
17,0.0354259582832,0.0946627855952,0.130088743878,2.67213055575,25.53125,-23.46875,10.1534611556,993.46875
18,0.0827248785617,0.0984859560529,0.181210834615,1.19052403298,38.6875,-30.3125,15.0123646955,990.3125
19,0.0907554622253,0.091761045801,0.182516508026,1.01108014384,42.703125,-26.296875,15.6571466185,986.296875
20,0.0614406616684,0.0923129134166,0.153753575085,1.5024726445,24.953125,-24.046875,11.383142261,984.046875
21,0.0472037444534,0.0774793089297,0.124683053383,1.641380569,15.9375,-24.0625,9.13761969826,984.0625
22,0.0583810481477,0.0711042038461,0.129485251994,1.21793297829,23.703125,-25.296875,10.2662671032,985.296875
23,0.0503917060646,0.0822096331685,0.132601339233,1.63141198401,23.875,-25.125,10.0785973727,985.125
24,0.0523523454523,0.05838019105,0.110732536502,1.11513993395,27.140625,-21.859375,9.45361568974,981.859375
25,0.058134750677,0.0493936240628,0.10752837474,0.849640249379,19.375,-20.625,9.16429893663,980.625
26,0.0571638798296,0.0670891631464,0.124253042976,1.17362858061,18.59375,-31.40625,9.9792264699,981.40625
27,0.0645025511918,0.0835651040702,0.148067655262,1.2955317662,20.78125,-29.21875,11.0827410164,979.21875
28,0.0546671303808,0.0897623135448,0.144429443926,1.64197961224,22.03125,-27.96875,10.7789852694,977.96875
29,0.0602814833595,0.0885705942464,0.148852077606,1.46928358943,20.3125,-19.6875,11.5878101361,979.6875
30,0.056576711825,0.0844021831531,0.140978894978,1.49181846082,17.34375,-22.65625,10.7880413393,982.65625
31,0.0504058395322,0.0850642778092,0.135470117341,1.68758775964,16.5625,-23.4375,10.0341214738,983.4375
32,0.0479295120944,0.0835260545423,0.131455566637,1.74268526618,16.71875,-23.28125,10.0085412742,983.28125
33,0.0483122124547,0.094653852137,0.142966064592,1.95921170503,17.1875,-32.8125,10.3785761909,982.8125
34,0.0580708930275,0.0873767630263,0.145447656054,1.50465678192,17.5,-32.5,11.1803398875,982.5
35,0.0754920634021,0.0990813888029,0.174573452205,1.31247424349,28.703125,-30.296875,13.4253487938,980.296875
36,0.0784601651972,0.0937021962788,0.172162361476,1.19426458055,30.578125,-28.421875,13.7962910409,978.421875
37,0.0693793917086,0.0542494131086,0.123628804817,0.78192402344,11.09375,-28.90625,10.3255126235,978.90625
38,0.0534856599103,0.0474423316417,0.100927991552,0.887010307459,20.625,-9.375,8.45484328654,979.375
39,0.0584808352189,0.0656863616819,0.124167196901,1.12321175708,21.25,-18.75,9.76281209488,978.75
40,0.0494637890232,0.0724662641622,0.121930053185,1.46503665799,23.90625,-16.09375,9.1202363422,976.09375
41,0.0441288473668,0.0697110774852,0.113839924852,1.57971670789,22.96875,-17.03125,8.95818192702,977.03125
42,0.0481254246268,0.0651491319404,0.113274556567,1.35373625159,19.6875,-20.3125,9.51458584227,980.3125
43,0.0576888452308,0.105420129005,0.163108974235,1.82739190883,19.53125,-30.46875,11.9150230146,980.46875
44,0.0580539672024,0.0944046838491,0.152458651052,1.62615387713,20.9375,-29.0625,11.6885026308,979.0625
45,0.0518074087969,0.0813790449383,0.133186453735,1.57079936689,21.09375,-28.90625,10.1730630067,978.90625
46,0.0485568123815,0.105283900858,0.15384071324,2.16826220039,20.3125,-29.6875,11.0352772394,979.6875
47,0.0541303208006,0.0974311222653,0.151561443066,1.79993616931,29.640625,-19.359375,10.6907775493,979.359375
48,0.0628660037535,0.0863984253993,0.149264429153,1.37432666689,30.59375,-18.40625,11.1239026846,978.40625
49,0.0597269404373,0.0826137498373,0.142340690275,1.38319072152,29.65625,-19.34375,10.6466232176,979.34375
50,0.0650133706157,0.0828542970507,0.147867667666,1.27441934276,29.796875,-29.203125,11.3194794595,979.203125
51,0.060138912955,0.100301118426,0.160440031381,1.66782393458,24.53125,-25.46875,11.7166664814,975.46875
52,0.0551532386717,0.0957929733318,0.150946212004,1.7368512827,19.671875,-39.328125,11.5339914594,970.328125
53,0.0588798043605,0.094957424571,0.153837228932,1.61273335743,25.875,-33.125,12.8300185113,964.125
54,0.438988785891,0.162023150072,0.601011935963,0.369082662882,258.578125,-54.421875,74.2556405028,995.421875
55,0.953685550936,1.32238033619,2.27606588713,1.3865999489,678.90625,-674.09375,166.848052014,987.09375
56,0.723959363323,1.32779440429,2.05175376761,1.83407311453,703.703125,-649.296875,149.198240574,962.296875
57,0.806762605249,0.212030585126,1.01879319037,0.262816575466,274.734375,-382.265625,145.116466393,970.265625
58,0.83019347466,0.667206441481,1.49739991614,0.803675844061,364.859375,-409.140625,165.707089769,997.140625
59,1.53439200585,0.702835824624,2.23722783047,0.458054931169,636.640625,-608.359375,232.759691473,990.359375
60,1.93256289724,0.992388111476,2.92495100871,0.513508829593,966.984375,-621.015625,263.562758904,1003.015625
61,2.09185701969,1.01578172905,3.10763874874,0.485588507956,954.984375,-682.015625,293.527654797,1015.015625
62,1.82778995149,0.765340507231,2.59313045872,0.418724540316,714.703125,-667.296875,271.322264549,1000.296875
63,2.00901159486,0.848476526775,2.85748812163,0.422335306052,690.375,-800.625,275.418516761,1005.625
64,1.87492960588,1.08759470805,2.96252431393,0.58007228892,690.0625,-800.9375,277.98318716,1005.9375
65,2.07578378619,1.12976549473,3.20554928092,0.54425971638,762.59375,-884.40625,302.389118043,1021.40625
66,2.18587677624,0.809788865313,2.99566564155,0.370464096658,739.421875,-907.578125,312.664347018,1044.578125
67,1.72719998049,1.25754753405,2.98474751454,0.728084499919,991.265625,-626.734375,267.485002044,1008.734375
68,2.05245376291,1.71363688512,3.76609064803,0.834921066719,1029.75,-784.25,345.411710861,970.25
69,2.19931902729,1.09947153432,3.2987905616,0.499914528396,712.171875,-787.828125,335.052726946,973.828125
70,1.71829402745,1.74704548601,3.46533951346,1.01673256038,1273.953125,-706.046875,273.97863909,990.046875
71,1.87597492431,1.67190051425,3.54787543857,0.891216877467,1253.71875,-775.28125,301.741998069,1010.28125
72,1.65167299304,1.88302943827,3.53470243131,1.14007400145,1020.984375,-763.015625,302.635428991,998.015625
73,1.15431149562,1.7821021707,2.93641366632,1.54386591268,1022.859375,-663.140625,239.318032855,996.140625
74,1.41324691737,0.758444491918,2.17169140929,0.53666806741,741.578125,-484.421875,197.723513135,1003.421875
75,1.10020677743,0.749802650452,1.85000942788,0.681510663118,750.4375,-396.5625,168.722486183,994.5625
76,1.08840000498,1.37757199873,2.46597200371,1.26568540281,1059.375,-410.625,202.608574288,1008.625
77,1.71502967638,1.38552324688,3.10055292326,0.807871295735,1069.65625,-636.34375,263.173434898,998.34375
78,1.53634379872,0.899747596512,2.43609139524,0.585642092127,651.375,-623.625,230.8807525,985.625
79,1.60585805336,2.17295393657,3.77881198993,1.35314197417,1197.65625,-695.34375,304.968862076,998.34375
80,1.90128334696,2.11639774991,4.01768109687,1.11314168575,1175.953125,-717.046875,325.946526945,1020.046875
81,1.7236251274,1.36196724123,3.08559236863,0.79017601889,752.359375,-757.640625,273.516702369,992.640625
82,1.80010292339,1.42773151744,3.22783444083,0.793138824951,810.421875,-699.578125,319.284493276,934.578125
83,1.80013601723,1.68084523458,3.48098125181,0.933732350498,1247.1875,-723.8125,294.013970491,997.8125
84,1.77554559732,1.89408784594,3.66963344326,1.06676384363,1239.9375,-623.0625,317.662403101,1005.0625
85,1.82935639857,1.17009026456,2.99944666313,0.639618537684,934.078125,-712.921875,334.616632539,966.921875
86,1.74958954268,2.99266229355,4.74225183623,1.71049393046,1834.390625,-822.609375,344.538033876,988.609375
87,2.06106241715,3.24082285121,5.30188526836,1.5724040302,1818.140625,-857.859375,402.275320334,1004.859375
88,1.86076013674,1.28160804502,3.14236818176,0.688755105893,782.859375,-844.140625,300.651577161,991.140625
89,1.69893513793,1.63567184423,3.33460698216,0.962762972946,870.03125,-747.96875,270.644252707,1001.96875
90,1.86368715624,1.60622199187,3.46990914811,0.861851725753,822.8125,-795.1875,298.280482254,1049.1875
91,1.56050804908,1.9070168713,3.46752492038,1.22204872472,1079.28125,-832.71875,295.432017812,998.71875
92,2.29532635679,2.29832124834,4.59364760513,1.00130477809,1160.5625,-810.4375,418.826816648,917.4375
93,3.03254089927,1.32624037149,4.35878127077,0.437336351115,870.5,-874.5,445.763950988,932.5
94,1.91381815642,2.01105068566,3.92486884208,1.05080552137,811.890625,-894.109375,339.644810666,952.109375
95,2.3281896437,2.13363026514,4.46181990884,0.916433191305,895.015625,-957.984375,374.480702615,966.984375
96,2.71972617524,2.55465162451,5.27437779975,0.939304716693,915.109375,-1083.890625,468.860557535,966.890625
97,2.7403329436,2.44409594774,5.18442889134,0.891897443865,901.734375,-1156.265625,433.438801988,980.265625
98,3.58345485457,1.3170551077,4.90050996227,0.367537798339,755.578125,-1674.421875,516.862947401,910.421875
99,3.66306892176,4.16737137859,7.83044030035,1.137672118,1270.875,-1669.125,641.357532407,905.125
100,2.43773605054,4.0499747279,6.48771077844,1.66136720462,1193.09375,-1354.90625,517.919718645,982.90625
101,2.20983533138,1.74097751621,3.95081284759,0.787831333622,756.265625,-1261.734375,343.428815504,997.734375
102,2.40039226506,3.01236037027,5.41275263534,1.25494504132,1185.09375,-1225.90625,413.247645137,961.90625
103,2.18770719667,2.44351443673,4.6312216334,1.11692937723,1222.6875,-807.3125,353.936650184,924.3125
104,2.6078557325,1.58917354775,4.19702928025,0.609379394706,1114.09375,-924.90625,361.555697592,973.90625
105,2.86318806432,1.89902118102,4.76220924534,0.66325408543,1110.703125,-928.296875,398.399716039,977.296875
106,3.30252257868,3.06460829237,6.36713087105,0.927959830513,1614.78125,-1688.21875,538.959775538,992.21875
107,4.32665005201,3.50979275848,7.83644281049,0.811203290372,1650.71875,-1652.28125,646.157282245,956.28125
108,3.27231564997,2.78048954431,6.05280519428,0.849700897385,986.3125,-1227.6875,529.961610491,924.6875
109,4.75863948263,3.14046151156,7.8991009942,0.659949450473,1211.984375,-2228.015625,704.971885348,925.015625
110,7.13435934778,5.5245886972,12.658948045,0.774363671339,1515.71875,-2483.28125,1089.57499554,974.28125
111,6.76358070305,6.53941732847,13.3029980315,0.966857292842,2103.640625,-2463.359375,1073.31065469,954.359375
112,5.30054888454,4.98298032702,10.2835292116,0.940087608956,2128.5,-2115.5,826.817146502,929.5
113,5.29513489309,1.34931861164,6.64445350473,0.254822330098,936.765625,-2131.234375,764.393402113,945.234375
114,5.34954969665,4.75302216861,10.1025718653,0.888490141812,2396.015625,-2073.984375,835.596764523,936.984375
115,4.00962809814,4.98358392831,8.99321202645,1.24290428098,2374.421875,-2095.578125,696.068418977,958.578125
116,1.66893923437,1.63154072958,3.30047996394,0.977591452089,511.4375,-831.5625,256.590863231,929.5625
117,1.19059551651,0.480738873267,1.67133438978,0.403780181095,211.984375,-426.015625,165.199263409,935.015625
118,2.48987627144,1.43307086492,3.92294713637,0.575559067477,918.984375,-1158.015625,367.240277789,943.015625
119,2.84627640469,1.7389375696,4.58521397429,0.610951756735,869.328125,-1207.671875,421.009243318,992.671875
120,2.2873736534,1.17622112202,3.46359477543,0.514223428373,830.046875,-943.953125,309.380804475,982.953125
121,1.92975008457,2.66756466112,4.5973147457,1.38233685411,948.625,-933.375,365.714262608,972.375
122,1.69816852714,2.01119153259,3.70936005973,1.18432976495,896.859375,-868.140625,316.132432059,1024.140625
123,1.40410928018,0.734816929105,2.13892620929,0.523333147553,572.15625,-770.84375,235.771885169,985.84375
124,2.14351563639,0.936695915318,3.08021155171,0.436990474627,808.125,-809.875,358.692569445,926.875
125,2.31804535151,2.93917287436,5.25721822586,1.26795313666,1076.5625,-1098.4375,437.620193311,981.4375
126,2.63880540838,3.65616868749,6.29497409587,1.38553933377,1088.625,-1086.375,454.511499442,969.375
127,2.19110633988,2.06277156971,4.25387790959,0.941429236983,968.890625,-961.109375,343.734050411,942.109375
128,1.16204798584,0.586773893355,1.74882187919,0.504948074869,469.125,-461.875,154.83685971,980.875
129,0.88271709443,0.541934014366,1.4246511088,0.613938506216,482.09375,-223.90625,121.2419738,958.90625
130,1.35681826005,0.641200754264,1.99801901432,0.472576743063,492.234375,-517.765625,205.313612416,948.765625
131,1.39770668593,0.556487923426,1.95419460936,0.398143565476,365.359375,-536.640625,205.990318886,967.640625
132,0.864362972692,0.428871535878,1.29323450857,0.496170647549,253.390625,-364.609375,133.511190681,971.609375
133,0.651449846697,0.313943567344,0.965393414041,0.48191517572,252.046875,-276.953125,91.3260692669,972.953125
134,0.494507015959,0.366898095768,0.861405111727,0.741947199792,181.859375,-386.140625,81.4706364257,974.140625
135,1.52471639611,1.58417453053,3.10889092665,1.03899619272,1523.703125,-417.296875,224.875707315,1005.296875
136,1.28308179738,1.72906082869,3.01214262608,1.34758425552,1500.015625,-381.984375,210.784212243,1028.984375
137,0.203466397976,0.158703632587,0.362170030562,0.779999224273,72.140625,-74.859375,30.9837997929,1015.859375
138,1.35925626136,2.38667561076,3.74593187211,1.75586876339,1406.65625,-857.34375,254.43247009,994.34375
139,1.38080076173,2.3873589992,3.76815976094,1.72896703519,1417.421875,-846.578125,256.023180389,983.578125
140,0.964547183337,1.12741701029,2.09196419363,1.16885625688,637.96875,-460.03125,147.984687632,1009.03125
141,0.965252979469,1.49875104627,2.46400402574,1.55270284386,620.515625,-477.484375,178.227908185,1026.484375
142,0.491449960804,1.09483662137,1.58628658218,2.22776825454,628.875,-361.125,115.054946113,1008.125
143,0.343881998704,0.298030176758,0.641912175462,0.866664082103,198.546875,-125.453125,54.9738374387,997.453125
144,0.392740109955,0.464693505946,0.857433615901,1.18320867711,191.703125,-299.296875,66.7443068002,1004.296875
145,0.302934258355,0.426110198877,0.729044457231,1.40660947755,87.0625,-285.9375,53.5341231716,990.9375
146,0.162515482655,0.178225267479,0.340740750134,1.09666638874,58.578125,-69.421875,29.5030743565,980.421875
147,0.159457087268,0.199913458919,0.359370546187,1.25371322369,70.921875,-57.078125,28.6576258871,978.078125
148,0.742673557691,1.42546470879,2.16813826648,1.91936914143,783.15625,-588.84375,153.269189128,980.84375
149,0.811127678524,1.41943231623,2.23055999476,1.74994930369,774.734375,-597.265625,165.917924193,989.265625
150,1.10447536518,0.763059688256,1.86753505344,0.690879771799,421.484375,-637.515625,181.654375824,989.515625
151,1.19757652465,1.23330431103,2.43088083568,1.02983340575,674.078125,-649.921875,205.04308272,1001.921875
152,1.43214170387,1.38784453348,2.81998623734,0.96906928255,666.53125,-617.46875,250.755294607,1009.46875
153,1.84745753972,1.84989496932,3.69735250904,1.00131934269,1026.5625,-669.4375,311.912691861,1061.4375
154,2.06552695823,2.42112929215,4.48665625038,1.17216058716,1427.046875,-934.953125,383.418563293,1032.953125
155,2.27239630884,2.20723440485,4.47963071369,0.97132458641,1504.09375,-857.90625,402.162153193,955.90625
156,2.04741976452,2.19835832796,4.24577809248,1.07372135702,988.34375,-884.65625,383.400704989,1060.65625
157,2.15009590855,2.71744343381,4.86753934236,1.26387079897,1043.171875,-966.828125,400.388621946,1005.828125
158,2.41911459174,2.01541020319,4.43452479492,0.833118947765,1073.703125,-887.296875,426.340008081,926.296875
159,2.66310533685,1.68935265456,4.35245799141,0.634354424959,740.59375,-915.40625,411.295769442,964.40625
160,2.24470336822,1.52189703506,3.76660040327,0.677994721531,795.875,-773.125,370.301418611,949.125
161,2.02411487481,2.2461420565,4.27025693131,1.1096909985,838.65625,-1014.34375,366.19305098,1033.34375
162,2.22998175028,3.15366087964,5.38364262992,1.41420927738,818.5625,-1327.4375,395.976990927,1053.4375
163,3.04098409386,2.88327086567,5.92425495952,0.948137437315,895.578125,-1201.421875,499.645274316,927.421875
164,2.86776333467,2.02104720489,4.88881053956,0.704746859846,816.265625,-1015.734375,477.143755925,888.734375
165,2.50600169723,1.8235629023,4.32956459953,0.727678239132,791.625,-971.375,390.804478768,913.375
166,2.45879344923,1.67132404093,4.13011749015,0.679733403979,757.59375,-879.40625,400.351319107,947.40625
167,2.7190033935,1.08593446034,3.80493785384,0.399386945576,837.703125,-878.296875,405.698420924,946.296875
168,1.8955515214,0.916554338977,2.81210586038,0.483529109407,809.328125,-749.671875,288.846523623,974.671875
169,1.59803414716,1.11848886105,2.71652300821,0.699915494943,428.625,-669.375,244.266536032,1021.375
170,1.47455981747,1.17558504057,2.65014485803,0.79724472798,459.4375,-638.5625,230.111105977,990.5625
171,1.55057711803,0.315044472311,1.86562159034,0.203178847829,499.890625,-774.109375,202.454865123,960.109375
172,2.32499182282,0.448831570576,2.77382339339,0.193046515765,526.046875,-747.953125,316.140614961,933.953125
173,2.92619474873,2.97908119742,5.90527594615,1.01807345486,1968.640625,-1069.359375,462.573351183,1011.359375
174,2.46552365562,3.52625531611,5.99177897174,1.43022570806,1950.15625,-1087.84375,454.433342841,1029.84375
175,1.67397576915,2.17687710196,3.85085287111,1.30042330486,683.8125,-806.1875,297.29251562,982.1875
176,2.1680724453,0.474311712851,2.64238415816,0.218771154939,457.203125,-856.796875,305.161032269,973.796875
177,4.553671171,7.1485324824,11.7022036534,1.56983941395,2612.265625,-2484.734375,842.585905156,945.734375
178,7.0442402706,10.9514565427,17.9956968133,1.5546682285,3655.78125,-2950.21875,1392.28317958,1000.21875
179,6.55122646324,8.0159008468,14.56712731,1.22357254657,3639.671875,-2966.328125,1170.12068094,1016.328125
180,1.82841836911,1.77849835163,3.60691672074,0.972697705116,1187.265625,-929.734375,286.630873369,968.734375
181,1.68754483748,1.18859124329,2.87613608077,0.704331652051,762.484375,-825.515625,285.36637592,952.515625
182,1.85463050497,1.20355422468,3.05818472964,0.648945556246,756.671875,-831.328125,302.46430857,958.328125
183,2.41220169005,2.4663688982,4.87857058825,1.02245550543,482.65625,-1702.34375,389.244027682,899.34375
184,3.30204524695,2.60714492313,5.90919017008,0.789554572439,1130.8125,-1730.1875,548.007381195,927.1875
185,2.87591052087,2.08069201797,4.95660253885,0.723489831436,1431.265625,-940.734375,433.971529963,1038.734375
186,1.7932089998,2.07833789438,3.87154689417,1.15900483135,1439.625,-668.375,304.602020061,1030.375
187,1.50700807738,1.10528384334,2.61229192072,0.733429276143,845.203125,-664.796875,255.828689,1026.796875
188,1.5172636789,1.02568160515,2.54294528405,0.676007485987,730.03125,-779.96875,263.147235922,1004.96875
189,2.14115285702,1.12643443744,3.26758729446,0.526087819348,767.671875,-742.328125,300.874145963,967.328125
190,1.41560313774,0.871795198034,2.28739833577,0.615847178345,516.984375,-699.015625,190.267779408,983.015625
191,1.67922496341,1.20969349284,2.88891845624,0.720387988031,616.359375,-922.640625,347.770729396,971.640625
192,1.73619335208,1.07487530387,2.81106865595,0.619098847825,625.21875,-913.78125,344.290505458,962.78125
193,1.91767097927,0.9470137418,2.86468472107,0.493835361769,729.796875,-790.203125,309.377660579,995.203125
194,1.88103842522,0.774429430464,2.65546785568,0.411703142307,732.390625,-787.609375,303.511203314,992.609375
195,1.8694954908,1.03425940471,2.90375489551,0.553229151818,677.453125,-871.546875,292.901483528,969.546875
196,2.5544608133,1.55746045606,4.11192126936,0.609702230683,692.078125,-1150.921875,397.406604778,954.921875
197,3.14463497908,2.8020931205,5.94672809958,0.891071027047,1167.375,-1312.625,501.756679701,979.625
198,3.48356599998,3.20019193948,6.68375793946,0.918654028514,1175.09375,-1304.90625,563.200333994,971.90625
199,2.45183755251,2.25646933865,4.70830689116,0.920317635376,823.46875,-1126.53125,386.073299742,950.53125
200,1.37738072243,0.357770583424,1.73515130585,0.259747052937,355.421875,-575.578125,182.944476267,947.578125
201,3.47106233938,1.23673022673,4.70779256611,0.356297325087,909.84375,-1442.15625,498.275407617,942.15625
202,7.4847529181,5.42783872928,12.9125916474,0.725186093473,1876.078125,-3906.921875,1173.9045466,887.921875
203,6.97867625124,6.7929433272,13.7716195784,0.973385651182,2789.203125,-3915.796875,1231.11391608,896.796875
204,3.94237911535,4.23601014818,8.17838926353,1.07448066871,2703.15625,-1932.84375,623.933495523,982.84375
205,2.33263533789,0.913784465404,3.24641980329,0.391739098933,509.0625,-863.9375,360.791875385,931.9375
206,3.47072470047,1.73883613779,5.20956083825,0.501000882482,587.75,-1470.25,459.946328391,853.25
207,4.71185014883,2.54148533458,7.25333548341,0.539381613232,1698.828125,-1781.171875,701.567075257,889.171875
208,4.14321993677,4.83778913471,8.98100907148,1.16763995359,1684.5,-2079.5,740.811337319,962.5
209,5.09332529461,4.2615532261,9.35487852071,0.836693707862,1692.3125,-2385.6875,827.265410007,954.6875
210,7.5177177998,11.1589632366,18.6766810364,1.48435516386,3756.015625,-5771.984375,1529.06912544,860.984375
211,7.6538341424,10.8912515349,18.5450856773,1.42297982061,3757.3125,-5770.6875,1378.81897918,859.6875
212,2.17977024764,1.19750603159,3.37727627923,0.549372592312,614.796875,-992.203125,355.762832678,914.203125
213,2.73881828019,1.38915539332,4.12797367351,0.507209771224,1112.5625,-1337.4375,460.702482459,887.4375
214,2.69873205298,1.21327719972,3.9120092527,0.449573049828,1079.34375,-1370.65625,441.499370708,920.65625
215,1.17111097444,0.791672821009,1.96278379545,0.676001538956,786.5625,-439.4375,180.038353119,958.4375
216,0.274153832682,0.14217611325,0.416329945933,0.518599765172,75.328125,-120.671875,37.2328209915,953.671875
217,1.59000620518,0.288932360377,1.87893856555,0.181717756469,577.890625,-706.109375,233.849719183,941.109375
218,1.83857363096,2.11945039274,3.9580240237,1.1527688405,1300.21875,-728.78125,321.654243169,963.78125
219,2.01349611514,2.11506963431,4.12856574945,1.05044634475,1282.734375,-776.265625,323.998420241,981.265625
220,1.83006278951,0.619850531958,2.44991332146,0.338704516321,569.96875,-783.03125,257.491442136,988.03125
221,2.24923960836,0.838736089225,3.08797569759,0.372897616646,590.109375,-1261.890625,318.163878626,938.890625
222,3.71947649136,1.15633385869,4.87581035005,0.310886185563,759.921875,-1366.078125,524.881811241,994.078125
223,4.53400163738,4.15787950263,8.69188114002,0.917044111399,1536.078125,-1962.921875,776.744715638,943.921875
224,7.76801659266,4.52286531254,12.2908819052,0.582241973686,2571.1875,-3231.8125,1152.02766724,888.8125
225,7.77363351398,6.76407226231,14.5377057763,0.870130068538,2512.296875,-3339.703125,1180.44727593,947.703125
226,3.38714933016,6.88455359613,10.2717029263,2.03255095216,1958.359375,-3325.640625,716.211765279,933.640625
227,0.596978751578,1.99636685836,2.59334560993,3.3441171115,784.125,-921.875,195.849232511,979.875
228,1.42929958326,0.483377709465,1.91267729272,0.338192017354,820.5625,-424.4375,218.155970223,1002.4375
229,2.48979820366,3.36575712146,5.85555532512,1.35181924242,1255.625,-1361.375,467.07335144,920.375
230,2.48838369914,3.42487922896,5.9132629281,1.37634691553,1292.484375,-1324.515625,451.226314897,883.515625
231,2.27350981148,3.33288737119,5.60639718268,1.46596568634,1554.078125,-1336.921875,426.340250881,925.921875
232,2.81704197429,3.36224502972,6.17928700401,1.19353742699,1556.703125,-1334.296875,546.794913556,923.296875
233,4.10637159862,1.00957230071,5.11594389933,0.245855075816,1183.3125,-1805.6875,634.773529374,884.6875
234,3.62415516057,0.969702557686,4.59385771825,0.267566512669,1213.484375,-1775.515625,535.53536275,854.515625
235,2.35299050887,0.811180426725,3.1641709356,0.344744453353,577.9375,-805.0625,376.407893573,863.0625
236,5.94505022236,3.2850508094,9.23010103176,0.552569059391,1541.609375,-2261.390625,806.412185571,879.390625
237,7.12631134878,3.51298927504,10.6393006238,0.492960397477,1538.578125,-2264.421875,971.481179126,882.421875
238,4.93860727872,2.07016723426,7.00877451298,0.419180371597,1289.46875,-1846.53125,791.935050382,915.53125
239,4.78416560933,1.73231342832,6.51647903765,0.362093115033,944.8125,-1681.1875,695.260649752,878.1875
240,3.85021924835,1.51876138933,5.36898063769,0.394461014131,781.234375,-1452.765625,535.251189343,835.765625
241,2.06812206569,2.09294632876,4.16106839445,1.01200328717,664.015625,-1285.984375,338.105590579,903.984375
242,1.37137847745,2.15696545917,3.52834393662,1.57284476505,657.78125,-1292.21875,304.852037304,910.21875
243,0.959617079592,0.268227267647,1.22784434724,0.279514895421,412.65625,-410.34375,144.678438566,949.34375
244,0.588988414805,0.391411144354,0.980399559159,0.664548121008,198.0625,-301.9375,84.3796989432,967.9375
245,0.911730403463,0.164945442372,1.07667584584,0.180914710912,204.921875,-452.078125,124.656064921,961.078125
246,1.37687498675,0.196893197659,1.57376818441,0.143000054147,282.484375,-590.515625,185.973535767,952.515625
247,1.16951585115,0.179103045546,1.34861889669,0.153142897012,288.1875,-584.8125,151.127003192,946.8125
248,0.343918021442,0.112813578281,0.456731599723,0.328024619961,61.5,-124.5,49.5665587872,947.5
249,0.21062318648,0.0973809274911,0.308004113971,0.462346663339,50.96875,-87.03125,28.1391457482,949.03125
250,0.105232327756,0.08290291246,0.188135240216,0.787808406673,44.0,-25.0,16.1777238819,946.0
251,0.0969102003304,0.0754983211979,0.172408521528,0.779054433284,40.578125,-28.421875,14.3622820779,939.421875
252,0.0868872433912,0.0757757910598,0.162663034451,0.872116413207,32.5625,-26.4375,13.3614124908,937.4375
253,0.205645299162,0.0984742933196,0.304119592482,0.478855066081,73.71875,-83.28125,30.0205496025,935.28125
254,0.296042414746,0.114927797616,0.410970212362,0.388213958175,84.203125,-82.796875,43.1404608834,934.796875
255,0.326603885129,0.13657831896,0.463182204089,0.418177263585,102.265625,-93.734375,51.2171364717,926.734375
256,0.303684652752,0.129230262083,0.432914914835,0.425540971241,110.953125,-85.046875,41.7827078794,918.046875
257,0.162787020503,0.0885093660823,0.251296386585,0.543712673215,51.53125,-56.46875,23.6153874293,918.46875
258,0.213316677085,0.110095659968,0.323412337054,0.516113702279,72.375,-74.625,32.0363563003,917.625
259,0.213713903322,0.119586659034,0.333300562356,0.559564245355,73.46875,-73.53125,33.3583613722,916.53125
260,0.261472357348,0.11300929931,0.374481656658,0.432203619748,59.859375,-107.140625,35.5395322086,910.140625
261,0.269170632818,0.0955709667305,0.364741599549,0.355057183356,50.296875,-106.703125,35.6877428571,909.703125
262,0.217615778155,0.0993352110212,0.316950989176,0.456470628479,83.234375,-54.765625,29.5918813758,916.765625
263,0.238967792811,0.211020574425,0.449988367236,0.88305027193,145.46875,-80.53125,42.8496531309,932.53125
264,0.23254421603,0.291255588078,0.523799804107,1.2524740157,134.765625,-91.234375,44.920673897,943.234375
265,0.188566156516,0.224866594731,0.413432751247,1.19250770598,160.046875,-65.953125,39.1959937715,917.953125
266,0.670957630262,0.225900161487,0.89685779175,0.336683199204,198.875,-282.125,98.637673457,889.125
267,0.658587440594,0.214179727921,0.872767168515,0.325210768866,203.3125,-277.6875,98.3490078432,884.6875
268,0.122027802418,0.0785510821981,0.200578884616,0.643714634218,42.15625,-36.84375,18.2021794282,888.84375
269,0.12810385362,0.0780069070392,0.206110760659,0.608934898015,37.046875,-31.953125,18.2691934068,893.953125
270,0.279815633272,0.1302114547,0.410027087972,0.465347318796,121.4375,-84.5625,37.388114338,897.5625
271,0.275265417611,0.111124226969,0.38638964458,0.403698466497,109.390625,-96.609375,40.6369663866,909.609375
272,0.112197899833,0.110811321039,0.223009220872,0.987641668913,63.796875,-44.203125,18.9902768604,916.203125
273,0.0507619277328,0.076750351881,0.127512279614,1.51196684816,17.125,-21.875,10.0894437409,913.875
274,0.0967418761188,0.085752633806,0.182494509925,0.886406561939,44.734375,-33.265625,14.5904958229,915.265625
275,0.122384013361,0.0800233699347,0.202407383295,0.653871104054,57.671875,-40.328125,22.0957113256,922.328125
276,0.142314492638,0.0829735298947,0.225288022533,0.583029376393,60.703125,-47.296875,24.8109600829,919.296875
277,0.123956979856,0.0893723005944,0.21332928045,0.720994499046,35.578125,-42.421875,19.1961948439,914.421875
278,0.264101933988,0.445302060436,0.709403994423,1.68609920311,143.59375,-287.40625,49.6653547348,914.40625
279,0.336967294895,0.418713593481,0.755680888376,1.24259416218,173.78125,-287.21875,55.5791858382,914.21875
280,0.190615310183,0.179584860513,0.370200170696,0.942132404474,169.046875,-56.953125,27.8014330158,918.953125
281,0.0539014939197,0.0818581376651,0.135759631585,1.51866176078,23.734375,-25.265625,9.88091940861,917.265625
282,0.0518306535778,0.0654401082489,0.117270761827,1.26257540146,14.515625,-24.484375,9.13097781507,916.484375
283,0.051801198559,0.0823721670447,0.134173365604,1.59015948156,24.5,-24.5,9.91053732146,916.5
284,0.0515397140004,0.0949434362721,0.146483150273,1.84214131012,23.6875,-25.3125,11.1058472774,917.3125
285,0.0489122857856,0.0813625002544,0.13027478604,1.66343688396,14.640625,-24.359375,10.1894050174,916.359375
286,0.046142772944,0.0835358066685,0.129678579612,1.81037682261,15.296875,-23.703125,9.79904282236,915.703125
287,0.0490065178375,0.0918068886532,0.140813406491,1.87336078351,23.59375,-16.40625,10.3632746242,917.40625
288,0.0465666091376,0.0943197986714,0.140886407809,2.02548135709,23.265625,-25.734375,10.1230587452,917.734375
289,0.0565487285072,0.0904865382156,0.147035266723,1.60015159676,26.5,-32.5,11.4836840779,914.5
290,0.0540590969571,0.0830616539897,0.137120750947,1.53649725329,28.953125,-30.046875,11.7505713791,912.046875
291,0.0592568772526,0.0649365199074,0.12419339716,1.09584782253,29.578125,-19.421875,9.93385103997,911.421875
292,0.0526383936238,0.0632216074803,0.115860001104,1.2010550309,20.359375,-18.640625,9.53507863677,910.640625
293,0.0511417148564,0.0731803246757,0.124322039532,1.43093216333,21.140625,-17.859375,9.55554025733,909.859375
294,0.0434439080767,0.0742277983307,0.117671706407,1.70858934237,12.578125,-16.421875,8.55095880497,908.421875
295,0.0337457626864,0.0816296079274,0.115375370614,2.41895875005,22.140625,-16.859375,8.65098836026,908.859375
296,0.0386727896072,0.0728900244455,0.111562814053,1.88478837927,30.921875,-18.078125,8.75589923905,910.078125
297,0.0489645629449,0.0817814551981,0.130746018143,1.67021719953,31.21875,-17.78125,9.5417974427,909.78125
298,0.0401423356062,0.0919528143482,0.132095149954,2.29066926375,22.546875,-26.453125,10.3015922427,908.453125
299,0.0363305831039,0.0873149875853,0.123645570689,2.40334671578,21.75,-27.25,9.89949493661,909.25
300,0.0355288122789,0.0848065425034,0.120335354782,2.38697938556,21.59375,-17.40625,9.03589845768,909.40625
301,0.0483033982415,0.0685501715916,0.116853569833,1.41915836333,23.328125,-15.671875,8.67657530275,907.671875
302,0.053424213134,0.0839329503574,0.137357163491,1.57106572907,24.078125,-24.921875,10.189309176,906.921875
303,0.0453163221096,0.0929715226564,0.138287844766,2.05161227408,24.078125,-24.921875,9.86202420826,906.921875
304,0.0310271243219,0.0889007749454,0.119927899267,2.86525989399,22.890625,-26.109375,8.97064167768,908.109375
305,0.0547327234481,0.0949104931327,0.149643216581,1.7340721812,22.6875,-26.3125,10.7425482894,908.3125
306,0.0577677216708,0.0858520521067,0.143619773777,1.48615956495,22.796875,-26.203125,11.4088503029,908.203125
307,0.0507311138236,0.0942277911053,0.144958904929,1.85739645758,22.515625,-16.484375,10.7121312473,908.484375
308,0.0423768821377,0.075038295861,0.117415177999,1.77073659212,23.6875,-15.3125,8.99109802805,907.3125
309,0.0361698649033,0.0787754258511,0.114945290754,2.17792977833,23.375,-25.625,8.74553457486,907.625
310,0.0400260705742,0.0874583795213,0.127484450096,2.18503535987,11.3125,-27.6875,9.45032241513,909.6875
311,0.0301930341905,0.074747392816,0.104940427006,2.47565025577,12.421875,-26.578125,8.30061121149,908.578125
312,0.0388771660786,0.0806186076966,0.119495773775,2.07367500845,22.890625,-26.109375,9.14316204108,908.109375
313,0.08950104105,0.0854635952759,0.174964636326,0.954889398752,29.265625,-29.734375,13.3536537457,911.734375
314,0.0845854185038,0.0783031916483,0.162888610152,0.925729198168,25.859375,-33.140625,13.3625727167,915.140625
315,0.0755530992447,0.0864580321152,0.16201113136,1.14433468619,25.40625,-33.59375,13.2012295237,915.59375
316,0.0969629813415,0.0795607062849,0.176523687626,0.820526609065,29.984375,-29.015625,15.0161290238,911.015625
317,0.107090320407,0.0924960448196,0.199586365226,0.863719937229,33.515625,-45.484375,15.4838546835,907.484375
318,0.103767332466,0.0885011069015,0.192268439367,0.852880235027,31.0625,-47.9375,15.8901256682,909.9375
319,0.0752398049002,0.0950780558277,0.170317860728,1.26366696397,19.265625,-29.734375,12.6444678955,911.734375
320,0.0533449821196,0.0791161967328,0.132461178852,1.4831047568,19.4375,-29.5625,10.004491179,911.5625
321,0.0452624928049,0.0802750119591,0.125537504764,1.77354376625,20.671875,-28.328125,9.66477930345,910.328125
322,0.0467685780709,0.0821933493585,0.128961927429,1.75744811471,23.0,-26.0,9.91526600753,908.0
323,0.0484383231979,0.0857666353872,0.134204958585,1.77063592884,23.28125,-25.71875,10.3839851905,907.71875
324,0.0522884136555,0.0874641825705,0.139752596226,1.67272587665,21.140625,-27.859375,11.1969125034,909.859375
325,0.102379486179,0.0965477359756,0.198927222155,0.943037903183,37.5,-40.5,15.8528388625,912.5
326,0.104025634,0.0977626574878,0.201788291487,0.939793911645,36.5625,-41.4375,15.9235232832,913.4375
327,0.0948443940394,0.0836890636793,0.178533457719,0.88238281795,26.625,-32.375,14.1956199231,914.375
328,0.116424570653,0.0908601478857,0.207284718538,0.780420725421,52.25,-25.75,16.0623784042,917.75
329,0.162375483222,0.113796337192,0.276171820414,0.700822161907,64.25,-63.75,23.3298360474,915.75
330,0.204996842833,0.114206613836,0.319203456668,0.557114013354,67.796875,-60.203125,28.0012163171,912.203125
331,0.134491986942,0.0887338338373,0.223225820779,0.659770413502,57.390625,-30.609375,21.336307954,912.609375
332,0.0988514513366,0.115179929195,0.214031380532,1.16518197394,23.71875,-64.28125,16.7653556013,907.28125
333,0.0811060251271,0.104667134325,0.185773159452,1.2904976438,27.765625,-60.234375,14.4565536474,903.234375
334,0.0322447588557,0.0780176911283,0.110262449984,2.41954642853,25.6875,-23.3125,8.26868150009,905.3125
335,0.0330273891929,0.0702802079453,0.103307597138,2.12793713529,26.71875,-22.28125,8.57042288557,904.28125
336,0.039136322143,0.0704855005805,0.109621822723,1.80102515313,25.78125,-13.21875,8.72401274859,905.21875
337,0.0411386502544,0.0859562429441,0.127094893199,2.08942788381,24.828125,-24.171875,9.88931665912,906.171875
338,0.0501902278763,0.0912405209536,0.14143074883,1.81789413625,28.453125,-20.546875,10.462626474,902.546875
339,0.0471164214558,0.0931576199953,0.140274041451,1.97717944438,19.078125,-29.921875,10.799746362,901.921875
340,0.0415039223814,0.101365709072,0.142869631453,2.44231637049,17.75,-31.25,10.6139648577,903.25
341,0.0354790049706,0.0818033896297,0.1172823946,2.30568443781,19.265625,-19.734375,8.75221791087,901.734375
342,0.0298460558444,0.0780640289526,0.107910084797,2.61555595016,20.3125,-18.6875,8.26679162372,900.6875
343,0.0312014900322,0.0880393828545,0.119240872887,2.82164033716,17.890625,-21.109375,9.49525734824,903.109375
344,0.0317675474768,0.0799276099625,0.111695157439,2.51601449627,17.4375,-21.5625,8.99109802805,903.5625
345,0.0421325122515,0.0709692222245,0.113101734476,1.68442892275,18.515625,-20.484375,8.41685843171,902.484375
346,0.0679013784829,0.0773893107237,0.145290689207,1.13973106957,28.171875,-30.828125,11.6746984537,902.828125
347,0.0729635273697,0.0898271010607,0.16279062843,1.23112333379,27.34375,-31.65625,12.9472713704,903.65625
348,0.0484069222443,0.0957696323434,0.144176554588,1.9784284541,19.078125,-19.921875,10.799746362,901.921875
349,0.0387281128791,0.0884454590594,0.127173571939,2.28375338958,20.953125,-28.046875,9.69927459836,900.046875
350,0.046463039408,0.0795120157185,0.125975055126,1.71129604803,27.59375,-31.40625,9.7655624998,903.40625
351,0.0493473780897,0.0711935055768,0.120540883666,1.44270087556,26.125,-22.875,8.88028011946,904.875
352,0.0416488011654,0.0707139412494,0.112362742415,1.69786258597,18.234375,-20.765625,8.5636261805,902.765625
353,0.0374815831169,0.0813114685374,0.118793051654,2.16937124251,17.59375,-21.40625,9.44013829017,903.40625
354,0.0459351041832,0.0881436276402,0.134078731823,1.91887292317,17.015625,-31.984375,10.109544048,903.984375
355,0.0454308305148,0.0793188643644,0.124749694879,1.74592591563,17.171875,-31.828125,9.28633856718,903.828125
356,0.0367503415401,0.0708194145148,0.107569756055,1.9270409892,17.0,-22.0,8.26891770427,904.0
357,0.0356654911255,0.0767991760516,0.112464667177,2.15331889813,18.90625,-20.09375,8.85952656396,902.09375
358,0.0405225429309,0.0893627514484,0.129885294379,2.2052602079,18.390625,-20.609375,10.1375187847,902.609375
359,0.0437491877441,0.0707451668455,0.11449435459,1.61706240718,17.234375,-11.765625,9.50943969745,903.765625
360,0.0389554569576,0.0731448079495,0.112100264907,1.87765241797,18.21875,-20.78125,8.39543914501,902.78125
361,0.0392390790974,0.0820211311688,0.121260210266,2.09029195016,18.78125,-20.21875,9.10265886637,902.21875
362,0.0390528272335,0.0816143058678,0.120667133101,2.08984372322,18.796875,-20.203125,8.94807885718,902.203125
363,0.0305651385474,0.0695169928604,0.100082131408,2.27438827907,19.765625,-19.234375,7.57409686757,901.234375
364,0.0297145412361,0.082693445026,0.112407986262,2.78292854562,29.25,-19.75,8.92853571421,901.75
365,0.0355841680918,0.0827564699192,0.118340638011,2.3256541984,28.03125,-20.96875,9.12409028,902.96875
366,0.0496896608817,0.0640022253946,0.113691886276,1.28803908618,26.703125,-22.296875,8.90519456466,904.296875
367,0.053017359204,0.08312148075,0.136138839954,1.56781631522,24.84375,-24.15625,10.3595046183,906.15625
368,0.0508536501121,0.103639754674,0.154493404786,2.03800030963,25.390625,-23.609375,11.762781861,905.609375
369,0.0475722387479,0.0920600336181,0.139632272366,1.93516294463,27.875,-21.125,10.2522863304,903.125
370,0.0386893268933,0.085339806544,0.124029133437,2.20577129138,28.375,-20.625,9.03552018425,902.625
371,0.041233225951,0.0970703769711,0.138303602922,2.35417857158,28.359375,-30.640625,10.4153840356,902.640625
372,0.0416232139756,0.0808997100581,0.122522924034,1.94361997383,18.09375,-30.90625,9.48636974493,902.90625
373,0.0400274498306,0.0749337007632,0.114961150594,1.87205782732,17.15625,-21.84375,9.28240733525,903.84375
374,0.029579653143,0.0897571154907,0.119336768634,3.03442082491,18.328125,-20.671875,9.46878867566,902.671875
375,0.0513915785376,0.0753234110276,0.126714989565,1.46567615105,17.421875,-21.578125,9.31196254741,903.578125
376,0.0482875127358,0.0840085942966,0.132296107032,1.73975815976,17.109375,-31.890625,10.170602839,903.890625
377,0.0444042253698,0.0754442039413,0.119848429311,1.6990320924,18.65625,-30.34375,8.87450482774,902.34375
378,0.0378552291887,0.0718634341049,0.109718663294,1.89837535381,19.875,-19.125,8.21298514549,901.125
379,0.0413489101747,0.0858918928388,0.127240803014,2.07724683616,19.703125,-19.296875,9.31510817084,901.296875
380,0.0406161162969,0.0894597019667,0.130075818264,2.20256661943,17.28125,-21.71875,9.84325395576,903.71875
381,0.0432389722435,0.092083010541,0.135321982785,2.12962995564,16.515625,-22.484375,10.4701841368,904.484375
382,0.0458838045828,0.0860782811894,0.131962085772,1.87600574913,18.03125,-20.96875,9.91206453962,902.96875
383,0.0410406933641,0.0755558309149,0.116596524279,1.84099791504,17.421875,-21.578125,9.31196254741,903.578125
384,0.0394277884566,0.0754574031108,0.114885191567,1.91381272104,16.078125,-22.921875,9.0022647975,904.921875
385,0.0465797756619,0.0701555152715,0.116735290933,1.50613682171,17.4375,-21.5625,8.83330876569,903.5625
386,0.0401264848007,0.0682268708144,0.108353355615,1.70029523277,18.34375,-20.65625,8.29197418818,902.65625
387,0.0464076087773,0.072655792776,0.119063401553,1.56560087215,29.0625,-19.9375,8.96499267986,901.9375
388,0.0469649984905,0.0851172872251,0.132082285716,1.81235579604,27.828125,-21.171875,10.2294835639,903.171875
389,0.0479611900016,0.0850341224394,0.132995312441,1.77297774381,16.8125,-32.1875,10.3861009888,904.1875
390,0.0426958824748,0.0803578725316,0.123053755006,1.88209887872,18.78125,-30.21875,9.58753870592,902.21875
391,0.0432084568814,0.0703190501763,0.113527507058,1.62743720215,18.9375,-20.0625,8.51996735616,902.0625
392,0.0404162455984,0.079018652907,0.119434898505,1.95512105929,19.140625,-29.859375,8.82798672458,901.859375
393,0.0414932962531,0.0717635657637,0.113256862017,1.7295219287,18.421875,-30.578125,8.54364655662,902.578125
394,0.045884253452,0.0747971939494,0.120681447401,1.63012773059,17.765625,-21.234375,9.4153169548,903.234375
395,0.0517060360586,0.0810508350329,0.132756871092,1.56753139887,26.953125,-22.046875,10.3537880862,904.046875
396,0.0382276090348,0.0819372695942,0.120164878629,2.1434055559,27.28125,-21.71875,9.85911499261,903.71875
397,0.0468974699233,0.089114115588,0.136011585511,1.90019026045,19.875,-19.125,10.4709419347,901.125
398,0.0489851890929,0.0843152519879,0.133300441081,1.7212396961,19.859375,-29.140625,10.4565577323,901.140625
399,0.0380964800652,0.0804443615157,0.118540841581,2.11159564815,18.984375,-30.015625,8.74015908662,902.015625
400,0.0378644246686,0.0761537288912,0.11401815356,2.01122107513,18.671875,-20.328125,8.87597650878,902.328125
401,0.0440079116613,0.0783410938619,0.122349005523,1.78015931464,19.84375,-19.15625,9.21822032377,901.15625
402,0.0372259854952,0.0784000594046,0.1156260449,2.10605732425,20.34375,-18.65625,8.79491818822,900.65625
403,0.0419735675836,0.0882155081324,0.130189075716,2.10169192687,18.5,-20.5,9.74037986939,902.5
404,0.0414056599825,0.0730573657724,0.114463025755,1.76442944764,18.96875,-20.03125,9.39409513671,902.03125
405,0.035449616322,0.0724193672006,0.107868983523,2.04288155174,19.328125,-19.671875,8.25767576164,901.671875
406,0.0478862288184,0.0812166846118,0.12910291343,1.69603425903,15.46875,-23.53125,10.0436060973,905.53125
407,0.0816396835066,0.0802275622912,0.161867245798,0.98270300478,30.515625,-28.484375,12.7781456346,910.484375
408,0.0629002893724,0.0853961585325,0.148296447905,1.35764333335,28.203125,-30.796875,12.1567621197,912.796875
409,0.0864686815254,0.123344212877,0.209812894403,1.42646112675,66.546875,-41.453125,15.6942761137,913.453125
410,0.149773800314,0.0810773085323,0.230851108846,0.541331717311,75.25,-42.75,20.5677235007,914.75
411,0.11163364407,0.128266813714,0.239900457784,1.14899782035,78.5,-39.5,17.427528511,911.5
412,0.0666055211626,0.0822405466856,0.148846067848,1.2347406829,24.765625,-24.234375,11.4027713017,906.234375
413,0.0584751899901,0.0780901869753,0.136565376965,1.33544135536,26.84375,-22.15625,10.2731731192,904.15625
414,0.0538148541614,0.074505056583,0.128319910744,1.38447010113,18.0625,-20.9375,9.91664478289,902.9375
415,0.0534155517917,0.0769577645911,0.130373316383,1.44073705147,19.390625,-19.609375,10.074127114,901.609375
416,0.0406649528706,0.0830148748223,0.123679827693,2.04143541212,19.59375,-29.40625,9.40863757074,901.40625
417,0.0426206496506,0.0913511892024,0.133971838853,2.14335515651,17.765625,-31.234375,10.0261255408,903.234375
418,0.0556737425247,0.0899952388631,0.145668981388,1.61647546549,18.1875,-20.8125,11.2678677553,902.8125
419,0.0504993072341,0.085227352586,0.13572665982,1.68769350025,19.421875,-19.578125,9.79126633712,901.578125
420,0.0218131901545,0.0682339855727,0.0900471757272,3.12810666799,18.09375,-10.90625,7.11450707621,902.90625
421,0.0349587026186,0.0859879360166,0.120946638635,2.45970043439,17.59375,-21.40625,8.77090137543,903.40625
422,0.0425002142519,0.0847543221961,0.127254536448,1.99420929254,18.796875,-20.203125,9.60497866913,902.203125
423,0.0392706727481,0.0801917899648,0.119462462713,2.04202740501,18.515625,-20.484375,9.43231179825,902.484375
424,0.0506334566926,0.0704028625866,0.121036319279,1.39044156148,18.8125,-20.1875,9.76741233644,902.1875
425,0.079661748642,0.0775647942207,0.157226542863,0.973676771385,39.515625,-19.484375,12.3402190361,901.484375
426,0.0736213269989,0.0759344802664,0.149555807265,1.03141960845,39.203125,-19.796875,11.4430378499,901.796875
427,0.0344717395988,0.0770552614511,0.11152700105,2.23531688124,10.375,-28.625,8.4659243441,900.625
428,0.0475132443798,0.090684343041,0.138197587421,1.90861188759,18.96875,-30.03125,10.1611526628,902.03125
429,0.0564018958573,0.0830851689314,0.139487064789,1.47309177588,28.546875,-20.453125,11.3384435764,902.453125
430,0.05906117745,0.0880282793685,0.147089456819,1.490459269,28.890625,-20.109375,11.3895747115,902.109375
431,0.0653743315216,0.0898231228549,0.155197454377,1.37398151177,27.984375,-41.015625,11.9628228633,903.015625
432,0.0664812484198,0.0892126120935,0.155693860513,1.34192143219,29.328125,-39.671875,11.4660568193,901.671875
433,0.0489100232378,0.0800026913026,0.12891271454,1.63571157825,19.5,-19.5,9.84727119562,901.5
434,0.0529783699046,0.0970494828508,0.150027852755,1.83186993155,18.90625,-30.09375,11.4041093882,902.09375
435,0.0565437459235,0.0905115391783,0.147055285102,1.60073475324,19.265625,-29.734375,10.8846827404,901.734375
436,0.0489805573017,0.06280575436,0.111786311662,1.28225887617,17.359375,-21.640625,8.59026918143,903.640625
437,0.0364951355523,0.0756207243777,0.11211585993,2.07207681882,17.625,-21.375,8.65213124034,903.375
438,0.0392880144163,0.0823465589085,0.121634573325,2.09597151019,20.921875,-28.078125,9.5415287813,900.078125
439,0.0463835175173,0.0839379600713,0.130321477589,1.80965059495,19.4375,-29.5625,9.64668822705,901.5625
440,0.0356605985972,0.0931706888853,0.128831287482,2.61270681229,18.5,-20.5,9.74037986939,902.5
441,0.0396739412893,0.0972610856514,0.136935026941,2.45151055052,18.203125,-30.796875,10.4495509585,902.796875
442,0.04992120776,0.0895578429409,0.139479050701,1.79398389902,18.171875,-30.828125,10.430655971,902.828125
443,0.0520760121497,0.0759031582321,0.127979170382,1.45754552046,20.25,-28.75,9.89002022243,900.75
444,0.0906848136798,0.10053642195,0.191221235629,1.10863570062,41.421875,-37.578125,14.9057504502,899.578125
445,0.0993094196979,0.0948062763815,0.194115696079,0.95465542614,41.734375,-37.265625,15.9376148893,899.265625
446,0.0553634047802,0.078974307121,0.134337711901,1.42647128432,21.65625,-27.34375,9.78554218925,899.34375
447,0.0412721657895,0.0635873915642,0.104859557354,1.54068463207,21.21875,-17.78125,8.31690437828,899.78125
448,0.0468423738173,0.0710810993453,0.117923473163,1.51745297159,21.21875,-17.78125,8.84496458091,899.78125
449,0.033863729516,0.0633478073758,0.0972115368918,1.87066836055,21.078125,-17.921875,8.06865983199,899.921875
450,0.0450777172512,0.0631536746699,0.108231391921,1.40099540352,19.59375,-19.40625,8.22100729458,901.40625
451,0.0419434257944,0.0727168236964,0.114660249491,1.73368823169,18.5,-20.5,8.59869176096,902.5
452,0.0383510634763,0.072911913588,0.111262977064,1.90117057988,19.53125,-9.46875,8.39078503106,901.46875
453,0.0308044473794,0.088504885338,0.119309332717,2.87312037278,21.046875,-17.953125,9.09400504367,899.953125
454,0.0382107019395,0.0990527930217,0.137263494961,2.59227881179,20.453125,-18.546875,10.1148555469,900.546875
455,0.0455561610582,0.0832758305664,0.128831991625,1.82798174016,22.0,-27.0,10.0358731558,899.0
456,0.0658898308995,0.104663510861,0.17055334176,1.58846227759,25.765625,-33.234375,13.0044970437,895.234375
457,0.129013013064,0.106041963438,0.235054976502,0.821947809131,45.921875,-43.078125,18.2459795978,895.078125
458,0.117305526865,0.0630664679044,0.18037199477,0.537625716278,45.25,-43.75,15.7965581694,895.75
459,0.0385850509492,0.073452295949,0.112037346898,1.90364646779,25.328125,-23.671875,9.06754977843,895.671875
460,0.0352205001942,0.0822539578253,0.11747445802,2.33540004746,24.78125,-24.21875,9.26260753986,896.21875
461,0.0296225229171,0.0859510005592,0.115573523476,2.90154220826,25.09375,-23.90625,9.2478354731,895.90625
462,0.0410253825722,0.0859975073112,0.127022889883,2.09620244637,24.65625,-14.34375,9.25712352394,896.34375
463,0.0543976500317,0.0719266762349,0.126324326267,1.32223866643,14.234375,-24.765625,9.57004145024,896.765625
464,0.0483450271165,0.0711274130585,0.119472440175,1.4712456958,14.84375,-24.15625,9.09020549479,896.15625
465,0.0399354779315,0.0850945021725,0.125029980104,2.13079964433,15.4375,-23.5625,8.89148996232,895.5625
466,0.0366256509516,0.0817168807517,0.118342531703,2.23113797649,14.8125,-24.1875,9.57678671319,896.1875
467,0.0368961119888,0.0869918500081,0.123887961997,2.35775113742,14.828125,-14.171875,9.08218497854,896.171875
468,0.0358603527005,0.0772374980687,0.113097850769,2.15384100412,14.984375,-14.015625,8.91012799343,896.015625
469,0.0394141597625,0.07796963045,0.117383790213,1.97821369071,15.15625,-23.84375,9.07300038232,895.84375
470,0.042132479137,0.0863251852418,0.128457664379,2.04889878331,24.703125,-24.296875,10.0416004817,896.296875
471,0.0417104331328,0.0926976862901,0.134408119423,2.22241006213,23.90625,-25.09375,10.1807397048,897.09375
472,0.0540073594777,0.0958025165589,0.149809876037,1.77387892105,24.78125,-24.21875,10.9194046741,896.21875
473,0.0738664783591,0.123524361975,0.197390840334,1.67226548116,25.75,-43.25,14.5752358471,895.25
474,0.0711446392835,0.113191251315,0.184335890598,1.59100183028,24.40625,-44.59375,13.8774983674,896.59375
475,0.0430413904449,0.0941920680237,0.137233458469,2.18840671851,24.671875,-34.328125,10.7776601813,896.328125
476,0.0366363033806,0.0788945639802,0.115530867361,2.15345317895,15.890625,-33.109375,9.34765543382,895.109375
477,0.0353763316449,0.0810684257555,0.1164447574,2.29160068289,13.609375,-25.390625,8.88752142666,897.390625
478,0.0534822420323,0.0893755568402,0.142857798872,1.67112584372,13.359375,-25.640625,10.5495367012,897.640625
479,0.0541552440237,0.07246051344,0.126615757464,1.33801471577,24.71875,-24.28125,10.1880272103,896.28125
480,0.0505178099609,0.0662551249098,0.116772934871,1.31152013441,25.578125,-23.421875,9.37217405325,895.421875
481,0.0582037717173,0.0765204435457,0.134724215263,1.31469905279,15.78125,-23.21875,10.5407968597,895.21875
482,0.0750933437033,0.0713100785163,0.14640342222,0.949619167287,24.125,-24.875,11.6839901147,896.875
483,0.0665963749655,0.0656156216435,0.132211996609,0.985273172564,23.78125,-25.21875,10.8634547193,897.21875
484,0.0491045117863,0.0764960159329,0.125600527719,1.5578205169,24.171875,-14.828125,9.56810242338,896.828125
485,0.0462871760796,0.0713466560894,0.117633832169,1.54139142052,24.4375,-24.5625,9.26666572992,896.5625
486,0.0532748686416,0.0730848290999,0.126359697741,1.37184437923,15.5625,-23.4375,9.51458584227,895.4375
487,0.0390134435175,0.069111006169,0.108124449687,1.77146644689,15.75,-13.25,8.13557004764,895.25
488,0.0371154881259,0.0664679785076,0.103583466634,1.79084209487,15.765625,-13.234375,7.94854976454,895.234375
489,0.0371193295005,0.082800424259,0.119919753759,2.23065517005,25.28125,-23.71875,9.39326346045,895.71875
490,0.0469401260561,0.0780261004342,0.12496622649,1.66224735615,24.03125,-24.96875,9.57857105405,896.96875
491,0.0474088284117,0.0748238536537,0.122232682065,1.5782683555,24.015625,-14.984375,8.75087886211,896.984375
492,0.0339844132034,0.0632373499841,0.0972217631875,1.86077510315,15.546875,-13.453125,7.40128723496,895.453125
493,0.0261873198479,0.0627632299499,0.0889505497978,2.39670307288,15.40625,-13.59375,7.00829586544,895.59375
494,0.0373290629749,0.0779733989041,0.115302461879,2.08881211287,14.953125,-34.046875,8.4250921499,896.046875
495,0.04208819425,0.0918850327519,0.133973227002,2.18315454938,25.09375,-33.90625,9.88483489683,895.90625
496,0.0385119498793,0.0800606723288,0.118572622208,2.07885273479,25.6875,-13.3125,9.01886044631,895.3125
497,0.0405051328824,0.0636358750001,0.104141007882,1.57105706047,16.015625,-12.984375,8.27173687078,894.984375
498,0.042424510884,0.0732480126099,0.115672523494,1.72654937166,25.53125,-13.46875,8.53113553037,895.46875
499,0.0304198452348,0.072443377712,0.102863222947,2.38145122544,25.359375,-13.640625,8.19559177908,895.640625
500,0.0275526454881,0.0741077088753,0.101660354363,2.68967671026,15.984375,-23.015625,7.73080725794,895.015625
501,0.0323308916091,0.0624560611447,0.0947869527537,1.9317766395,15.984375,-23.015625,6.92028762837,895.015625
502,0.0330947134093,0.0580984522716,0.0911931656808,1.75552063416,15.6875,-13.3125,7.3800300643,895.3125
503,0.0457278808537,0.0558308110222,0.101558691876,1.2209358925,14.984375,-14.015625,8.21677435855,896.015625
504,0.0508160549474,0.0740598430702,0.124875898018,1.45741032331,23.5,-25.5,9.37249966658,897.5
505,0.0393429410124,0.0707455287505,0.110088469763,1.79817590983,23.234375,-25.765625,8.15234281415,897.765625
506,0.0480497307097,0.0511528031804,0.0992025338901,1.06458043416,14.109375,-24.890625,7.87225584629,896.890625
507,0.0560329488267,0.0640640005126,0.120096949339,1.14332730749,15.25,-23.75,9.24493104355,895.75
508,0.051646478349,0.0671611531801,0.118807631529,1.30040140833,25.25,-23.75,9.56066158799,895.75
509,0.0599098418514,0.082598600223,0.142508442074,1.37871504365,23.03125,-25.96875,10.6784958415,897.96875
510,0.0515679337722,0.0799645300196,0.131532463792,1.55066383642,21.546875,-27.453125,9.60782507826,899.453125
511,0.0343380863059,0.0846078915561,0.118945977862,2.46396641917,12.453125,-26.546875,9.0293439814,898.546875
512,0.04534792257,0.0709875098486,0.116335432419,1.56539717424,13.78125,-25.21875,9.07687437599,897.21875
513,0.0404692784959,0.0651277336964,0.105597012192,1.60931294347,14.984375,-24.015625,8.04381009593,896.015625
514,0.0435207861006,0.0929793338954,0.136500119996,2.13643507451,24.84375,-34.15625,10.2075626835,896.15625
515,0.0610767515776,0.0917520703772,0.152828821955,1.50224214627,24.3125,-34.6875,11.5945501745,896.6875
516,0.0577729294168,0.0926422432023,0.150415172619,1.60355800091,24.0,-35.0,11.0467755476,897.0
517,0.0473325886523,0.0888056019694,0.136138190622,1.87620420725,24.515625,-34.484375,10.6257237805,896.484375
518,0.0574513512398,0.0638646621579,0.121316013398,1.11163028858,24.234375,-24.765625,9.73194191102,896.765625
