,0,1,2,3,4,5,6,7,8,9,10,11,12
0,1014.1484375,9.40253443538,88.4076538086,0.00927135918935,1039,990,15.6488447981,22,469.789659651,34.1018158318,49.7506606299,2.17919062217,0
1,1062.33203125,245.993066923,60512.588974,0.231559493347,2470,225,61448.1170972,11,799026.808416,37645.7750091,99093.8921063,0.612643263741,0
2,1225.796875,590.390599775,348561.060303,0.481638199457,4725,49,292100.155364,8,12687538.4085,202457.016076,494557.17144,0.693108210858,0
3,1261.26953125,759.450779147,576765.485947,0.602132026764,4725,-127,490657.445485,8,29723455.9613,271350.484422,762007.929908,0.55303447837,0
4,1212.40234375,719.261490715,517337.092026,0.593253134508,4656,-127,436922.124164,8,23419141.4497,264594.200703,701516.324867,0.605586639059,0
5,1181.80859375,597.619011491,357148.482895,0.505681727693,3588,-98,281014.991251,8,14263633.1452,203515.749381,484530.740632,0.724216699171,0
6,1130.515625,527.321015019,278067.452881,0.46644292512,3588,-29,226556.432212,9,7035266.16536,151910.432754,378466.864966,0.670519178248,0
7,1192.359375,641.152444265,411076.456787,0.537717451389,4656,-29,309438.810196,8,15163964.3808,250726.820682,560165.630878,0.810263006513,0
8,1247.34375,739.160502884,546358.249023,0.592587651066,4656,-176,380303.526131,8,20526807.4529,281584.176271,661887.702403,0.740419577845,0
9,1235.9296875,750.816599023,563725.565369,0.607491353769,4598,-176,434070.638595,8,23672024.7192,325692.275853,759762.914448,0.750320908382,0
10,1180.33203125,673.789414366,453992.174911,0.57084735187,4343,-205,270308.732474,8,11972599.8797,277163.220535,547471.953008,1.02535799712,0
11,1173.1953125,582.440602639,339237.055603,0.496456639772,3254,-205,214854.107,11,3831865.5571,214289.730029,429143.83703,0.997373208364,0
12,1216.94921875,693.60910264,481093.587265,0.569957309601,4696,-29,399078.021473,8,20510356.7907,253896.698905,652974.720379,0.636208172948,0
13,1264.7109375,790.237757462,624475.713318,0.624836659532,4696,-78,518155.745138,8,29026482.8663,333709.532583,851865.277721,0.644033257789,0
14,1248.15234375,728.47221619,530671.76976,0.583640466516,4607,-78,455543.856765,8,22196110.8776,318551.593839,774095.450604,0.699277553869,0
15,1157.3125,608.85653906,370706.285156,0.526095189553,2970,-176,355314.794535,8,16032615.8648,206653.252498,561968.047032,0.581606101621,0
16,1145.2578125,569.827698,324703.605408,0.497554080645,2931,-176,255935.717944,13,7472922.28826,247204.317223,503140.035166,0.965884399446,0
17,1203.86328125,665.048007592,442288.852402,0.552428185118,4274,0,362288.909646,8,17462760.8548,232387.442793,594676.35244,0.641442331261,0
18,1268.62890625,725.973575153,527037.631821,0.572250538811,4274,-127,446675.284849,8,25048335.3648,290024.229219,736699.514068,0.649295448074,0
19,1248.765625,747.4756004,558719.773193,0.598571569745,4735,-127,438435.700458,8,21825978.5694,265969.136208,704404.836667,0.606632023647,0
20,1147.17578125,663.584846125,440344.848007,0.578450885184,4735,-19,312073.452137,8,10324394.222,213380.391704,525453.843841,0.683750540914,0
21,1166.63671875,602.521554382,363032.223495,0.516460303965,4352,-39,264198.278299,8,5313746.02094,189656.68411,453854.962409,0.717857380943,0
22,1245.9921875,672.380431937,452095.445251,0.539634548822,4352,-39,353597.281194,8,18537857.0423,271203.721659,624801.002854,0.766984748139,0
23,1251.59765625,730.505677699,533638.545151,0.583658553571,4617,-156,455555.662083,8,20892254.6322,275264.626352,730820.288435,0.604239282404,0
24,1238.02734375,771.309202571,594917.885971,0.623014674486,4686,-156,476255.247497,8,20110490.4714,314259.946712,790515.194208,0.659856134632,0
25,1182.80859375,657.633314732,432481.576645,0.555993013753,4686,-98,322503.702626,9,8834181.6809,249636.47476,572140.177386,0.77405770144,0
26,1197.44921875,633.702122636,401578.380234,0.529210018023,4450,-98,309133.656017,8,14852429.4373,214772.173636,523905.829654,0.694755066152,0
27,1282.609375,769.046759128,591432.917725,0.599595460721,4450,-88,505029.955504,8,27296167.9993,368120.551069,873150.506574,0.728908349014,0
28,1285.125,766.496442833,587516.796875,0.596437267062,4294,-176,562951.430034,8,33714252.3781,333618.43681,896569.866844,0.592623837531,0
29,1224.421875,735.697469979,541250.767334,0.600852929044,4725,-176,448659.886881,8,22572959.8028,268691.425488,717351.312369,0.598875525414,0
30,1173.703125,636.87331157,405607.61499,0.542618740638,4725,-29,307751.719192,9,8091220.03906,216637.365542,524389.084734,0.70393551695,0
31,1161.68359375,599.369295369,359243.552231,0.515948833739,3539,-39,328229.633675,8,15205041.8043,182197.545853,510427.179528,0.555091701543,0
32,1211.61328125,715.611213609,512099.409042,0.590626749214,4735,-39,442647.368031,8,25001424.5297,212566.481613,655213.849644,0.48021630075,0
33,1240.8671875,725.920529516,526960.615173,0.585010657731,4735,-19,391624.191273,8,21425783.3535,239953.738151,631577.929425,0.612714289613,0
34,1242.94921875,737.919722566,544525.516953,0.593684529854,4578,-19,464160.812632,8,23074514.3303,253480.710126,717641.522758,0.546105365268,0
35,1192.3203125,635.508125115,403870.577087,0.533001172967,4578,-19,298511.723458,13,6194652.07624,257721.741426,556233.464884,0.863355510597,0
36,1145.71875,575.549607407,331257.350586,0.502348073999,2911,-39,336061.43532,8,10653936.4058,191574.524655,527635.959975,0.570058044512,0
37,1227.66015625,692.105413963,479009.904037,0.563759775407,4303,-58,498448.529106,8,27687434.9977,236592.169903,735040.699009,0.474657173384,0
38,1249.265625,688.13098867,473524.257568,0.550828402623,4303,-58,427323.778055,8,25197285.0298,241903.20644,669226.984495,0.566088804001,0
39,1232.16015625,656.221101845,430626.134506,0.532577764762,3186,-39,380152.166531,8,22329149.8363,274940.348925,655092.515456,0.723237622012,0
40,1179.8828125,553.215679306,306047.58783,0.468873411363,2862,19,238102.066115,8,4650924.32394,268021.773069,506123.839184,1.1256591656,0
41,1158.4765625,568.697902351,323417.304138,0.490901517354,2862,-49,286138.762511,8,8387457.63134,214161.816259,500300.57877,0.748454401562,0
42,1257.4609375,740.438846883,548249.685974,0.588836459887,4460,-107,468260.169395,8,27775461.5319,300520.430074,768780.59947,0.641780893861,0
43,1257.88671875,738.681108555,545649.780136,0.587239770914,4460,-107,420588.530458,8,24091002.9972,299557.131975,720145.662434,0.712233240523,0
44,1236.3984375,705.555303686,497808.28656,0.570653668176,4274,-49,439087.78142,8,22293535.8588,254888.001321,693975.782742,0.580494407056,0
45,1189.9765625,617.37422131,381150.929138,0.518812084847,4274,-49,275931.003353,8,5186227.00737,236478.956212,512409.959565,0.857022057465,0
46,1138.046875,614.781126695,377955.83374,0.540207209562,4754,-98,283916.993392,8,7871265.28276,229335.729595,513252.722987,0.807756263037,0
47,1231.83984375,750.702645947,563554.462631,0.609415785465,4754,-98,495728.851243,8,26788275.2629,276462.018101,772190.869344,0.557687972785,0
48,1264.3125,721.360533666,520361.019531,0.570555565706,4303,-98,510879.099826,8,27844694.2694,237902.382567,748781.482393,0.465672568417,0
49,1226.19140625,685.963309939,470545.662582,0.559425964366,3666,-19,466150.627434,8,25283071.5965,239625.795125,705776.422559,0.514052284868,0
50,1163.21484375,602.196750654,362640.926498,0.517700366265,3666,-68,368119.572751,8,12512994.0515,161668.598812,529788.171563,0.439174145519,0
51,1204.171875,643.024185604,413480.103271,0.533997014009,4480,-107,320844.97637,8,13085175.6389,255812.790776,576657.767146,0.797309634298,0
52,1265.421875,745.429936863,555665.790771,0.589076221606,4480,-107,427706.943165,8,24462572.9859,291366.235177,719073.178342,0.68122867733,0
53,1217.40234375,709.961270837,504045.006088,0.583177184176,4313,-88,411099.621113,8,23668809.5191,231046.74489,642146.366004,0.562021303412,0
54,1208.7734375,724.364713202,524704.237732,0.599255981915,4774,-88,410843.060486,8,24624508.0405,236947.496176,647790.556662,0.576734814251,0
55,1162.0234375,642.542860497,412861.327576,0.552951721765,4774,-78,234974.432873,12,5757191.21899,264634.141249,499608.574122,1.12622525784,0
56,1191.1015625,601.585818897,361905.497498,0.505066769986,3519,-78,293486.841102,8,15135886.8786,202228.162071,495715.003173,0.689053592015,0
57,1257.5625,728.574906603,530821.394531,0.579354828569,4647,-29,407427.472451,8,22462329.5814,245840.890744,653268.363194,0.60339792323,0
58,1275.421875,763.691651918,583224.939209,0.598775720322,4647,-29,430832.698918,8,23285833.6828,304835.918577,735668.617495,0.707550562764,0
59,1225.671875,707.665121074,500789.923584,0.57736914382,4539,-39,417837.270289,8,20386106.4927,251121.842972,668959.113261,0.601003933416,0
60,1164.41015625,566.638056647,321078.687241,0.486630981021,4313,-39,301271.462388,8,10746708.7684,143911.223126,445182.685514,0.477679571726,0
61,1123.546875,460.216319031,211799.060303,0.409610252382,2696,9,206708.149784,8,4718111.53721,123037.995658,329746.145442,0.595225663749,0
62,1042.59375,307.066690067,94289.9521484,0.294521897975,2696,88,72580.9177537,10,823740.920835,62525.8710274,135106.788781,0.86146432096,0
63,1018.65234375,223.864810441,50115.4533539,0.2197656657,1686,196,47827.3250227,7,1131378.03588,33051.748716,80879.0737387,0.691064129142,0
64,1030.9609375,258.072585548,66601.4594116,0.250322370287,2568,196,61081.4532827,8,1443706.58777,34859.6783611,95941.1316438,0.570708070743,0
65,1028.234375,145.693545261,21226.6091309,0.141692933833,2568,656,13100.0484594,14,188739.464333,11028.8948613,24128.9433207,0.841897256758,0
66,1012.890625,40.8180479336,1666.11303711,0.0402985741265,1294,794,841.855291413,7,16880.9084786,1379.30435616,2221.15964758,1.63841027102,0
67,1009.2890625,37.0748087368,1374.54144287,0.0367335881407,1196,813,938.839474009,5,19630.8901302,1021.03524867,1959.87472268,1.08755040338,0
68,1005.53125,36.8742452253,1359.70996094,0.0366714065081,1196,813,535.720016795,21,11024.1275941,1193.44742019,1729.16743698,2.22774468524,0
69,1005.015625,21.1360859872,446.734130859,0.0210306043622,1098,872,246.297009272,6,4062.11452765,225.505499876,471.802509148,0.91558358968,0
70,1009.37890625,10.9544950273,120.000961304,0.0108527084918,1039,980,57.0770226667,0,2639.85821317,48.3093773099,105.386399977,0.846389230777,0
71,1007.90234375,9.99229363094,99.8459320068,0.00991395018862,1029,980,30.5127397948,0,2011.72538407,30.1338406772,60.646580472,0.987582264979,0
72,1003.06640625,11.6689142151,136.16355896,0.0116332419692,1039,970,55.3541179596,1,1901.48348183,38.0994822009,93.4536001605,0.68828632097,0
73,1007.671875,12.8175961664,164.290771484,0.0127200098409,1039,970,82.3707878896,0,5625.79008206,34.5564719986,116.927259888,0.41952338789,0
74,1014.51953125,23.8538766457,569.00743103,0.0235124863652,1186,843,169.032618613,13,3274.78745112,442.565376759,611.597995372,2.61822469763,0
75,1015.8515625,24.6434226277,607.298278809,0.0242588814522,1186,843,216.90241504,5,2957.5455599,438.529934209,655.432349249,2.02178446989,0
76,1018.12890625,11.5299789431,132.940414429,0.0113246749722,1049,980,56.2838519269,0,1523.75139693,32.5450327224,88.8288846493,0.578230373512,0
77,1019.2265625,10.3124733664,106.347106934,0.0101179401576,1049,990,11.1432188138,31,416.561134291,37.0855911525,48.2288099664,3.32808605593,0
78,1018.19140625,9.61883347384,92.5219573975,0.00944697962956,1049,990,9.17234190532,18,307.79914634,27.7215232922,36.8938651975,3.02229502327,0
79,1016.72265625,8.79215483794,77.3019866943,0.00864754491689,1039,990,8.70774647048,0,490.044640307,19.0816199727,27.7893664432,2.19133848664,0
80,1013.328125,21.7113915142,471.384521484,0.0214258254346,1127,892,252.849736669,1,2827.2567666,330.684444385,583.534181054,1.30782989432,0
81,995.3515625,57.7276864148,3332.48577881,0.0579972831608,1382,637,2459.34494252,6,26498.5978455,2359.34529664,4818.69023916,0.959338910067,0
82,979.24609375,52.56667998,2763.25584412,0.0536807655557,1382,637,1472.61003111,16,18590.1924997,2432.84117897,3905.45121007,1.65206071368,0
83,997.5546875,49.2225984359,2422.86419678,0.0493432581217,1205,735,1284.6169132,0,61435.2457632,1790.27784537,3074.89475857,1.39362780217,0
84,1103.890625,389.283641657,151541.753662,0.352646931536,3068,58,113270.309011,8,2216730.38273,93187.3313703,206457.640381,0.822698659376,0
85,1193.2578125,576.981378952,332907.511658,0.483534549624,3401,-68,262429.564589,8,11027636.7444,200999.0804,463428.644989,0.765916297256,0
86,1163.4921875,564.847213801,319052.374939,0.485475725467,3401,-68,291557.773804,7,7193461.96645,177190.794235,468748.568039,0.607738191725,0
87,1121.11328125,514.948456594,265171.912949,0.459318844229,2852,49,273038.6163,7,6860190.25725,136863.754171,409902.370471,0.501261528593,0
88,1146.32421875,534.350621117,285530.586288,0.466142660494,2539,49,286171.203802,8,12680082.1613,154340.403731,440511.607534,0.539328911088,0
89,1111.1640625,492.640300088,242694.465271,0.443355141436,2411,78,197033.605541,12,6028900.22899,185283.671046,382317.276587,0.940365835243,0
90,1074.33203125,457.967489879,209734.221786,0.426281146385,2666,58,161865.203361,8,3335568.42608,157309.301911,319174.505272,0.971853731648,0
91,1062.62109375,445.688574734,198638.305649,0.419423797773,2666,-539,99944.5597717,7,2542621.91071,147876.147345,247820.707117,1.47958175696,1
92,1008.265625,378.058857529,142928.499756,0.374959582232,2598,-539,47466.6151869,6,577334.87353,90105.3403495,137571.955536,1.89828872345,1
93,1102.890625,503.014424718,253023.511475,0.456087315746,2931,-215,181827.129974,7,5559162.63342,171520.297709,353347.427683,0.94331521228,1
94,1128.52734375,543.073500898,294928.827377,0.481223165664,2931,9,291706.861774,8,9158914.44376,168618.334053,460325.195827,0.578040341689,1
95,1091.40234375,461.189933244,212696.154526,0.42256637608,2450,-137,210031.175775,8,6434781.61185,150824.876905,360856.05268,0.718107092187,1
96,1090.70703125,557.155867117,310422.660263,0.510820826449,3725,-500,140604.859051,9,3335585.41813,209281.356612,349886.215663,1.48843616092,1
97,1016.8828125,685.388639992,469757.58783,0.674009464578,3725,-1058,136154.502711,10,4141240.77733,326878.425081,463032.927792,2.4007904151,1
98,959.078125,750.754465411,563632.267334,0.782787601803,2852,-1058,121630.301094,11,9416337.34448,475350.333348,596980.634442,3.90815717033,1
99,938.90234375,808.815739597,654182.90062,0.861448205962,2431,-1225,81287.2142216,15,9553187.61533,703586.399181,784873.613402,8.65556048289,1
100,951.671875,959.363315152,920377.970459,1.00808202948,3872,-1666,67022.2926096,14,24348940.5333,1267785.73648,1334808.02909,18.915881375,1
101,1014.81640625,894.418343576,799984.173325,0.881359759329,3872,-1666,114601.09812,17,15558195.4844,1072669.24609,1187270.34421,9.36002589575,1
102,1084.49609375,589.187171807,347141.523422,0.543281967729,3078,-1205,197270.141771,8,4813928.92569,338250.370423,535520.512194,1.7146556868,1
103,1111.859375,521.110558902,271556.2146,0.468683873716,3078,49,295615.919595,7,12356565.6843,122445.067437,418060.987032,0.414203225605,1
104,1114.921875,529.931062872,280826.931396,0.475307799367,2647,49,286217.763058,7,9580893.0832,156710.367973,442928.131031,0.547521461626,0
105,1141.375,545.080011329,297112.21875,0.47756435118,3254,-39,266128.967855,7,7072349.50241,176966.66817,443095.636025,0.664965823135,0
106,1154.765625,536.458991681,287788.249756,0.464560929134,3254,-39,281904.955389,7,9777157.25251,134559.54796,416464.50335,0.477322393196,0
107,1142.078125,526.970359244,277697.759521,0.461413582581,2970,-19,248582.767365,7,8049068.35242,123483.66732,372066.434685,0.496750714576,0
108,1133.1640625,517.294709845,267593.816833,0.456504690683,2970,-19,226375.076265,7,7446949.70754,135684.945174,362060.021439,0.599381113029,0
109,1122.9140625,495.966150359,245982.422302,0.441677744471,2539,-205,236177.317921,8,8014834.86089,147638.272561,383815.590483,0.625116221409,0
110,1088.05078125,454.995777538,207021.157578,0.41817513059,2519,-205,193109.602987,8,5861445.6681,119185.075246,312294.678233,0.617188753966,0
111,1033.078125,302.637407051,91589.4001465,0.292947260935,1980,0,69380.4324676,11,2012855.91654,61162.6177693,130543.050237,0.881554288348,0
112,1013.07421875,237.457015764,56385.8343353,0.234392516726,2254,411,19530.6948187,21,694688.128678,41830.7355876,61361.4304063,2.1417945432,0
113,1004.4453125,216.434885149,46844.0595093,0.215477022447,2254,411,19025.0678083,11,488617.522101,30175.7214306,49200.7892388,1.58610322626,0
114,1001.7421875,324.179535185,105092.371033,0.323615735895,2166,-490,40723.1191823,10,1265588.71268,87385.6678128,128108.786995,2.14584907953,1
115,987.50390625,564.283187424,318415.51561,0.571423752203,2362,-1460,59555.2888747,13,5084805.43192,358991.572708,418546.861583,6.02787056349,1
116,959.38671875,653.194771138,426663.409042,0.680846168049,2441,-1460,197213.761812,10,9587147.33586,363682.260404,560896.022216,1.84410183683,1
117,955.85546875,713.729081492,509409.201767,0.746691424411,2705,-1411,194502.347185,10,6437350.95511,393381.035244,587883.382429,2.02250019569,1
118,938.8671875,934.998386288,874221.982361,0.995879288079,4156,-3735,189794.953261,16,17849904.534,896513.968382,1086308.92164,4.72359223983,1
119,951.88671875,886.893260283,786579.655136,0.931721435769,4156,-3735,210070.943808,11,16738948.3319,676896.182808,886967.126616,3.22222659897,1
120,1062.0234375,586.302669074,343750.819763,0.552061892771,2313,-1205,192376.932801,11,9819010.83141,196334.88773,388711.820531,1.02057395797,1
121,1127.296875,490.985780716,241067.036865,0.435542572329,2401,-88,230314.458315,7,8181376.09028,141112.847449,371427.305763,0.61269643461,1
122,1125.75,523.497821151,274049.96875,0.465021382324,2754,-117,294821.044612,7,8644691.12919,129259.080138,424080.12475,0.438432338872,0
123,1136.30078125,524.73574391,275347.600937,0.461792997566,2754,-117,281033.450245,8,11939068.3098,141265.1325,422298.582745,0.502663054438,0
124,1138.98828125,506.974130892,257022.769394,0.445109172094,2431,29,278245.908905,7,11533240.8753,127043.588929,405289.497834,0.45658744608,0
125,1115.8515625,505.500727773,255530.985779,0.45301789661,2431,-29,265898.294767,7,7945044.993,150313.061195,416211.355962,0.565302840043,0
126,1048.91015625,359.830075639,129477.683334,0.343051379086,2401,-29,101054.392317,11,2491328.30218,91559.7807133,192614.17303,0.906044543086,0
127,996.94921875,62.7979877465,3943.58726501,0.0629901569363,1333,147,65.5318717595,31,4837.26485636,574.746097513,640.277969272,8.77048193621,0
128,1001.34375,10.9818298083,120.600585938,0.0109670927773,1029,960,61.0226252214,0,3237.4346936,20.7589030392,81.7815282606,0.340183709958,0
129,1006.01171875,8.68479383295,75.4256439209,0.00863289529444,1029,980,13.3508617973,21,199.932824024,20.5125816325,33.8634434298,1.53642378626,0
130,1006.74609375,8.94918294406,80.0878753662,0.00888921546318,1029,990,14.5551755581,31,283.840059508,21.6395985602,36.1947741183,1.486728791,0
131,1006.98046875,8.71620759162,75.9722747803,0.00865578614692,1029,980,19.2729776945,31,358.663809789,17.100191035,36.3731687295,0.887262534418,0
132,1007.05859375,8.38947468692,70.3832855225,0.0083306718586,1029,980,13.9049621293,31,291.989602316,19.2928942831,33.1978564124,1.3874826917,0
133,1008.2265625,8.70049822904,75.6986694336,0.00862950704995,1029,980,15.8903659028,4,333.944820628,16.4978095153,32.3881754181,1.03822716331,0
134,1008.7890625,9.08394217128,82.5180053711,0.00900479843503,1029,980,20.4941942687,4,346.55257866,21.1234671279,41.6176613965,1.03070493287,0
135,1008.47265625,9.15444918165,83.8039398193,0.00907753831987,1039,980,16.1340864592,29,354.061720873,25.2643677319,41.398454191,1.56590010819,0
136,1009.4453125,8.9624290389,80.3251342773,0.00887856818781,1039,980,14.0555783854,28,493.537425164,24.4611559967,38.5167343821,1.74031657225,0
137,1009.33203125,9.18702748439,84.401473999,0.00910208652847,1039,980,20.8984088232,26,374.061662185,32.1950197826,53.0934286057,1.54054885494,0
138,1005.890625,19.0899328734,364.425537109,0.0189781397688,1117,931,275.114043158,0,2738.79295269,191.795751728,466.909794886,0.697149987424,0
139,1004.87890625,19.4123879277,376.840805054,0.0193181365505,1117,931,321.730694396,1,4906.0446868,185.487075538,507.217769934,0.57652900009,0
140,1009.71875,11.4260102808,130.553710938,0.0113160325891,1049,980,50.4969939855,0,2525.37025201,51.8400734232,102.337067409,1.02659721563,0
141,1013.296875,11.0738708334,122.630615234,0.0109285552009,1049,970,34.1181748843,14,948.437897652,66.3808151094,100.498989994,1.94561448068,0
142,1054.22265625,265.087915168,70271.6027679,0.251453441639,2647,205,68633.8672696,10,957027.946735,38108.2775938,106742.144863,0.55524013304,0
143,1095.3046875,487.43445166,237592.344666,0.445021789118,3254,-19,200070.670795,8,4472103.83423,163009.14657,363079.817365,0.814757834927,0
144,1119.453125,557.403710286,310698.89624,0.497925011631,3254,-19,344143.523735,8,9494605.41429,156605.653441,500749.177176,0.455059132718,0
145,1146.83203125,516.378320074,266646.569443,0.450264996097,2980,-19,334394.892818,6,5178174.45135,121940.588491,456335.481309,0.36466043923,0
146,1094.83984375,462.227303195,213654.079819,0.422187140734,2980,-19,173619.504298,8,6154810.38989,124719.008988,298338.513286,0.718346763473,0
147,1027.171875,378.696089591,143410.728271,0.368678406027,2568,-254,63834.6968534,20,1288297.26492,107618.482912,171453.179765,1.68589322448,1
148,1019.44140625,307.498520837,94555.3403168,0.301634325378,2245,-254,39232.3827658,5,1218896.1064,65189.808897,104422.191663,1.66163266927,1
149,1009.30859375,224.292138435,50306.9633636,0.222223549689,1980,450,25944.7217703,22,553801.187493,41056.6285905,67001.3503608,1.58246555712,1
150,1004.37890625,187.396223845,35117.3447113,0.186579210972,2088,607,16500.8919196,11,267757.924832,20661.1919341,37162.0838537,1.25212576597,1
151,1008.703125,183.391204097,33632.3337402,0.181808898527,2088,549,22290.9298919,13,523423.100994,18374.5251477,40665.4550396,0.824305008216,1
152,1021.64453125,224.073445098,50208.9087982,0.219326231624,1980,235,54640.0767914,7,1428202.05446,22583.998923,77224.0757144,0.413322971877,1
153,1084.015625,380.935546229,145111.890381,0.351411490244,2401,19,135608.584726,7,3526787.08547,81563.1641839,217171.74891,0.601460182985,1
154,1114.44921875,473.856012792,224539.520859,0.425193005495,2401,0,223195.543694,7,6247497.68094,128392.67426,351588.217954,0.575247480907,0
155,1124.78125,516.800477359,267082.733398,0.459467543008,2578,0,270014.951106,7,9445644.69131,145817.078974,415832.03008,0.540033351402,0
156,1113.37109375,505.275805509,255303.639633,0.453825151691,2578,58,259723.762981,7,7225704.22041,158232.181591,417955.944572,0.609232593027,0
157,1046.1875,338.769873725,114765.027344,0.3238137272,2382,58,105939.684965,9,3020356.12793,86597.4993965,192537.184362,0.817422662953,1
158,1012.91015625,142.431712443,20286.7927094,0.140616333605,1813,441,9521.52668205,4,174263.074988,11804.8530762,21326.3797583,1.23980675268,1
159,1010.36328125,254.43985057,64739.637558,0.251830064781,2049,-186,29290.6754558,9,663159.044641,28147.9841193,57438.6595752,0.960987880317,1
160,1006.24609375,366.765483527,134516.919907,0.364488851986,2980,-411,47129.437285,8,1126452.49633,65249.1560439,112378.593329,1.38446711446,1
161,990.21875,332.671782164,110670.514648,0.335957870081,2980,-411,37943.9895856,6,834016.446483,55554.3530187,93498.3426043,1.46411470236,1
162,990.3515625,237.061275367,56198.0482788,0.239370829859,1931,-156,28064.9955084,7,704388.876597,28796.5432759,56861.5387844,1.02606619934,1
163,1037.671875,325.455560748,105921.322021,0.313640148286,2549,98,98255.5445422,5,1416220.53091,54310.3177167,152565.862259,0.552745577563,1
164,1107.7265625,457.079181715,208921.378357,0.412628167626,2784,127,195262.58461,7,4590152.61241,94775.7621487,290038.346758,0.485375948178,1
165,1148.4921875,520.632450368,271058.148376,0.453318234146,3382,58,221314.865457,7,6856958.3785,147054.079419,368368.944876,0.664456402943,0
166,1107.125,470.219504926,221106.382812,0.424721241888,3382,58,177210.262068,7,5874902.58268,148891.114746,326101.376814,0.840194653561,0
167,1050.41796875,370.229195679,137069.657333,0.352458932248,2127,127,141527.502035,7,2966248.41471,77130.8497505,218658.351786,0.544988420211,0
168,1022.95703125,267.57332908,71595.4864349,0.261568493012,1990,137,53847.3013101,8,784949.954665,47551.2894366,101398.590747,0.883076556851,1
169,1004.609375,339.472286571,115241.43335,0.33791471095,2519,-254,20716.522127,25,1375045.28298,80288.9843449,101005.506472,3.87560150554,1
170,991.4609375,371.939666696,138339.115662,0.375143036531,2519,-254,30451.3342938,12,1768661.64435,89786.9252738,120238.259568,2.94853829417,1
171,988.76953125,259.883367788,67539.3648529,0.262835129496,2058,117,32217.1226528,5,1027992.67479,36406.7068769,68623.8295297,1.13004216016,1
172,1061.19140625,369.994972628,136896.27977,0.348659978255,2333,166,99780.8588722,8,1945554.83217,104406.425692,204187.284564,1.04635725601,1
173,1118.37890625,436.986074248,190956.829086,0.390731684768,2343,156,178016.900909,8,2824796.89411,138783.160136,316800.061044,0.779606652105,1
174,1064.296875,421.125507557,177346.693115,0.395684246989,2343,9,168199.598811,7,3399226.47068,114572.66217,282772.260981,0.681170840951,0
175,1006.07421875,375.335764214,140876.935898,0.373069657505,2205,9,73418.4684997,13,2312982.94876,122676.548604,196095.017103,1.67092219588,1
176,987.953125,261.64135936,68456.2009277,0.264831754401,2205,176,15657.5725326,13,762982.455467,56632.1196398,72289.6921723,3.6169156823,1
177,985.0859375,161.576415133,26106.9379272,0.164022659326,1705,294,18215.2537388,5,553913.715697,11523.5756565,29738.8293953,0.63263327658,1
178,1043.609375,341.280212362,116472.18335,0.327019113221,2588,-117,78582.3462771,12,2412643.33045,62275.7213817,140858.067659,0.792489971756,1
179,1040.13671875,377.101083798,142205.227402,0.362549535076,2588,-549,80186.9633674,11,1805071.52713,89532.1693708,169719.132738,1.11654270982,1
180,994.6953125,240.855524595,58011.383728,0.242140001635,2313,-549,13193.8591973,8,387294.510791,33828.0821453,47021.9413426,2.56392626596,1
181,1033.4296875,342.82497547,117528.963806,0.331735172327,2313,39,102858.565246,7,1973024.32992,64581.3177118,167439.882958,0.627865239587,1
182,1025.01953125,354.545841218,125702.753525,0.34589179075,2254,39,112527.135976,8,2975745.51407,68733.2675495,181260.403526,0.610815044327,1
183,994.61328125,204.406579315,41782.0496674,0.205513623404,1931,382,20550.3393429,13,502369.144023,26577.5185303,47127.8578732,1.29328854803,1
184,1002.0,159.492089341,25437.7265625,0.159173741858,2019,529,9041.33504346,12,181525.207037,14786.3793656,23827.7144091,1.6354199125,1
185,1000.3203125,112.550678418,12667.6552124,0.112514638573,2019,725,6118.71595715,11,131555.706173,7049.28482768,13168.0007848,1.15208564624,1
186,996.8828125,169.62767689,28773.5487671,0.170158091566,1980,19,7675.90039815,25,299897.062558,21218.6806002,28894.5809984,2.76432463941,1
187,990.1484375,227.340022387,51683.4857788,0.22960196045,2068,-205,16397.8882498,6,593201.357824,34671.9244232,51069.812673,2.11441399618,1
188,981.625,208.950951182,43660.5,0.212862295869,2068,-205,21254.6520533,5,477642.424687,28410.4103221,49665.0623755,1.33666786221,1
189,980.66015625,160.906410026,25890.8727875,0.164079685506,1539,49,14842.2568322,5,509914.111749,18709.1681855,33551.4250176,1.26053391994,1
190,999.203125,187.32902035,35092.1618652,0.187478417214,1666,137,24348.6266757,12,593874.328912,26004.441539,50353.0682146,1.06800444581,1
191,1055.36328125,340.416996209,115883.731308,0.322559067818,2245,137,100205.131045,11,4228546.85817,68563.9176874,168769.048732,0.684235597246,1
192,1092.890625,445.558203871,198522.113037,0.407687826832,2274,49,212443.743122,7,8607620.59209,90179.9281049,302623.671227,0.424488510603,0
193,1092.8828125,473.37727127,224086.040955,0.433145499092,2333,29,260272.032977,7,11535649.7179,84213.7692811,344485.802258,0.323560577438,0
194,1089.80078125,447.653355531,200393.526718,0.410766227399,2382,19,212705.555073,7,7457791.62471,100983.916315,313689.471388,0.474759186613,0
195,1063.796875,361.266194693,130513.263428,0.339600729409,2382,19,115801.172796,8,3188561.99333,94876.3842208,210677.557016,0.81930417396,0
196,1018.34375,265.576331939,70530.7880859,0.260792420966,1990,-49,35018.4182146,16,666326.217202,58821.5494088,93839.9676234,1.67973176425,1
197,993.3125,263.719496163,69547.9726562,0.265494993935,2068,-68,20653.4887784,16,525653.484966,38538.16387,59191.6526484,1.86593966198,1
198,995.2109375,233.706601999,54618.7758179,0.234831223405,2068,-68,15810.0505214,6,311368.481174,30605.2782897,46415.3288111,1.93581154268,1
199,994.578125,142.720011593,20369.001709,0.143498040028,1607,117,7808.43848441,13,132512.533278,11652.6721724,19461.1106568,1.49231785532,1
200,991.46875,106.369119807,11314.3896484,0.107284389757,1607,411,7317.39890709,10,83191.7253956,5983.01883131,13300.4177384,0.817642841025,1
201,997.78125,102.526287597,10511.6396484,0.102754273642,1480,705,8656.41708244,10,202797.546057,5994.49169337,14650.9087758,0.692491089128,1
202,1000.12890625,176.682566986,31216.7294769,0.176659794435,1637,-58,13108.6517018,9,285962.098564,18311.4528229,31420.1045247,1.39689826532,1
203,988.578125,277.3699191,76934.0720215,0.280574607191,2019,-127,18336.316475,8,651981.48873,46932.2112061,65268.5276811,2.55952231573,1
204,979.05078125,282.875181865,80018.368515,0.288927997691,2019,-127,20647.9410085,7,647048.564778,54146.6510957,74794.5921042,2.62237532901,1
205,984.05859375,204.322203818,41747.562973,0.207632152308,1647,107,17500.9136348,7,446980.592942,34160.78987,51661.7035048,1.95194322896,1
206,987.6796875,171.893768684,29547.4677124,0.174037970872,1647,274,14741.3645073,13,295916.833425,21094.4907206,35835.8552279,1.43097273731,1
207,982.4453125,245.011600765,60030.6845093,0.249389556495,2196,29,27925.1284452,9,518779.458119,40674.8783903,68600.0068356,1.45656907076,1
208,974.14453125,249.402580338,62201.6470795,0.256022153118,2196,29,32626.3957259,9,755924.376612,42879.7926237,75506.1883495,1.31426692007,1
209,973.51953125,205.686407076,42306.898056,0.211281233169,1549,49,22341.923005,6,534605.766451,28481.7413754,50823.6643804,1.27481154461,1
210,987.2890625,188.628651072,35580.7680054,0.191057166778,1549,235,20446.9033427,6,385127.805673,24974.023893,45420.9272356,1.22140861501,1
211,1030.4609375,308.960123396,95456.3578491,0.299827108581,2029,156,107299.29333,7,2737667.59039,50054.9904827,157354.283813,0.46649878978,1
212,1062.5625,410.858328875,168804.566406,0.386667446739,2215,117,184973.952532,7,7223891.50292,78805.287417,263779.239949,0.426034511011,1
213,1080.484375,434.697083546,188961.554443,0.402316862329,2215,49,205993.06711,7,6160694.04744,104034.881162,310027.948273,0.505040692007,0
214,1084.97265625,436.461270514,190498.440659,0.402278590156,2215,29,221174.034082,7,6422916.7854,99863.5405025,321037.574585,0.451515662392,0
215,1062.2421875,399.481876273,159585.76947,0.376074195672,2088,29,218621.372432,7,7282926.09238,57470.8326593,276092.205092,0.262878382016,0
216,1047.0078125,350.806759843,123065.382751,0.33505648731,1941,58,180695.260744,7,4724579.61081,29374.1019058,210069.36265,0.162561551337,0
217,1037.3828125,260.995453777,68118.6268921,0.251590300737,1941,156,95702.6959604,7,3064872.71385,13096.5666769,108799.262637,0.136846371416,0
218,1020.82421875,140.431548742,19721.0198822,0.137566827043,1519,401,26498.1113873,6,445240.228445,5881.12864118,32379.2400285,0.221945200366,0
219,1007.4296875,54.3771815071,2956.87786865,0.053976155539,1372,774,1662.06513383,7,45177.1076862,2855.87186533,4517.93699915,1.71826711673,0
220,1004.64453125,20.354538455,414.307235718,0.0202604382166,1117,921,363.707806929,1,4086.3534133,206.741323305,570.449130234,0.568426960782,0
221,1008.24609375,14.1864669356,201.255844116,0.014070440762,1049,960,128.912959985,0,9200.5900093,59.5901612778,188.503121263,0.462251128859,0
222,1016.43359375,11.0186048441,121.40965271,0.0108404571748,1068,990,34.5130144312,12,1047.59218548,44.7986119335,79.3116263647,1.29802083857,0
223,1015.703125,25.0063614953,625.318115234,0.0246197544143,1166,931,376.958772521,5,6123.50395272,370.739906131,747.698678652,0.983502529073,0
224,1018.15234375,24.7324005129,611.691635132,0.0242914536953,1166,931,341.735470473,17,4355.31892191,347.821072527,689.556542999,1.0178079321,0
225,1023.125,9.98240639826,99.6484375,0.0097567808413,1049,1000,21.1246652874,10,309.382927656,26.1572726058,47.2819378932,1.2382337069,0
226,1019.9140625,18.2399490061,332.695739746,0.017883809702,1088,960,121.180013046,0,4748.42333128,220.544771094,341.72478414,1.8199764594,0
227,1018.2265625,18.4897416,341.870544434,0.01815876965,1088,960,127.946484479,23,2703.18822255,264.933458777,392.879943256,2.07065836826,0
228,1019.0546875,11.5148060894,132.590759277,0.011299497692,1049,990,39.8795576244,0,1286.19833713,66.7088543719,106.588411996,1.67275813338,0
229,1019.92578125,9.94076004776,98.8187103271,0.00974655237715,1039,990,29.3191016426,0,975.138679484,25.566965218,54.8860668606,0.872024168053,0
230,1022.89453125,9.42572782828,88.8443450928,0.00921476021263,1049,1000,16.0654156938,12,307.294352221,26.9304120117,42.9958277056,1.67629724154,0
231,1022.8125,9.63088294239,92.75390625,0.00941607864823,1049,1000,17.4153642315,12,409.23774501,36.0128394546,53.4282036861,2.06787747738,0
232,1016.54296875,16.1641394354,261.279403687,0.0159010882297,1068,941,206.905714795,0,4693.711699,127.7558166,334.661531395,0.617459100762,0
233,1008.70703125,39.1033799762,1529.07432556,0.0387658445562,1186,833,1165.70471792,5,27676.3654809,1096.45860792,2262.16332584,0.940597212199,0
234,1029.734375,254.590648283,64816.3981934,0.247239146778,2245,107,79710.1373849,9,1463518.69154,39130.1438944,118840.281279,0.490905488037,0
235,1111.00390625,457.685818634,209476.308578,0.411956984183,2852,88,234233.910083,7,6717468.36734,94674.8555084,328908.765592,0.404189365557,0
236,1144.1171875,479.468457661,229890.001892,0.41907285626,2852,9,250982.213849,7,10439033.9121,104159.306224,355141.520073,0.41500672349,0
237,1124.41015625,446.668850762,199513.062241,0.397247257399,2490,9,211129.310369,7,7912825.61001,109855.219737,320984.530106,0.520321974932,0
238,1133.859375,438.213351191,192030.941162,0.386479453143,2696,98,167557.008056,8,5261144.148,128220.171852,295777.179908,0.765233118807,0
239,1098.29296875,400.710799253,160569.144638,0.36484873404,2696,58,172800.818572,7,5361845.93165,81805.3463316,254606.164903,0.473408326464,0
240,1002.75390625,342.377347428,117222.248032,0.341437061769,2392,58,90847.0009717,7,1695984.83337,65661.7709326,156508.771904,0.722773126578,0
241,911.09765625,195.676376626,38289.2443695,0.214769926455,2254,88,12022.6061083,1,291643.417587,28075.7591468,40098.3652551,2.33524735767,0
242,824.3984375,76.920346366,5916.73968506,0.0933048182372,1098,725,6910.33027875,0,362728.291837,1280.89281803,8191.22309678,0.185359131381,0
243,771.72265625,12.732725521,162.122299194,0.0164990951321,823,725,56.3567424539,16,1254.35895133,118.475080098,174.831822552,2.10223435457,0
244,768.3984375,10.0026089126,100.052185059,0.0130174769032,794,745,19.415339083,22,841.366016291,69.8905615112,89.3059005941,3.59976002544,0
245,767.6171875,9.68578298796,93.8143920898,0.0126179860817,794,745,22.289058016,26,673.149214833,59.3380157798,81.6270737958,2.66220383729,0
246,767.9609375,9.58261963771,91.8265991211,0.012478003984,794,735,17.7009979827,15,544.652738502,40.8620882487,58.5630862315,2.30846239792,0
247,766.8359375,9.33054237417,87.0590209961,0.0121675862044,794,735,9.26568856312,21,356.069068013,37.3886369232,46.6543254863,4.03517090699,0
248,765.9140625,9.32321308595,86.9223022461,0.0121726621072,794,735,4.60864478575,26,414.719348431,46.8332947649,51.4419395506,10.162053476,0
249,765.51953125,10.8159139018,116.98399353,0.0141288542751,794,735,19.373518524,28,683.597491892,52.1111324445,71.4846509684,2.68981250773,0
250,786.453125,54.9275601609,3017.03686523,0.0698421284307,1068,558,2247.25403951,0,64207.7274173,1900.00412944,4147.25816895,0.845478123984,0
251,912.703125,273.062331465,74563.0368652,0.299179792405,2274,-156,60986.4253924,0,1270062.77811,30269.5581647,91255.9835571,0.496332716173,0
252,1086.26953125,424.825361189,180476.587509,0.39108651119,2872,-156,145483.02898,12,3704252.29361,105721.194806,251204.223786,0.726690910603,0
253,1187.421875,562.489306973,316394.220459,0.473706370765,3607,-29,267783.600892,7,10037298.7219,189685.354795,457468.955687,0.708353140982,0
254,1148.55078125,558.372759047,311780.138046,0.486154176344,3607,-29,253907.770808,7,8695000.92613,208967.215027,462874.985835,0.823004409682,0
255,1062.29296875,417.277200223,174120.261826,0.392808022361,2460,98,208017.60183,7,7418104.57048,71520.904233,279538.506063,0.343821405515,0
256,1025.41796875,278.360842964,77484.7588959,0.271460859325,2098,98,88320.4064724,8,1857278.05243,35633.9683546,123954.374827,0.403462458767,0
257,1017.2265625,283.284025837,80249.8392944,0.278486658017,2117,127,86781.7642644,11,1719768.42604,46782.4963464,133564.260611,0.539082107203,0
258,1064.578125,384.743179548,148027.314209,0.361404363394,2147,127,159176.138526,7,5200220.27664,73308.9115212,232485.050047,0.460552141798,0
259,1136.7109375,479.120771119,229556.713318,0.421497458424,2647,39,249581.747864,7,8168618.57316,115023.039976,364604.78784,0.460863187953,0
260,1149.76953125,556.030186211,309169.567978,0.483601427154,3931,39,282824.313003,8,6334120.37043,171840.408931,454664.721933,0.607587116915,0
261,1064.06640625,453.857407532,205986.546371,0.426531093234,3931,78,177176.661604,7,4808511.97627,91524.6849093,268701.346513,0.516573029883,0
262,952.96875,224.60169389,50445.9208984,0.235686315937,2029,225,44992.0475297,10,754938.453527,25815.4546768,70807.5022065,0.573778169569,0
263,861.02734375,87.1058714787,7587.43284607,0.101165046744,1098,578,4653.62634441,0,238664.770402,7264.67709979,11918.3034442,1.56107872918,0
264,836.3828125,102.710045539,10549.3534546,0.122802673613,1107,578,9486.55053342,11,253247.641046,7718.32301463,17204.873548,0.81360690458,0
265,794.07421875,125.739245158,15810.3577728,0.158346968317,1254,558,16231.59269,0,603665.945972,8305.00506225,24536.5977522,0.511656817718,0
266,721.5625,79.5187920007,6323.23828125,0.110203609529,1254,558,5528.13055674,11,101269.940548,4951.57608711,10479.7066438,0.895705344925,0
267,707.88671875,10.7212032258,114.944198608,0.0151453656945,735,676,28.2894891188,24,966.195923259,73.2059377215,101.49542684,2.58774336341,0
268,707.52734375,9.80310230587,96.1008148193,0.0138554394999,735,686,19.2336435205,23,326.628882516,47.8112472997,67.0448908202,2.4858133223,0
269,707.203125,8.898612405,79.1853027344,0.0125828239305,735,686,20.4262080374,12,344.08733276,25.4667337897,45.8929418271,1.2467675715,0
270,707.1875,8.33502586979,69.47265625,0.0117861611946,725,676,16.9291140774,1,251.649729643,15.3016139339,32.2307280112,0.903863832681,0
271,707.52734375,8.45757071028,71.5305023193,0.0119537015565,725,676,14.838091344,2,281.881194053,22.8343236278,37.6724149718,1.53889897955,0
272,708.2109375,8.30629688075,68.9945678711,0.0117285633996,735,686,11.9747852996,15,356.828043945,22.6462066229,34.6209919226,1.891157633,0
273,707.9921875,8.68592260297,75.4452514648,0.0122683876409,735,686,12.1678168791,7,374.984760717,24.266154826,36.4339717051,1.99428994265,0
274,707.359375,8.95495182061,80.1911621094,0.0126596919997,735,686,7.60141191501,28,425.912896149,36.2321079298,43.8335198448,4.76649711065,0
275,707.39453125,8.80011371192,77.4420013428,0.0124401777554,735,686,7.44869177275,28,345.724434594,31.2946010479,38.7432928206,4.20135535241,0
276,707.5,8.4525329044,71.4453125,0.0119470429744,725,686,10.3616178422,18,249.902907506,24.8301257762,35.1917436184,2.39635606662,0
277,707.26953125,8.85922946171,78.4859466553,0.0125259594402,745,686,11.8923971023,14,305.946697049,21.8916964518,33.7840935541,1.84081445175,0
278,707.55078125,9.05869313227,82.0599212646,0.0128028876122,745,686,9.48537872677,31,274.643418973,16.988861168,26.4742398948,1.79105775925,0
279,707.4296875,8.85665674238,78.4403686523,0.0125194869524,725,676,8.33885525789,25,202.709545632,22.3009508607,30.6398061186,2.67434200151,0
280,707.41015625,9.31856631143,86.8356781006,0.013172791243,725,676,19.1268346169,8,383.853284792,31.4142024175,50.5410370344,1.64241512236,0
281,706.984375,9.46414646756,89.5700683594,0.013386641632,725,676,23.0636812574,9,358.672866056,29.3462893542,52.4099706116,1.27240265882,0
282,706.64453125,8.62378894209,74.3697357178,0.0122038571881,725,676,15.0049579524,31,348.288657565,23.3176880655,38.3226460179,1.55399889419,0
283,706.84375,8.29197418818,68.7568359375,0.0117309860746,725,686,10.635014702,12,310.499864073,20.4502820749,31.085296777,1.92291996277,0
284,706.66796875,9.07537390409,82.362411499,0.0128424865784,725,676,11.7610262859,23,219.681196758,22.038807052,33.7998333379,1.87388468627,0
285,706.6875,9.09863485639,82.78515625,0.0128750471126,725,676,16.6211803029,23,470.62480869,31.4376731068,48.0588534097,1.89142242211,0
286,706.39453125,9.00285378881,81.0513763428,0.0127447954232,725,676,15.1609896571,29,507.405752314,30.3273652971,45.4883549542,2.00035525273,0
287,706.16796875,9.63387929388,92.811630249,0.0136424756152,725,676,19.3051874345,31,318.318238628,30.8197868657,50.1249743002,1.59645105598,0
288,704.69921875,18.8993882015,357.18687439,0.0268190849353,764,647,226.737347002,9,4437.26710211,300.336580047,527.073927049,1.32460127993,0
289,755.75390625,144.513130568,20884.0449066,0.19121717979,2156,352,12750.8668559,0,498444.822111,3516.58975628,16267.4566122,0.275792210523,0
290,969.26953125,392.464719764,154028.556259,0.40490772392,3107,9,148303.424967,0,3110422.23868,55616.0973403,203919.522307,0.375015596252,0
291,1122.2734375,519.100472194,269465.300232,0.462543667923,3107,9,189937.126521,7,7940187.58407,163451.794545,353388.921066,0.860557372531,0
292,1016.8125,435.556769226,189709.699219,0.428355049949,3058,-127,114091.078635,7,2724351.19548,120410.161254,234501.239889,1.05538629922,0
293,893.02734375,158.91832622,25255.0344086,0.17795460277,1509,-127,10938.2295407,11,307266.405613,31404.0913684,42342.3209091,2.87103971001,0
294,847.25,67.6888561729,4581.78125,0.0798924239279,1284,607,2231.29592329,12,51959.6446301,5008.52816521,7239.8240885,2.24467230586,0
295,825.49609375,28.269213329,799.148422241,0.034245120653,970,607,114.915088036,28,10567.6036127,926.572373258,1041.48746129,8.06310458529,0
296,823.35546875,9.0589761131,82.0650482178,0.0110025091919,843,794,15.8257693592,24,396.317359838,40.0402090155,55.8659783747,2.53006398025,0
297,823.1171875,8.90410815803,79.2831420898,0.0108175461444,843,803,12.2175119944,16,292.923251501,31.3740163139,43.5915283083,2.56795461535,0
298,821.7890625,9.50423618031,90.3305053711,0.0115652989484,843,803,12.876159105,16,367.289276469,27.8300365654,40.7061956704,2.16136165594,0
299,821.7109375,8.81108352424,77.6351928711,0.0107228504844,843,803,14.3360306381,4,229.661363337,22.435709592,36.77174023,1.56498755886,0
300,822.1796875,9.50487834758,90.3427124023,0.011560585225,843,803,19.9471537749,28,865.609105684,43.2130706502,63.1602244251,2.16637777689,0
301,821.05078125,9.67606983825,93.6263275146,0.011784983413,843,794,27.6416685616,29,472.139977327,49.4012134397,77.0428820013,1.78720084605,0
302,821.01171875,8.71173885748,75.8943939209,0.0106109799148,843,794,16.4869986699,30,324.380794607,32.4424607318,48.9294594016,1.96776025651,0
303,821.5546875,12.1660443151,148.012634277,0.0148085629602,931,764,8.30640928894,21,291.477537011,29.9207377268,38.2271470157,3.60212658514,0
304,821.20703125,12.3813158352,153.296981812,0.0150769725101,931,764,8.95660260815,20,327.176541787,26.6210511998,35.5776538079,2.97222645287,0
305,821.29296875,9.20195023142,84.6758880615,0.0112042238051,843,794,14.0418003836,3,260.859748822,26.3961896245,40.4379900081,1.87982943094,0
306,820.2421875,9.80253960537,96.0897827148,0.0119507869197,852,794,26.9398855789,6,339.816960699,33.953667337,60.8935529159,1.26034935217,0
307,820.5078125,9.95575845754,99.1171264648,0.0121336546781,852,794,24.2428692648,7,377.878126997,38.4934664763,62.7363357412,1.58782634415,0
308,821.5625,10.0103462103,100.20703125,0.0121845218231,843,794,13.374895399,27,541.281271232,48.9888673648,62.3637627638,3.66274770033,0
309,929.96875,356.754257979,127273.600586,0.383619619454,3196,245,77539.3834743,0,1965056.48455,64824.4294983,142363.812973,0.83601940838,0
310,1050.203125,501.415237094,251417.23999,0.477445957985,3196,176,201762.945297,8,6147398.04255,127614.686753,329377.63205,0.632498135698,0
311,1086.90234375,466.593558739,217709.549057,0.429287471338,2401,176,246497.231291,8,9334320.55373,111035.076421,357532.307712,0.450451617001,0
312,1098.71875,458.631625352,210342.967773,0.417424045373,3843,156,176918.529933,7,3052522.84627,115323.698405,292242.228338,0.651846352382,0
313,1008.4296875,403.075950186,162470.221619,0.399706548888,3843,156,92959.5126998,12,1524633.83248,98433.549159,191393.061859,1.05888624306,0
314,911.19140625,179.88826416,32359.7875824,0.197420940239,2735,284,10172.6638399,14,388572.695981,29272.9389832,39445.6028231,2.8776080134,0
315,866.75,77.6511630628,6029.703125,0.0895888815261,1107,568,4934.03227398,12,127275.593647,4473.90180724,9407.93408122,0.90674352311,0
316,833.125,35.2022060743,1239.1953125,0.0422532105919,1068,754,876.818336707,14,18356.8510512,1111.45965578,1988.27799249,1.26760539698,0
317,864.32421875,159.715862083,25509.156601,0.184786979953,1843,490,16663.6884068,0,365344.572245,12458.1998706,29121.8882774,0.74762558963,0
318,1030.30859375,437.948299875,191798.713364,0.425065172252,2980,107,172673.90585,8,3819658.74119,82857.406281,255531.312131,0.479849030304,0
319,1118.73828125,448.545520373,201193.083847,0.400938743128,2980,107,199145.842226,8,6921904.59075,105787.125934,304932.96816,0.531204291042,0
320,1085.9140625,435.623879614,189768.16449,0.401158705516,2588,-19,173438.525807,8,6012231.30734,121537.282369,294975.808176,0.700751357313,0
321,1026.6015625,423.532168197,179379.497498,0.412557494229,2882,-19,136236.130996,7,2675600.95673,119944.538039,256180.669035,0.880416503035,0
322,917.16015625,190.546668677,36308.0329437,0.207757246516,2882,166,10759.2557759,0,311962.208603,20751.364985,31510.6207609,1.92869891908,0
323,870.98046875,33.9556755165,1152.98789978,0.0389855762957,1000,784,1220.47941898,8,13808.2668684,762.42496397,1982.90438295,0.624693011708,0
324,867.87890625,11.9182184094,142.043930054,0.0137325821881,921,843,68.2384335098,0,1302.35396023,63.952413649,132.190847159,0.937190529731,0
325,863.89453125,9.24623072353,85.4927825928,0.010702962444,882,843,15.4777616636,22,343.33306694,29.4879884779,44.9657501415,1.90518429724,0
326,863.48046875,8.7918424423,77.2964935303,0.0101818660184,882,843,11.5296065641,26,505.15499961,29.9560298355,41.4856363996,2.59818317902,0
327,863.59765625,8.19097221072,67.0920257568,0.00948470870832,882,833,7.33616309496,26,212.203494702,28.9290821254,36.2652452204,3.94335318762,0
328,863.4296875,8.57474816845,73.5263061523,0.00993103236151,892,833,16.6498532989,9,330.079972573,23.1172591369,39.7671124358,1.38843620553,0
329,862.66796875,9.53135806163,90.846786499,0.0110486982326,892,843,19.781879825,20,478.811662647,27.8279712118,47.6098510368,1.40674048462,0
330,861.44140625,9.15515588466,83.8168792725,0.0106277174724,892,843,11.5098613145,20,332.150679086,31.6962228814,43.2060841959,2.75383186777,0
331,861.2421875,9.03313872443,81.5975952148,0.0104885000474,882,833,12.6648230576,24,566.54948775,42.6471361247,55.3119591822,3.36736928188,0
332,860.203125,9.86103393333,97.2399902344,0.0114636109155,892,833,18.4320075947,24,528.814202823,54.548640256,72.9806478507,2.95945191947,0
333,859.921875,9.14988846841,83.7204589844,0.0106403717994,892,833,14.9020618756,17,373.93553223,36.1288077813,51.0308696569,2.42441670708,0
334,865.79296875,33.2604557893,1106.25791931,0.0384161768342,1000,696,1178.47929352,3,14206.7427883,668.561886027,1847.04117955,0.567308980059,0
335,842.90625,66.9341371121,4480.17871094,0.0794087564448,1000,676,5158.81824086,0,207697.93298,1850.62838815,7009.44662901,0.35873107013,0
336,795.44140625,55.5903375531,3090.28562927,0.0698861501505,1000,676,4229.02129422,0,85962.4153031,1051.36361343,5280.38490765,0.248606838388,0
337,776.2578125,9.05214589006,81.9413452148,0.0116612622048,803,754,8.83841978889,18,716.822475012,43.5142029048,52.3526226937,4.92330121721,0
338,775.20703125,9.8325883831,96.6797943115,0.0126838224974,803,745,10.5246320633,26,526.470963557,46.2578877242,56.7825197875,4.39520236395,0
339,774.390625,10.2016652861,104.073974609,0.0131737975083,803,745,16.8304682046,23,715.664483973,44.1430514883,60.9735196929,2.62280591079,0
340,775.16796875,9.72106631235,94.499130249,0.0125405933994,803,754,12.4188625273,22,587.131706058,39.1785681346,51.5974306619,3.15476301058,0
341,774.31640625,9.80221815891,96.083480835,0.0126591895507,803,745,14.7442360042,6,354.34180658,41.6377817087,56.3820177128,2.82400401736,0
342,773.7265625,10.0048541685,100.097106934,0.0129307363265,813,745,16.2202805265,16,411.760350317,41.6348766629,57.8551571894,2.56684072725,0
343,774.109375,9.26159271451,85.7770996094,0.0119641913838,813,754,12.9838715858,20,343.421965564,37.5989966034,50.5828681892,2.89582320305,0
344,773.80859375,8.71233435409,75.9047698975,0.0112590302362,794,745,12.5451456422,21,319.09159241,29.2486245198,41.793770162,2.33146950653,0
345,773.41796875,9.30269562407,86.540145874,0.0120280314137,794,745,19.3358277997,30,436.221010937,25.7780805943,45.113908394,1.33317698427,0
346,773.2265625,9.94690187614,98.9408569336,0.0128641492139,794,745,22.9828125422,23,446.547231611,25.5462683219,48.5290808642,1.11153794928,0
347,772.640625,9.25104248771,85.5817871094,0.0119732799291,794,745,16.0845155534,23,564.802543957,26.8101070457,42.8946225991,1.66682713923,0
348,772.16796875,8.92279764138,79.616317749,0.0115555138292,794,745,14.2804780667,10,359.118440719,30.0137544636,44.2942325303,2.10173317192,0
349,773.37890625,9.69097641127,93.9150238037,0.0125306965744,794,745,17.6406000818,29,457.826043045,36.6110641457,54.2516642275,2.07538655011,0
350,773.609375,9.00541015775,81.0974121094,0.0116407717496,794,754,16.1653571148,31,307.984645399,38.7977084792,54.963065594,2.40005266841,0
351,772.7109375,8.65046272584,74.8305053711,0.0111949531267,803,745,14.8980915097,18,233.642174809,30.2975679446,45.1956594543,2.03365430565,0
352,772.40234375,8.6759272275,75.2717132568,0.01123239371,803,745,12.3728999039,21,371.999354647,27.8695316494,40.2424315533,2.25246561969,0
353,771.94140625,8.80299156665,77.4926605225,0.0114037043425,794,745,11.900163733,3,283.993003959,31.4540478838,43.3542116169,2.6431609337,0
354,771.8203125,9.02811026197,81.5067749023,0.0116971659281,794,745,9.82564727519,23,527.202504326,33.7929491771,43.6185964522,3.43925934146,0
355,771.9609375,8.61902179027,74.2875366211,0.0111651009417,803,754,8.90328082812,22,423.881790812,29.0007955301,37.9040763582,3.25731559972,0
356,772.07421875,8.8771101901,78.8030853271,0.0114977420234,803,754,13.8924754742,26,244.395527734,28.0044938965,41.8969693708,2.01580301139,0
357,771.42578125,9.16996409901,84.0882415771,0.0118870334929,803,745,21.3889751041,3,444.410642482,29.4569608755,50.8459359796,1.37720300913,0
358,771.00390625,9.10550058982,82.9101409912,0.0118099279602,794,745,18.9321134719,14,444.839413267,28.8937614057,47.8258748776,1.52617727802,0
359,771.2265625,8.92959864348,79.7377319336,0.0115784376183,803,745,13.9136897139,23,401.88140071,23.6402460166,37.5539357306,1.69906376401,0
360,771.3125,9.55964009521,91.38671875,0.0123939908859,803,735,13.9940656645,21,357.043740435,31.0556589686,45.0497246332,2.21920203271,0
361,772.33203125,9.64016203178,92.932723999,0.012481888154,794,735,11.5742577904,27,340.635495256,37.579845313,49.1541031034,3.24684709754,0
362,772.046875,9.10516626616,82.9040527344,0.0117935407305,794,754,9.78459037838,26,279.892669277,28.7259989976,38.510589376,2.93584073393,0
363,770.91796875,9.439212871,89.098739624,0.0122441209748,794,745,11.2342465828,25,497.288230896,33.4471945153,44.6814410981,2.97725301549,0
364,771.234375,9.35914023078,87.5935058594,0.0121352737043,794,745,14.9713070706,25,343.024779417,39.5819930034,54.553300074,2.64385686679,0
365,771.34375,8.76689217668,76.8583984375,0.0113657395638,803,745,9.08254574741,28,358.087247648,35.2187641347,44.3013098821,3.87763135075,0
366,771.53125,9.01858974217,81.3349609375,0.0116892086253,803,754,9.92444382699,27,681.245002055,37.6485028712,47.5729466982,3.79351261668,0
367,771.41796875,9.40293283364,88.415145874,0.0121891545369,803,754,15.7781718656,15,434.079769537,37.617556481,53.3957283466,2.38415177635,0
368,770.34375,10.6733733392,113.920898438,0.0138553383982,813,735,38.6879931105,6,477.402243119,48.9233179311,87.6113110417,1.26456075898,0
369,770.5,10.0487094943,100.9765625,0.013041803367,813,735,35.0065780517,1,632.52807116,39.7194769325,74.7260549842,1.13462895099,0
370,772.359375,8.07942446028,65.2770996094,0.0104607061451,794,754,8.25787156832,31,267.627728016,18.2280354244,26.4859069927,2.20735273897,0
371,773.265625,8.97999893426,80.6403808594,0.011613084358,794,745,21.5374699948,23,314.775351044,31.4914193917,53.0288893865,1.46216892695,0
372,774.12890625,10.193584474,103.909164429,0.0131678127399,803,745,25.932033053,22,689.411704137,53.0167487102,78.9487817632,2.04445014403,0
373,773.66015625,10.4909621806,110.060287476,0.0135601686295,803,745,17.342168927,22,416.426860863,48.0022926474,65.3444615744,2.76795208543,0
374,772.2890625,9.54688458981,91.1430053711,0.0123618021456,794,745,20.5970464858,22,342.09021401,28.6563366083,49.2533830941,1.39128377596,0
375,772.12109375,8.6234704472,74.3642425537,0.0111685466399,803,754,17.9474694885,4,327.217430065,22.6100203479,40.5574898364,1.25978876089,0
376,772.62890625,8.82993534397,77.9677581787,0.0114284299649,803,754,13.3670716621,25,342.083534869,27.7089941794,41.0760658415,2.07292927576,0
377,772.94921875,9.2614666773,85.7747650146,0.0119819859476,794,745,20.2393033713,26,508.380972984,35.9789502318,56.2182536031,1.77767730301,0
378,772.40234375,9.72021865787,94.4826507568,0.0125843981916,794,745,16.1023936326,20,619.809623087,38.0576658494,54.160059482,2.36347879189,0
379,772.21484375,10.3246488276,106.598373413,0.0133701765916,803,745,15.7389232376,24,589.330709167,57.5671251997,73.3060484373,3.65762792857,0
380,772.328125,10.5753319799,111.837646484,0.0136927966722,803,745,18.4367994288,24,1473.65358703,76.1500932062,94.586892635,4.13033148733,0
381,771.53515625,9.85949803682,97.2097015381,0.0127790651624,803,754,20.500528276,20,826.45558431,49.1288814133,69.6294096894,2.39646904469,0
382,770.8359375,9.04353821776,81.7855834961,0.0117321180524,794,754,21.1841114178,10,384.696615578,28.6544746576,49.8385860754,1.35263991453,0
383,770.8828125,9.51447999577,90.5253295898,0.0123423169404,794,735,20.6856288274,22,385.228666379,44.9944658846,65.680094712,2.1751558176,0
384,771.203125,10.1822144072,103.677490234,0.0132030253472,794,735,11.9070702123,24,733.252487902,77.1523691199,89.0594393322,6.47954263679,0
385,770.65234375,9.98711251473,99.7424163818,0.012959296881,794,735,11.9448843199,25,1018.59848053,71.9115570304,83.8564413503,6.02028074147,0
386,770.64453125,9.10842937711,82.9634857178,0.0118192357277,794,735,11.0766677232,20,661.37549765,41.1986474323,52.2753151555,3.71940808027,0
387,772.359375,10.1536895811,103.097412109,0.013146327875,803,745,14.3951154272,21,921.04478799,77.7697478283,92.1648632555,5.40250949855,0
388,821.65625,124.656273502,15539.1865234,0.151713412394,1558,627,14592.2948903,0,485769.65477,7189.08367431,21781.3785646,0.492662992927,0
389,955.875,242.369520309,58742.984375,0.253557756306,1696,323,71178.2638876,7,1087850.54375,20014.7969497,91193.0608373,0.281192541888,0
390,1080.29296875,390.093613701,152173.027451,0.361099835865,2558,245,190740.247082,7,4761225.29789,51276.2324554,242016.479537,0.268827545523,0
391,1156.42578125,583.877657983,340913.119492,0.504898513549,2911,127,399190.203695,7,12382656.7478,134103.747929,533293.951625,0.335939476188,0
392,1101.87890625,507.55488945,257611.965805,0.460626740898,2911,127,263102.002629,7,7477596.82423,111641.414391,374743.41702,0.424327497607,0
393,1009.95703125,148.743809316,22124.7208099,0.147277364001,2078,166,12353.03319,12,211629.015038,17454.8819348,29807.9151249,1.4130037268,0
394,1008.78125,53.4130335072,2852.95214844,0.052948083152,1372,696,1434.6570353,8,16336.2161687,2115.01991051,3549.67694581,1.47423381231,0
395,1093.875,383.48448673,147060.351562,0.350574322231,2539,205,118381.557541,8,1890400.03435,95419.283997,213800.841538,0.806031665569,0
396,1119.09375,493.910724434,243947.803711,0.441348836444,2539,107,201976.297778,8,4446479.66581,161858.209355,363834.507133,0.801372295341,0
397,1033.49609375,337.567227078,113951.632797,0.32662651472,2392,107,119588.911381,8,1862298.53525,59269.5012099,178858.412591,0.495610341508,0
398,1006.30859375,135.507071729,18362.1664886,0.134657571813,1705,725,13829.8383167,9,366060.583469,9756.44226222,23586.280579,0.705463219364,0
399,1001.53515625,213.56188436,45608.6784515,0.21323453603,2147,225,17703.4755155,10,552318.447306,24250.6298574,41954.1053729,1.36982310825,1
400,985.22265625,320.610247642,102790.930893,0.325419077209,2294,-176,38066.3759445,9,1221153.13306,54506.6059472,92572.9818917,1.4318832459,1
401,975.92578125,317.783581464,100986.404648,0.325622693415,2294,-176,43807.6495948,9,1234501.29854,60061.6827503,103869.332345,1.37103184731,1
402,990.46484375,226.982031258,51520.842514,0.229167176089,2196,-176,32215.9535469,4,593100.085144,36428.3790573,68644.3326042,1.13075588479,1
403,1029.640625,260.639125348,67932.7536621,0.253136015634,2450,196,60782.5075066,7,1399087.62566,37785.0895027,98567.5970093,0.6216441383,1
404,1077.01953125,399.470738243,159576.870712,0.370903894175,2833,166,156933.711795,7,5304831.72513,78751.0133986,235684.725194,0.501810684893,0
405,1093.62109375,461.163365196,212671.649399,0.421684775313,2833,137,245629.814977,7,9937863.19268,78421.3336068,324051.148584,0.319266346449,0
406,1084.51171875,425.675639264,181199.749863,0.392504416416,2294,137,203514.089809,7,6593894.04539,81167.2436416,284681.333451,0.398828620258,0
407,1094.98828125,415.467032785,172612.855331,0.379426008387,2294,49,156243.974274,12,4080500.08992,121080.045014,277324.019288,0.774942173465,0
408,1057.6796875,385.473763569,148590.0224,0.364452270498,2098,49,113996.167739,12,3056157.42284,109800.141888,223796.309627,0.963191518328,0
409,1008.1875,281.463870073,79221.9101562,0.279178099384,2068,196,54709.8376918,10,1951850.20932,51340.7645648,106050.602257,0.938419244708,0
410,1014.0078125,292.620768233,85626.9140015,0.288578415892,2372,176,50791.7213642,10,1111718.34438,51638.8772005,102430.598565,1.01667901409,0
411,996.546875,273.579080757,74845.5134277,0.274527057001,2372,176,33538.534529,11,817941.933478,39452.7368744,72991.2714033,1.17634051185,0
412,991.7734375,197.475817936,38996.6986694,0.199113840388,2480,401,14626.1066677,11,431509.868941,20157.9091777,34784.0158454,1.37821428734,0
413,1010.48828125,235.840749739,55620.8592377,0.233392859784,2509,-107,16491.6414317,28,404660.711224,31284.5450954,47776.1865271,1.89699401512,1
414,998.41015625,314.274312489,98768.3434906,0.314774755166,2509,-186,28176.7251373,7,1053457.97476,47381.5761485,75558.3012858,1.68158563203,1
415,978.44921875,323.064267382,104370.520859,0.330179902228,2294,-186,41287.6095585,31,1183253.64838,60473.7677474,101761.377306,1.46469530191,1
416,988.10546875,230.107126482,52949.2896576,0.23287709031,1970,-137,27633.0593983,21,427989.85055,40133.0146824,67766.0740807,1.45235509771,1
417,998.46484375,217.732451966,47407.420639,0.21806721922,1637,303,44139.2484772,9,672014.848572,24794.0235465,68933.2720236,0.561722829497,1
418,1048.140625,361.177019756,130448.8396,0.344588322541,2235,-29,138456.506807,7,3400731.78396,57818.398959,196274.905766,0.417592501013,1
419,1092.7890625,451.940739553,204250.432068,0.41356630942,2401,-29,257830.663453,7,8288662.58226,77580.6549982,335411.318451,0.300897705336,0
420,1090.88671875,457.6492999,209442.881699,0.419520461688,2401,88,254379.757953,7,7434558.44091,93338.160053,347717.918006,0.366924478598,0
421,1058.08203125,412.000072424,169744.059677,0.38938386652,2176,-274,125488.878643,8,3849799.77717,130652.276994,256141.155637,1.04114626257,0
422,1007.60546875,356.355659509,126989.356064,0.353665864826,2117,-274,54930.9954167,18,2102698.83075,91452.7800133,146383.77543,1.664866608,0
423,1022.69140625,372.797786912,138978.189926,0.364526175377,2401,-166,89817.1062524,11,1538020.19789,89765.7000702,179582.806323,0.999427657109,0
424,1037.9765625,387.592538645,150227.976013,0.373411647862,2735,-333,85035.4052517,11,1619047.66735,115313.565377,200348.970629,1.35606533579,0
425,998.09765625,333.495821742,111219.46312,0.334131454627,2735,-372,31321.0319991,31,859690.731823,85304.7388239,116625.770823,2.7235609231,0
426,985.30859375,217.640926157,47367.5727386,0.220886052895,2352,-372,15507.6552688,31,275708.402366,25013.1120364,40520.7673052,1.61295254523,0
427,996.859375,90.5275540215,8195.23803711,0.0908127628548,1509,794,6524.92554967,7,110658.189727,4816.14673512,11341.0722848,0.738115201232,0
428,997.43359375,95.7199053369,9162.30027771,0.0959661935759,1343,745,9869.58486208,7,321068.778791,3603.40152629,13472.9863884,0.36510163058,0
429,999.18359375,169.111214921,28598.6030121,0.169249391182,1745,107,14487.4682801,4,195495.491151,16591.8265101,31079.2947901,1.14525369025,0
430,1011.3203125,240.268028512,57728.7255249,0.237578564914,1950,68,20950.2712258,5,527273.348805,34897.4166457,55847.6878716,1.6657262462,0
431,996.87890625,310.054803914,96133.9814301,0.311025543795,2205,-235,32538.5962253,6,876763.18554,57022.8895185,89561.4857437,1.75246925601,0
432,979.88671875,327.335667948,107148.639511,0.334054602113,2725,-235,34777.1938477,6,1720095.29392,60887.4592674,95664.6531151,1.750787011,0
433,993.7421875,279.711227935,78238.3710327,0.281472630883,2725,-78,29198.2234106,6,669669.701315,45551.5072507,74749.7306613,1.56007804345,0
434,983.3359375,222.030307522,49297.4574585,0.225792935105,2186,127,24886.0811114,4,399154.770865,26081.5205687,50967.6016801,1.04803646874,0
435,986.2578125,132.840761469,17646.6679077,0.134691720345,1549,352,12034.1195824,4,248053.124479,8308.7063623,20342.8259447,0.690429100807,0
436,1002.18359375,23.2799178389,541.954574585,0.0232291947145,1196,931,229.483538352,14,2860.84691025,392.980011246,622.463549598,1.71245403513,0
437,1003.7421875,10.164080515,103.308532715,0.0101261864267,1029,970,51.6707060309,1,1719.70112106,33.0155746834,84.6862807144,0.638961168127,0
438,1010.484375,136.256392303,18565.8044434,0.13484265138,1490,254,21292.493305,8,252832.784547,9011.30313317,30303.7964381,0.423215027198,0
439,1041.7578125,320.31059746,102598.878845,0.307471269826,2245,98,135222.74048,7,3738515.7223,29648.7205619,164871.461042,0.219258391426,0
440,1078.64453125,423.4778747,179333.510361,0.392601883597,2578,88,210485.036163,7,7877069.08527,60719.9378685,271204.974031,0.288476268791,0
441,1070.86328125,404.765133552,163834.813339,0.377980215252,2578,88,195582.366115,7,7937967.98428,55456.3042663,251038.670381,0.283544500293,0
442,1058.9140625,395.692925199,156572.891052,0.37367803414,2294,147,217521.132449,7,7851172.99199,52559.0526566,270080.185106,0.241627340134,0
443,1067.3203125,419.284797184,175799.74115,0.392838768525,2529,147,228974.721787,7,7269030.72415,57847.1376003,286821.859387,0.252635474994,0
444,1076.734375,406.879963187,165551.304443,0.377883322604,2529,-58,200937.607488,7,3647568.5308,65110.7765936,266048.384081,0.324034795714,0
445,1043.73828125,314.994515483,99221.5447845,0.301794540971,2019,-58,115185.630808,8,3682447.26165,45023.9986539,160209.629461,0.390882077376,0
446,994.14453125,160.729023373,25833.8189545,0.161675710443,1617,352,25503.7346982,9,388505.658507,16864.0129497,42367.7476479,0.661236997218,0
447,992.6953125,109.504748655,11991.289978,0.110310532624,1539,686,8549.97062261,8,216205.699954,8129.32237872,16679.2930013,0.950801205938,0
448,1006.29296875,174.786175478,30550.2071381,0.173693130038,1764,-68,10445.5885555,13,198850.062352,16890.0123555,27335.600911,1.61695171754,1
449,1000.90625,202.801066222,41128.2724609,0.202617444164,1764,-68,13607.2156377,6,353427.661918,30955.4715204,44562.6871581,2.27493062097,1
450,986.0,166.513489506,27726.7421875,0.168877778404,1539,245,14607.9265214,14,356668.57395,27325.8906037,41933.8171251,1.87062075947,1
451,998.3671875,190.332372571,36226.4120483,0.190643657918,1637,362,30679.0253004,3,607090.10316,22929.3315464,53608.3568467,0.747394394766,1
452,1009.16015625,228.335694086,52137.1891937,0.226263088839,1892,362,45364.1235467,8,836430.38006,26066.1960435,71430.3195901,0.574599353091,0
453,1002.11328125,202.082282465,40837.2488861,0.201656126354,2029,441,27644.2913964,9,805269.448946,20215.2118917,47859.503288,0.731261713379,0
454,1005.26171875,187.476826327,35147.5604095,0.186495539251,2029,107,11226.9649242,25,266070.732308,19128.7831995,30355.7481236,1.70382497217,0
455,1002.796875,229.917592553,52862.0993652,0.229276335302,1941,107,23315.7006539,5,461417.337576,28908.3476294,52224.0482832,1.23986613392,0
456,1010.2109375,239.581541193,57399.3148804,0.237159916112,1921,107,32403.2624734,8,838769.942283,37160.3063825,69563.5688559,1.14680756029,0
457,1033.78515625,286.545461486,82108.3014984,0.27718086273,1941,225,80727.4870545,9,3039425.27331,37199.2454832,117926.732538,0.460800240916,0
458,1070.2421875,389.629356049,151811.035095,0.364057183131,2617,186,166224.120414,7,4750597.74465,67309.8470285,233533.967442,0.4049342951,0
459,1091.73046875,449.877363508,202389.642197,0.412077317969,2617,186,223238.291475,7,10270444.8571,76671.090392,299909.381867,0.343449548397,0
460,1089.07421875,464.587458085,215841.50621,0.426589345416,2558,186,273895.582475,7,9725483.62517,56426.2062542,330321.788729,0.206013568179,0
461,1086.12109375,445.89672311,198823.88768,0.410540524142,2558,166,263440.3696,7,5264532.88158,62360.1863771,325800.555977,0.236714617702,0
462,1069.53515625,409.404510786,167612.053452,0.382787333724,2274,166,217628.323309,7,7733475.15395,58710.966864,276339.290173,0.269776313907,0
463,1020.44921875,311.014326814,96729.9114838,0.304781777574,2127,176,119868.950782,8,2005099.79499,32405.1505391,152274.101321,0.270338151187,0
464,989.16015625,158.243513315,25041.0095062,0.159977646001,1705,431,16904.8317741,10,347620.688232,13543.1195147,30447.9512888,0.801138969947,0
465,1001.44921875,191.762460276,36772.8411713,0.191484956687,2372,107,11575.5306875,12,396426.375671,25538.0947217,37113.6254092,2.20621372887,0
466,1003.89453125,197.475395544,38996.5318451,0.196709305008,2372,107,13161.1478408,11,279598.796763,21011.8922101,34173.0400509,1.5965090936,0
467,998.125,131.56343527,17308.9375,0.131810580108,2107,637,13664.2930221,7,206012.428465,7678.10195292,21342.394975,0.561909931271,0
468,1030.96875,338.121324784,114326.030273,0.327964668942,2686,-58,127460.826439,9,2067451.50205,70742.4970373,198203.323477,0.555013638414,0
469,1047.20703125,378.00221161,142885.671982,0.360962255151,2686,-58,133068.350302,9,3208330.75852,82293.2964034,215361.646705,0.618428771504,0
470,1011.92578125,253.066409807,64042.6077728,0.250083963169,2686,78,28992.6169254,5,385755.577808,32615.3733177,61607.9902431,1.12495444622,0
471,993.140625,238.770589242,57011.3942871,0.240419718247,2019,19,24119.2746148,5,563026.428091,33772.0045978,57891.2792126,1.40020813798,0
472,990.171875,217.803886464,47438.532959,0.219965737226,1990,19,21928.7941219,5,816530.522874,22371.7049861,44300.4991079,1.02019768446,0
473,989.75,183.376555038,33626.9609375,0.185275630248,1735,156,18269.8229107,5,716481.185644,23075.7018942,41345.5248049,1.26305011312,0
474,989.3828125,199.271510017,39709.1347046,0.201409916869,1676,156,20495.8067833,17,531416.795475,31286.0116184,51781.8184018,1.52645914109,0
475,991.83203125,175.923897979,30949.2178802,0.177372672425,1676,294,16085.8001952,17,297443.779657,24843.7917255,40929.5919207,1.544454825,0
476,998.13671875,124.641583257,15535.5242767,0.124874259122,1431,676,11434.2253929,9,321573.370157,12044.2657967,23478.4911896,1.05335214086,0
477,998.953125,142.269487866,20240.6071777,0.14241858232,1794,245,10327.4302701,8,259975.530024,14495.1827243,24822.6129944,1.40356142285,0
478,994.12890625,179.874052574,32354.6747894,0.180936346829,1794,39,13184.1493694,11,283610.302245,15893.1324386,29077.281808,1.20547272283,0
479,1016.6484375,233.617127671,54576.9623413,0.229791458929,1941,39,44822.1275756,8,668738.597485,25853.1253153,70675.2528909,0.576793800601,0
480,1059.81640625,333.802982517,111424.431137,0.314963026189,2235,264,133766.023461,7,3676432.76121,34666.9828213,168433.006282,0.259161346987,0
481,1093.36328125,418.047457378,174763.67662,0.382350006212,2264,215,198601.491235,7,8906189.48842,67976.4574833,266577.948718,0.342275665005,0
482,1117.5,456.508060581,208399.609375,0.408508331616,2362,107,234953.687822,7,9364744.53086,92102.8030984,327056.490921,0.392004075152,0
483,1108.82421875,441.096180209,194565.840195,0.397805326354,2362,107,240148.528607,7,9977085.33183,59859.1459039,300007.674511,0.249258849309,0
484,1074.4921875,420.664986883,176959.031189,0.391501205664,2666,98,193422.530352,7,2705452.3168,77645.7914723,271068.321825,0.401430957039,0
485,994.91796875,354.385059807,125588.770615,0.356195255225,2666,98,118896.092004,9,3146949.57767,58165.5811208,177061.673125,0.489213565733,0
486,869.1875,183.285584454,33593.6054688,0.210870018787,2500,186,24183.2415429,0,581528.949013,12566.1518879,36749.3934308,0.519622312238,0
487,842.84375,83.9447304685,7046.71777344,0.0995970255086,1166,617,6151.24049082,0,318545.25893,4261.90215889,10413.1426497,0.69285246858,0
488,887.76953125,69.1524979875,4782.06797791,0.0778946512054,1166,617,4248.60324755,0,66433.81177,3619.03938118,7867.64262873,0.851818626103,0
489,884.01171875,31.0216006425,962.339706421,0.0350918432239,1039,823,1137.42901304,0,19396.561329,315.657079699,1453.08609274,0.27751804823,0
490,867.43359375,12.2437597457,149.90965271,0.0141149245705,911,823,46.2246784986,0,1303.73710358,63.9531154866,110.177793985,1.38352753472,0
491,862.390625,8.89411179429,79.1052246094,0.0103133215233,882,833,11.480721701,0,308.493850086,27.5009233115,38.9816450125,2.39540022201,0
492,860.84765625,9.25233471248,85.6056976318,0.0107479350676,882,833,14.1227509179,22,276.149434356,26.4445866304,40.5673375483,1.87248127395,0
493,860.359375,9.2809737964,86.1364746094,0.0107873222122,882,833,15.3077331554,20,305.946647568,26.2449411505,41.552674306,1.71448906798,0
494,859.52734375,9.50366060102,90.3195648193,0.0110568449859,882,833,13.5070683001,23,385.67052923,37.9316228781,51.4386911782,2.80827949007,0
495,858.73046875,9.03690401384,81.6656341553,0.0105235627973,882,833,7.45135752621,23,455.105344112,35.9391672008,43.390524727,4.82317041886,0
496,858.28125,8.82285517491,77.8427734375,0.0102796783396,882,833,16.5587171461,5,418.9430209,26.5937666803,43.1524838263,1.60602819927,0
497,857.984375,9.38414918143,88.0622558594,0.0109374359894,882,833,20.8099424434,5,585.994661971,32.0244026048,52.8343450482,1.53889914362,0
498,857.68359375,9.0345195409,81.622543335,0.01053362756,882,833,19.5959412302,17,299.192199049,22.5486451884,42.1445864187,1.15067936383,0
499,857.5,8.95387485952,80.171875,0.0104418365709,882,843,20.8708144264,1,290.950383351,23.6792526388,44.5500670652,1.13456294302,0
500,857.34375,8.82506860809,77.8818359375,0.0102935008368,882,833,21.7258200824,29,446.574980007,27.524047873,49.2498679554,1.26688188379,0
501,856.3515625,9.05848173308,82.0560913086,0.0105779940503,882,833,33.6987855081,6,467.050905935,19.9403040627,53.6390895708,0.591721741956,0
502,855.93359375,8.96082426231,80.29637146,0.0104690648057,882,833,23.401834199,5,456.067634345,23.4617202577,46.8635544567,1.00255903269,0
503,857.421875,8.72371890219,76.1032714844,0.0101743600864,882,833,9.18172450268,15,282.81811274,23.3954645638,32.5771890665,2.54804688999,0
504,856.85546875,9.12535366261,83.2720794678,0.010649816679,882,833,14.428446977,19,304.943620778,29.3634530127,43.7918999897,2.03510835639,0
505,854.99609375,9.07197696157,82.3007659912,0.0106105478468,882,833,14.2358805727,19,487.392922038,37.5965790497,51.8324596224,2.64097319851,0
