,0,1,2,3,4,5,6,7,8,9,10,11
0,1033.4921875,46.8592467019,2195.78900146,1097.27248643,1313,813,1097.27248643,1398.58059629,1461.06582268,2859.64641898,1.04467760139,0
1,1034.2734375,46.7527096213,2185.81585693,1092.22921424,1313,813,1092.22921424,1389.97131281,1462.53132317,2852.50263598,1.05220252368,0
2,1034.5078125,46.7674593223,2187.19525146,1092.9792418,1313,813,1092.9792418,1391.13479106,1461.94345702,2853.07824807,1.05089993178,0
3,1034.6640625,46.7487929897,2185.449646,1092.07378199,1313,813,1092.07378199,1389.23093937,1459.9524034,2849.18334277,1.05090691693,0
4,1034.78125,46.7469814366,2185.28027344,1091.87505729,1313,813,1091.87505729,1391.18541032,1471.30640121,2862.49181153,1.05759188552,0
5,1034.6640625,46.782204373,2188.574646,1093.67037491,1313,813,1093.67037491,1376.25835658,1476.90643428,2853.16479087,1.07313167416,0
6,1037.72265625,31.9041110077,1017.87229919,508.05285143,1313,901,508.05285143,456.655884451,409.281395337,865.937279788,0.896257793392,0
7,1033.08984375,10.185953409,103.753646851,51.5709262555,1078,1009,51.5709262555,12.5842005062,50.0451466115,62.6293471178,3.97682368353,0
8,1032.703125,9.24312191494,85.4353027344,42.2932692559,1058,1009,42.2932692559,13.0956421732,28.3355459889,41.4311881621,2.16373856388,0
9,1032.390625,9.48661423319,89.9958496094,44.7862263528,1058,1009,44.7862263528,14.4155527666,25.7618018096,40.1773545761,1.78708386884,0
10,1031.61328125,9.83749103473,96.7762298584,48.1269846276,1058,1000,48.1269846276,18.4679201261,35.6932612345,54.1611813606,1.93271689452,0
11,1030.91015625,9.91938868331,98.3942718506,48.978646825,1058,1000,48.978646825,16.9655635635,35.0624734561,52.0280370196,2.06668486578,0
12,1030.28515625,9.5402485378,91.0163421631,45.2886247953,1058,1000,45.2886247953,14.4305804129,27.9206668259,42.3512472388,1.93482632209,0
13,1030.28515625,9.4992153446,90.2350921631,44.8717449916,1058,1000,44.8717449916,11.5591493575,29.1022955678,40.6614449254,2.51768488041,0
14,1030.0546875,9.62119128681,92.5673217773,45.9240464937,1058,1000,45.9240464937,9.65137096966,27.4785002446,37.1298712142,2.84710849173,0
15,1030.44921875,9.51670813699,90.5677337646,45.1595337638,1058,1000,45.1595337638,10.0426123661,24.9633408342,35.0059532003,2.48574174968,0
16,1030.375,9.74238484664,94.9140625,47.4009932118,1049,1000,47.4009932118,10.7902354807,31.0022278771,41.7924633578,2.87317435588,0
17,1030.33203125,9.75656376492,95.190536499,47.5742497245,1058,1000,47.5742497245,9.62253341497,28.6275798985,38.2501133135,2.9750564289,0
18,1030.5234375,9.51722520925,90.5775756836,45.2296465586,1058,1000,45.2296465586,11.7225109671,21.8872209275,33.6097318947,1.8671102965,0
19,1030.8359375,9.50310586051,90.3090209961,45.1243817802,1058,1000,45.1243817802,10.4130552892,25.463382433,35.8764377222,2.44533249136,0
20,1031.265625,9.47198531773,89.7185058594,44.8216703755,1058,1000,44.8216703755,9.95304753107,22.5594962066,32.5125437377,2.2665918289,0
21,1031.03125,9.27567172433,86.0380859375,42.9493791496,1058,1000,42.9493791496,10.5905824081,18.4312893051,29.0218717131,1.74034709282,0
22,1031.4609375,9.19230515818,84.4984741211,41.6464993205,1058,1000,41.6464993205,10.9879716492,17.4303423919,28.4183140411,1.58631119086,0
23,1032.9609375,13.0736509484,170.920349121,84.3761538131,1107,1000,84.3761538131,66.7744544752,107.14317044,173.917624916,1.60455328737,0
24,1032.30078125,35.616108531,1268.50718689,633.655069681,1235,813,633.655069681,566.646423999,957.548383911,1524.19480791,1.6898516312,0
25,1032.921875,35.7361444687,1277.07202148,637.710827846,1235,813,637.710827846,572.210106589,973.324220279,1545.53432687,1.70099096306,0
26,1033.078125,35.6858273196,1273.47827148,635.841733646,1235,813,635.841733646,577.864670951,975.344605912,1553.20927686,1.68784259523,0
27,1033.234375,35.6895214784,1273.74194336,635.822943555,1235,813,635.822943555,576.926125361,973.038038672,1549.96416403,1.68659035516,0
28,1032.4921875,35.7752306277,1279.86712646,638.937061837,1235,813,638.937061837,581.082732119,973.738079006,1554.82081113,1.67573053746,0
29,1032.06640625,35.8927368552,1288.28855896,643.349091039,1235,813,643.349091039,587.077900856,972.542740839,1559.6206417,1.65658209825,0
30,1031.25,35.9879537137,1295.1328125,647.145823391,1235,813,647.145823391,583.281145591,973.817672252,1557.09881784,1.66955108975,0
31,1029.70703125,34.6686901333,1201.91807556,599.637257407,1235,813,599.637257407,456.006546695,986.167120476,1442.17366717,2.1626161458,0
32,1030.328125,10.0995895453,102.001708984,50.5386505166,1058,1000,50.5386505166,31.4588421901,18.9271309095,50.3859730996,0.6016474095,0
33,1029.5546875,9.27092952607,85.9501342773,42.4546381978,1049,1000,42.4546381978,18.5697176303,16.5434154749,35.1131331052,0.890881369562,0
34,1029.7109375,9.63242598576,92.7836303711,45.8709403485,1049,1000,45.8709403485,17.648206612,18.6687848334,36.3169914454,1.0578290046,0
35,1030.63671875,10.4991098662,110.231307983,54.6129216976,1058,1000,54.6129216976,43.0241291332,20.388490491,63.4126196241,0.473885024561,0
36,1029.44140625,46.6680900538,2177.91062927,1072.49982206,1323,656,1072.49982206,894.152233336,1256.96440351,2151.11663685,1.40576107362,0
37,1030.24609375,47.3627744818,2243.23240662,1108.15509571,1323,656,1108.15509571,952.474899449,1373.43213028,2325.90702973,1.44196149534,0
38,1031.671875,47.9136771599,2295.72045898,1135.1967783,1323,656,1135.1967783,974.423178533,1382.83783478,2357.26101331,1.41913479199,0
39,1030.73828125,60.6827516437,3682.39634705,1822.82437044,1490,656,1822.82437044,1235.22141448,2597.31010815,3832.53152263,2.10270812804,0
40,1031.66796875,60.7738757527,3693.463974,1827.29843545,1490,656,1827.29843545,1226.85158016,2602.85305307,3829.70463322,2.12157126026,0
41,1031.51171875,60.8062357014,3697.39830017,1828.48620768,1490,656,1828.48620768,1233.91493461,2605.77819558,3839.6931302,2.11179727426,0
42,1031.125,60.8319277806,3700.5234375,1829.52854543,1490,656,1829.52854543,1242.24526565,2588.75412444,3830.99939009,2.08393156813,0
43,1030.6953125,60.8036746671,3697.08685303,1828.499253,1490,656,1828.499253,1250.71482306,2580.23296934,3830.9477924,2.06300662771,0
44,1027.8671875,68.8469056918,4739.89642334,2333.62465511,1509,607,2333.62465511,1434.49660161,2227.71938301,3662.21598462,1.55296246816,0
45,1027.71875,68.4377497142,4683.72558594,2309.8558599,1509,607,2309.8558599,1353.05125719,2267.96178722,3621.01304442,1.67618320087,0
46,1026.796875,67.9930901102,4623.06030273,2280.16470579,1509,607,2280.16470579,1299.54786336,2298.30112272,3597.84898609,1.76853903386,0
47,1027.37890625,56.9620983532,3244.6806488,1600.50036349,1509,607,1600.50036349,1110.51543712,1023.90025081,2134.41568793,0.922004518437,0
48,1026.37109375,56.7842595547,3224.45213318,1592.06102056,1509,607,1592.06102056,1091.83410083,1026.56269963,2118.39680046,0.940218572444,0
49,1026.1015625,56.7519052329,3220.77874756,1591.14314916,1509,607,1591.14314916,1091.09991665,1025.5601636,2116.66008025,0.939932400276,0
50,1025.51171875,56.6966284286,3214.50767517,1587.49213288,1509,607,1587.49213288,1089.05305894,1027.02498728,2116.07804621,0.943044031555,0
51,1024.546875,56.4866355011,3190.73999023,1576.87717498,1509,607,1576.87717498,1036.02507842,1033.3126515,2069.33772992,0.997381890669,0
52,1028.296875,10.3903195444,107.958740234,53.7367733082,1058,1000,53.7367733082,23.8529146381,37.1226985658,60.9756132039,1.55631708447,0
53,1027.75390625,9.71136095592,94.3105316162,46.9087929593,1049,1000,46.9087929593,21.0805609758,24.8207166169,45.9012775927,1.17742201668,0
54,1027.05078125,9.59498970894,92.0638275146,45.6827555639,1049,1000,45.6827555639,19.4062776455,21.4270780703,40.8333557157,1.10413127451,0
55,1026.890625,9.58981749615,91.9645996094,45.7278891749,1058,1000,45.7278891749,24.2808261244,21.0125514041,45.2933775285,0.865396889564,0
56,1026.4609375,9.50567457475,90.3578491211,44.9762880381,1058,1000,44.9762880381,22.7798247433,22.2527881916,45.0326129349,0.976863889091,0
57,1026.84765625,9.693558306,93.9650726318,46.8941686531,1058,1009,46.8941686531,24.9677112241,23.0904294023,48.0581406264,0.924811617494,0
58,1027.04296875,9.51161447581,90.4708099365,45.0953764593,1058,1009,45.0953764593,21.071875306,23.0308832731,44.1027585792,1.09296789862,0
59,1026.35546875,9.98331661913,99.6666107178,49.5603253386,1058,1000,49.5603253386,22.6479256826,23.0001449418,45.6480706244,1.01555194344,0
60,1026.20703125,10.2679011639,105.429794312,52.6117098186,1058,1000,52.6117098186,24.6621116236,31.824328087,56.4864397106,1.29041375583,0
61,1026.81640625,12.4615613823,155.290512085,77.1864529987,1088,1000,77.1864529987,43.8515245242,72.3767038607,116.228228385,1.65049458704,0
62,1025.703125,41.7571774098,1743.66186523,871.249412726,1450,823,871.249412726,281.518856812,1135.8609773,1417.37983411,4.03475983869,0
63,1025.8984375,41.8515493746,1751.55218506,874.966529093,1450,823,874.966529093,290.475765496,1130.82945765,1421.30522315,3.89302514006,0
64,1026.015625,41.8833917664,1754.21850586,876.379938307,1450,823,876.379938307,289.757488633,1137.24260255,1427.00009119,3.92480832133,0
65,1026.28125,41.9285921054,1758.00683594,878.309622442,1450,823,878.309622442,293.038163169,1142.13086832,1435.16903149,3.89754991625,0
66,1026.3984375,41.9220518947,1757.45843506,877.992804924,1450,823,877.992804924,291.863168085,1146.08674712,1437.9499152,3.92679471904,0
67,1027.046875,41.8797309594,1753.91186523,876.268399959,1450,823,876.268399959,291.642880656,1134.45949691,1426.10237757,3.88989264665,0
68,1028.42578125,42.5872537161,1813.67417908,906.429497025,1450,823,906.429497025,338.154792304,1170.25757789,1508.4123702,3.46071563829,0
69,1027.85546875,47.6674536971,2272.18614197,1135.17932387,1450,823,1135.17932387,494.948239505,1496.82965367,1991.77789317,3.02421452224,0
70,1030.24609375,26.3491799041,694.279281616,346.081235924,1215,941,346.081235924,345.518786046,345.756990742,691.275776789,1.00068941171,0
71,1030.484375,26.1028567567,681.359130859,339.853567132,1215,941,339.853567132,331.935759209,342.546687606,674.482446815,1.03196681316,0
72,1031.14453125,26.1049304149,681.467391968,340.013776215,1215,941,340.013776215,329.426763939,337.656195032,667.08295897,1.02498106406,0
73,1031.3828125,26.0137046495,676.71282959,337.720069545,1215,941,337.720069545,330.585752266,335.362934657,665.948686923,1.01445066025,0
74,1031.578125,25.9725243572,674.572021484,336.433614347,1215,941,336.433614347,328.244496031,334.101375222,662.345871253,1.01784303853,0
75,1031.890625,25.8188504219,666.613037109,332.48132319,1215,941,332.48132319,318.465818657,334.222608276,652.688426932,1.04947717681,0
76,1030.7421875,24.6274573944,606.511657715,301.712975063,1215,941,301.712975063,199.078605305,345.985775981,545.064381287,1.73793550267,0
77,1031.55078125,10.9053706386,118.927108765,59.1523681258,1068,1000,59.1523681258,44.2844949342,45.5799049087,89.8643998429,1.02925199839,0
78,1029.46875,31.9596761316,1021.42089844,508.991637317,1323,813,508.991637317,213.803204814,532.786359521,746.589564335,2.49194748967,0
79,1029.23828125,33.4682956811,1120.1268158,559.30909574,1323,813,559.30909574,195.353962962,725.043688739,920.397651701,3.71143578428,0
80,1028.0,33.567329727,1126.765625,562.970238924,1323,813,562.970238924,207.794389413,722.57182747,930.366216882,3.47734041093,0
81,1026.5234375,33.6072129636,1129.44476318,564.196579521,1323,813,564.196579521,210.7330318,722.320684594,933.053716394,3.42765763119,0
82,1025.44140625,33.7435827865,1138.62937927,568.245605947,1323,813,568.245605947,215.610967518,722.968116857,938.579084375,3.35311382895,0
83,1023.83984375,33.6813209543,1134.43138123,565.998592146,1323,813,565.998592146,214.642521829,722.967408414,937.609930244,3.36823944413,0
84,1022.94140625,33.6766634411,1134.11766052,565.865171406,1323,813,565.865171406,219.76375689,724.484655606,944.248412497,3.29665212252,0
85,1020.65234375,33.0983417845,1095.50022888,546.213382643,1323,813,546.213382643,193.594052632,681.417556432,875.011609064,3.51982691187,0
86,1020.6015625,13.7271627643,188.434997559,93.2377130824,1078,950,93.2377130824,92.2137930208,106.486805353,198.700598373,1.1547817508,0
87,1019.1953125,8.83888655473,78.1259155273,38.3688638158,1049,1000,38.3688638158,17.662854513,12.321580218,29.984434731,0.697598466256,0
88,1019.26953125,8.81945699322,77.7828216553,38.7366253701,1058,1000,38.7366253701,22.0129338355,11.0102397473,33.0231735828,0.500171391489,0
89,1020.82421875,10.0465887097,100.933944702,50.1550351047,1058,1000,50.1550351047,48.2791709069,13.8210311902,62.1002020971,0.286273167716,0
90,1022.4921875,10.7866353171,116.351501465,57.5870530958,1058,1000,57.5870530958,66.3355442298,12.8722711929,79.2078154227,0.194047871957,0
91,1023.78125,11.067221803,122.483398438,60.8210494557,1058,1000,60.8210494557,62.9759451252,14.7619024778,77.7378476029,0.23440541382,0
92,1024.55859375,10.9575033321,120.066879272,59.6078856023,1058,1000,59.6078856023,59.0830259225,19.7601513596,78.843177282,0.33444717922,0
93,1024.42578125,11.435380583,130.767929077,64.9858560404,1058,1000,64.9858560404,60.3254235745,26.313583002,86.6390065765,0.436193920288,0
94,1025.12890625,11.5238790964,132.799789429,66.0048434592,1058,1000,66.0048434592,75.0464827222,30.1447322922,105.191215014,0.401680814327,0
95,1026.953125,11.8257923724,139.849365234,69.5800326288,1058,1000,69.5800326288,80.9265827195,31.4985058521,112.425088572,0.389223229174,0
96,1027.8125,11.8965265414,141.52734375,70.3236858327,1058,1000,70.3236858327,65.1818410201,42.3046945433,107.486535563,0.649025769773,0
97,1027.11328125,11.5480847377,133.358261108,66.6282481283,1058,1000,66.6282481283,67.7515748295,41.1147599469,108.866334776,0.606845819456,0
98,1026.3359375,11.2456778807,126.465270996,63.1971766528,1058,1000,63.1971766528,62.4402064766,40.8896902197,103.329896696,0.654861547183,0
99,1027.5234375,12.5871740547,158.436950684,79.050539863,1068,1000,79.050539863,109.296608936,59.2615682859,168.558177222,0.542208663771,0
100,1027.6875,39.6195284077,1569.70703125,765.803147137,1460,852,765.803147137,672.110072746,409.410318672,1081.52039142,0.609141768995,0
101,1030.0859375,39.4800240913,1558.67230225,761.737450808,1460,852,761.737450808,624.076099369,422.863442796,1046.93954217,0.677583139658,0
102,1030.08203125,39.3839909052,1551.09873962,755.754365378,1460,852,755.754365378,623.693354342,420.034788872,1043.72814321,0.673463627515,0
103,1029.1171875,39.3668882703,1549.75189209,755.021841917,1460,852,755.021841917,622.742201639,423.40218968,1046.14439132,0.679899625504,0
104,1028.6484375,39.2661371771,1541.82952881,751.272117241,1460,852,751.272117241,620.926539066,413.227339311,1034.15387838,0.665501171737,0
105,1028.375,39.2975428621,1544.296875,752.063806268,1460,852,752.063806268,616.267237329,413.216753694,1029.48399102,0.670515530705,0
106,1027.94140625,39.3060965122,1544.96922302,752.49639837,1460,852,752.49639837,621.153306249,414.325138963,1035.47844521,0.667025571295,0
107,1025.70703125,39.0632013609,1525.93370056,745.953678213,1460,852,745.953678213,505.372310716,476.999550667,982.371861384,0.94385770758,0
108,1024.9609375,10.8454356354,117.623474121,58.4497005532,1058,990,58.4497005532,50.534723086,37.1111341737,87.6458572597,0.734369002291,0
109,1022.93359375,9.70781561217,94.24168396,46.8171800803,1049,990,46.8171800803,18.0691332704,36.3152251228,54.3843583932,2.00979341839,0
110,1022.125,9.95497677044,99.1015625,49.3564734438,1049,990,49.3564734438,22.5247669765,35.77128425,58.2960512265,1.58808676189,0
111,1026.94921875,27.153235581,737.298202515,367.833290642,1254,990,367.833290642,763.057166409,360.424896908,1123.48206332,0.472343243435,0
112,1024.6484375,63.8568454929,4077.69671631,2038.04505778,1254,607,2038.04505778,3601.37354078,3039.28075724,6640.65429802,0.843922665292,0
113,1025.84765625,64.1871974979,4119.99632263,2058.67984021,1254,607,2058.67984021,3598.92304273,3138.46053522,6737.38357794,0.872055472695,0
114,1025.88671875,64.1738883706,4118.28794861,2057.85136913,1254,607,2057.85136913,3598.71042439,3134.41340621,6733.1238306,0.870982389961,0
115,1026.19921875,64.1042498056,4109.35484314,2053.52002372,1254,607,2053.52002372,3589.54516732,3129.69416262,6719.23932995,0.871891567521,0
116,1026.7109375,64.1191094204,4111.26019287,2054.42826622,1254,607,2054.42826622,3590.23854284,3126.74879134,6716.98733418,0.870902797691,0
117,1027.79296875,64.1132429324,4110.50791931,2054.0458941,1254,607,2054.0458941,3592.48620842,3107.0297209,6699.51592933,0.864868934951,0
118,1028.7578125,64.0289541552,4099.70697021,2048.78331835,1254,607,2048.78331835,3561.0775011,3121.24569839,6682.32319949,0.876489123709,0
119,1023.9296875,58.977708129,3478.37005615,1738.86161241,1215,607,1738.86161241,3753.95192081,1986.34374534,5740.29566616,0.529134039872,0
120,1025.41015625,12.1725763748,148.171615601,73.8878516549,1107,990,73.8878516549,48.112566533,36.4817909761,84.5943575091,0.75825909123,0
121,1023.58984375,10.5204290835,110.679428101,55.3248423764,1068,990,55.3248423764,22.2011137283,25.8390311122,48.0401448404,1.16386193181,0
122,1025.02734375,12.3697603481,153.010971069,76.3436529702,1078,990,76.3436529702,80.4978662369,33.5426552737,114.040521511,0.41668999244,0
123,1025.26171875,35.6300141671,1269.49790955,632.939007556,1323,823,632.939007556,562.650009763,707.5740097,1270.22401946,1.25757397569,0
124,1026.15234375,35.6595807271,1271.60569763,634.039649899,1323,823,634.039649899,565.131808626,707.238439732,1272.37024836,1.25145749883,0
125,1025.84375,35.5940517985,1266.93652344,631.587289998,1323,823,631.587289998,556.424870769,710.205869796,1266.63074056,1.27637333826,0
126,1024.87109375,35.6174743199,1268.60447693,632.2355675,1323,823,632.2355675,562.601631225,712.163422085,1274.76505331,1.2658395969,0
127,1023.67578125,35.7254116625,1276.30503845,636.55571994,1323,823,636.55571994,569.620333917,709.81947053,1279.43980445,1.24612733827,0
128,1023.40234375,35.7109466867,1275.27171326,635.958640676,1323,823,635.958640676,570.538829073,707.964864196,1278.50369327,1.24087060883,0
129,1022.55859375,35.8508804532,1285.28562927,640.777318012,1323,823,640.777318012,588.605200042,709.591936593,1298.19713663,1.2055481952,0
130,1020.16796875,35.2694858234,1243.93663025,620.664057978,1323,823,620.664057978,392.532690112,826.007242089,1218.5399322,2.10430178912,0
131,1025.4609375,116.854135995,13654.8890991,6826.91553077,1607,382,6826.91553077,2305.09820495,21288.451193,23593.5493979,9.2353771077,0
132,1029.484375,143.890093929,20704.3591309,10351.9285047,2029,382,10351.9285047,1465.67695445,30007.7511218,31473.4280762,20.4736460041,0
133,1048.02734375,242.68547038,58896.2375336,29442.6839403,2029,205,29442.6839403,36944.2296453,62481.8549084,99426.0845538,1.69124801108,0
134,1078.89453125,294.876074025,86951.8990326,43472.8955143,2215,205,43472.8955143,72365.1043351,71429.6097882,143794.714123,0.987072573783,0
135,1082.2109375,294.454637645,86703.5336304,43348.3814428,2215,205,43348.3814428,70743.1454822,71817.5567901,142560.702272,1.01518749697,0
136,1087.70703125,369.767320352,136727.871201,68352.2340382,2215,-39,68352.2340382,138652.022839,87084.7955697,225736.818409,0.628081680935,0
137,1131.71875,414.812814289,172069.670898,86031.3541821,2215,-39,86031.3541821,204555.367775,92266.9973994,296822.365175,0.451061237859,0
138,1135.27734375,415.581733221,172708.176987,86350.4498516,2215,-39,86350.4498516,204640.763349,91734.8028444,296375.566193,0.448272383973,0
139,1147.77734375,472.038391863,222820.243393,111389.625798,2254,-186,111389.625798,274142.22434,88566.7238533,362708.948193,0.323068524254,0
140,1170.3203125,493.17626371,243222.827087,121594.636035,2303,-186,121594.636035,307286.374328,88516.9393642,395803.313693,0.288060085832,0
141,1178.19921875,480.378491888,230763.495468,115358.856602,2303,-186,115358.856602,283673.102822,103901.106959,387574.209781,0.366270562578,0
142,1159.6796875,517.188983134,267484.444275,133713.508621,2303,-186,133713.508621,343209.974667,107675.210772,450885.18544,0.313729840972,0
143,1162.546875,522.017687969,272502.466553,136237.81659,2303,-186,136237.81659,340423.515564,117343.511555,457767.027119,0.344698606853,0
144,1163.703125,521.446910639,271906.880615,135928.314461,2303,-186,135928.314461,315032.307465,137608.213347,452640.520812,0.436806670574,0
145,1164.73828125,520.272079754,270683.036972,135323.771393,2303,-186,135323.771393,308861.06178,133682.591818,442543.653598,0.432824361373,0
146,1171.98828125,519.669587653,270056.480331,135002.77386,2303,-186,135002.77386,307390.555566,137874.567683,445265.123249,0.448532218009,0
147,1186.1796875,543.288222505,295162.092712,147572.15861,2549,-166,147572.15861,351955.650791,123010.879506,474966.530297,0.349506760949,0
148,1164.84765625,531.111243124,282079.152573,141014.970458,2549,-166,141014.970458,319424.659001,114148.289953,433572.948954,0.357355910813,0
149,1145.796875,560.695778132,314379.755615,157152.0718,2549,-215,157152.0718,379102.899676,145737.151827,524840.051504,0.384426370655,0
150,1167.0234375,532.179928232,283215.476013,141556.22757,2549,-215,141556.22757,283449.326275,181690.381399,465139.707675,0.640997753591,0
151,1203.87109375,552.841971183,305634.245102,152794.322523,2549,-215,152794.322523,302621.023599,204776.978748,507398.002347,0.676677966099,0
152,1197.71484375,580.979063816,337536.672592,168748.452836,2549,-294,168748.452836,340435.007234,206307.419407,546742.426641,0.606011176945,0
153,1161.31640625,563.692345206,317749.060043,158859.274388,2549,-294,158859.274388,343463.598976,189014.808496,532478.407472,0.550319769137,0
154,1149.5078125,612.740545828,375450.976501,187716.559507,2549,-294,187716.559507,355391.222531,238347.037201,593738.259732,0.670661012682,0
155,1155.0546875,557.513779378,310821.614197,155374.312011,2421,-294,155374.312011,331505.362186,179135.454498,510640.816684,0.540369704178,0
156,1178.078125,563.467357215,317495.462646,158740.105733,2421,-294,158740.105733,346996.830935,178314.178937,525311.009872,0.513878407639,0
157,1155.203125,549.693719541,302163.185303,151078.666161,2421,-294,151078.666161,360003.881398,145419.414881,505423.29628,0.403938463987,0
158,1128.046875,522.474653383,272979.763428,136484.018059,2421,-294,136484.018059,357137.334968,105954.073854,463091.408823,0.296675994022,0
159,1086.43359375,508.306428523,258375.425278,129178.788293,2411,-294,129178.788293,312976.757505,120236.033206,433212.790711,0.384169208487,0
160,1107.44140625,429.099270643,184126.184067,92054.3777171,2323,-58,92054.3777171,204286.328668,98242.7803679,302529.109036,0.480907268776,0
161,1129.78515625,433.926194327,188291.942123,94130.5800835,2323,-58,94130.5800835,213944.433529,97798.0010102,311742.434539,0.457118698519,0
162,1145.11328125,420.775296861,177051.850449,88488.2465641,2431,29,88488.2465641,187257.812767,93566.6510138,280824.463781,0.499667541938,0
163,1111.2265625,391.891251953,153578.753357,76755.0937046,2431,29,76755.0937046,168771.345872,82396.80953,251168.155402,0.488215633431,0
164,1109.12109375,483.43541631,233709.801743,116833.35788,2607,-245,116833.35788,291270.317979,112646.498062,403916.81604,0.386742112425,0
165,1132.625,458.202167785,209949.226562,104956.51639,2607,-245,104956.51639,208579.209764,143389.448863,351968.658627,0.687458011877,0
166,1136.0,521.261840393,271713.90625,135845.360733,2607,-245,135845.360733,271924.229477,213803.333346,485727.562823,0.786260693859,0
167,1169.71875,537.118642875,288496.436523,144239.541687,2607,-245,144239.541687,290929.029293,212687.109607,503616.138901,0.731061833617,0
168,1160.9765625,581.139390885,337722.991638,168851.076023,2607,-245,168851.076023,346983.064357,251052.557182,598035.621538,0.72352971361,0
169,1174.609375,598.643391271,358373.909912,179176.875038,2607,-245,179176.875038,376837.234265,246955.514993,623792.749257,0.655337351348,0
170,1197.546875,582.10299453,338843.89624,169411.883504,2607,-245,169411.883504,358661.646393,231864.112192,590525.758585,0.64647032802,0
171,1211.80078125,639.511113444,408974.464218,204459.020719,2696,-245,204459.020719,445575.018431,253862.378334,699437.396765,0.569741048833,0
172,1200.94921875,561.995775187,315839.251328,157901.067993,2696,-166,157901.067993,345109.787221,188764.103357,533873.890578,0.546968270232,0
173,1225.03515625,607.192774307,368683.06517,184327.271284,2696,-166,184327.271284,433258.818697,212726.937943,645985.75664,0.490992747898,0
174,1234.63671875,596.789664105,356157.903183,178005.253038,2696,-156,178005.253038,368933.827706,230125.48288,599059.310586,0.623758152814,0
175,1230.64453125,589.473297252,347478.768173,173686.633735,2696,-156,173686.633735,357897.733594,234820.727618,592718.461212,0.65611124513,0
176,1230.515625,584.061386227,341127.702881,170501.476625,2696,-156,170501.476625,349227.239301,224683.284828,573910.524129,0.643372737126,0
177,1186.0625,561.219532163,314967.363281,157415.685522,2696,-156,157415.685522,317001.187282,218623.992648,535625.17993,0.689663008906,0
178,1182.95703125,558.72889546,312177.978622,156014.103954,2696,-156,156014.103954,349798.14897,181565.991333,531364.140303,0.519059325694,0
179,1157.00390625,522.64538571,273158.199203,136517.013368,2490,-156,136517.013368,290896.204728,171389.510398,462285.715127,0.589177540348,0
180,1151.46484375,522.176341456,272668.131577,136138.519776,2490,-156,136138.519776,271788.230012,189927.037751,461715.267764,0.698805234292,0
181,1119.35546875,450.773036764,203196.330673,101515.044948,2490,-156,101515.044948,204317.330781,128427.173005,332744.503786,0.628567202374,0
182,1095.875,391.46138459,153242.015625,76571.1915243,2470,-68,76571.1915243,197471.154815,64220.6577744,261691.812589,0.325215385683,0
183,1071.984375,354.920853509,125968.812256,62938.6997123,2088,-68,62938.6997123,173979.582966,38265.4689833,212245.05195,0.219942296279,0
184,1062.0859375,280.587665316,78729.4379272,39326.6553838,2088,9,39326.6553838,120833.154798,16968.2629697,137801.417768,0.140427211373,0
185,1069.234375,289.822197228,83996.9060059,41925.7417038,2088,9,41925.7417038,122444.544133,21485.731256,143930.275389,0.175473161406,0
186,1036.4609375,228.206283544,52078.1078491,26011.7932933,1833,39,26011.7932933,65514.9237489,18143.3692124,83658.2929614,0.276934905427,0
187,1041.33203125,198.228470392,39294.526474,19587.9564215,2725,215,19587.9564215,12890.1223668,19805.3455141,32695.4678809,1.53647459276,0
188,1031.25390625,177.583326569,31535.8378754,15657.3338494,2725,215,15657.3338494,8592.82952533,14660.2147383,23253.0442637,1.70609863668,0
189,1031.62890625,176.978103188,31321.2490082,15553.1086557,2725,215,15553.1086557,8489.79348734,14698.6637632,23188.4572505,1.7313334871,0
190,1036.609375,174.450979611,30433.1442871,15113.3332648,2725,215,15113.3332648,8256.75795613,13057.0732827,21313.8312388,1.58138016787,0
191,1030.4765625,163.821285287,26837.4135132,13340.4004259,2725,215,13340.4004259,7413.9046226,11240.149721,18654.0543436,1.51609041297,0
192,1027.4921875,161.874686105,26203.4140015,13021.5463807,2725,215,13021.5463807,5642.44807909,11662.322094,17304.7701731,2.06689045793,0
193,1022.83203125,138.93835438,19303.8663177,9576.01257236,2725,215,9576.01257236,1964.01526005,5491.6255445,7455.64080454,2.79612162706,0
194,1026.55078125,240.347561973,57766.9505463,28737.3753767,2725,-9,28737.3753767,54153.4257332,22599.1921242,76752.6178574,0.417317867119,0
195,1050.5625,227.05372609,51553.3945312,25761.8776816,2039,-9,25761.8776816,62200.428292,18909.8940168,81110.3223088,0.304015495328,0
196,1087.44140625,291.058528271,84715.0668793,42322.700925,2519,-9,42322.700925,100734.230608,33597.1206031,134331.351211,0.333522382615,0
197,1091.625,405.034990772,164053.34375,81993.1718658,2598,-215,81993.1718658,200902.975069,61116.9968799,262019.971949,0.304211507366,0
198,1095.56640625,408.235431418,166656.167465,83281.6658058,2598,-215,83281.6658058,202178.028828,57400.0095817,259578.03841,0.283908246185,0
199,1117.86328125,505.203371081,255230.446152,127578.772539,2598,-215,127578.772539,314691.480092,112950.69364,427642.173732,0.358925172069,0
200,1133.34765625,517.994253929,268318.047104,134083.63756,2598,-215,134083.63756,323505.027119,116946.143852,440451.17097,0.361497145479,0
201,1144.9375,582.533840889,339345.675781,169556.864188,2598,-225,169556.864188,420036.124269,175045.448676,595081.572945,0.416739034006,0
202,1192.640625,589.817447054,347884.62085,173918.593066,2598,-225,173918.593066,416843.804301,183263.918865,600107.723166,0.439646498217,0
203,1197.5546875,608.846993153,370694.661072,185315.275794,2598,-225,185315.275794,430684.496665,219469.019732,650153.516397,0.509581889833,0
204,1193.11328125,646.573256057,418056.975449,208960.933044,2598,-225,208960.933044,472802.063382,249532.346308,722334.40969,0.527773386866,0
205,1205.96875,583.798812701,340821.053711,170331.370709,2568,-225,170331.370709,380619.33638,197036.965953,577656.302333,0.517674608513,0
206,1221.7265625,648.966079319,421156.972107,210529.801955,2568,-264,210529.801955,437996.820063,304159.071431,742155.891494,0.694432145392,0
207,1216.9921875,599.924383205,359909.265564,179796.924088,2607,-264,179796.924088,357657.339914,248224.326448,605881.666362,0.694028330322,0
208,1225.87109375,638.244665402,407356.252914,203403.042276,2607,-264,203403.042276,414484.981203,310330.37011,724815.351313,0.748713184272,0
209,1264.16796875,620.018188296,384422.553818,191896.988942,2666,-264,191896.988942,361481.954422,253455.405639,614937.360061,0.701156454806,0
210,1236.875,619.121889504,383311.914062,191392.479296,2666,-264,191392.479296,349834.656768,285805.698852,635640.355621,0.816973656906,0
211,1215.64453125,641.198349078,411135.322861,205277.547503,2666,-264,205277.547503,447488.886711,247509.303356,694998.190067,0.553107151275,0
212,1187.27734375,626.86371908,392958.122299,196183.743822,2666,-264,196183.743822,377139.37807,253024.440668,630163.818739,0.670904327103,0
213,1219.01953125,649.613277092,421997.409775,210761.560621,2666,-264,210761.560621,414784.27475,246249.837645,661034.112394,0.593681710313,0
214,1197.14453125,585.065613482,342301.772079,170935.268288,2666,-215,170935.268288,355628.084423,183763.923417,539392.00784,0.516730628051,0
215,1173.671875,569.393552241,324209.017334,162037.446802,2666,-215,162037.446802,362773.498609,166314.185539,529087.684147,0.458451860945,0
216,1150.04296875,513.725944264,263914.34581,131885.92978,2666,-215,131885.92978,288171.410085,127357.892379,415529.302464,0.441951865876,0
217,1099.5078125,483.80508401,234067.359314,116939.198239,2637,-215,116939.198239,230683.83269,149591.53201,380275.3647,0.648469943756,0
218,1093.8046875,456.864373313,208725.055603,104322.402804,2637,-215,104322.402804,163104.253132,151080.544248,314184.79738,0.926282064061,0
219,1102.73828125,454.227389473,206322.521347,103134.360407,2637,-235,103134.360407,146734.777718,193313.502711,340048.280429,1.31743480119,0
220,1141.08203125,473.182184776,223901.37999,111870.029994,2637,-235,111870.029994,174512.214157,172021.825257,346534.039414,0.98572942924,0
221,1094.58984375,440.114109554,193700.429428,96807.8663405,2637,-235,96807.8663405,149377.148348,147943.976044,297321.124392,0.990405679048,0
222,1133.6875,495.725655763,245743.925781,122829.475003,2637,-235,122829.475003,206541.169649,196420.913887,402962.083536,0.951001266339,0
223,1156.34375,550.764333074,303341.350586,151638.756181,2637,-235,151638.756181,339073.995539,177236.349431,516310.34497,0.522706995415,0
224,1167.06640625,562.164107598,316028.483871,157977.092985,2637,-235,157977.092985,331494.611727,191611.540931,523106.152658,0.578023093444,0
225,1169.14453125,596.937613379,356334.514267,178115.195674,2637,-235,178115.195674,427980.947779,179901.925829,607882.873608,0.420350314103,0
226,1195.37109375,630.958521028,398108.655258,199023.859586,2647,-235,199023.859586,472971.35404,203871.569253,676842.923292,0.431044221836,0
227,1216.84375,604.659400994,365612.991211,182762.354808,2647,-117,182762.354808,383677.884966,217049.037052,600726.922018,0.565706405181,0
228,1192.046875,611.977128343,374516.005615,187146.654714,2647,-186,187146.654714,432723.141848,163828.758658,596551.900506,0.378599485016,0
229,1195.97265625,607.065015337,368527.932846,184080.043085,2647,-186,184080.043085,431268.702076,163683.335893,594952.037969,0.379539101969,0
230,1196.9765625,634.818871373,402994.999451,201336.304034,2647,-186,201336.304034,428794.551183,201984.571106,630779.122289,0.471052093709,0
231,1194.16796875,604.517730617,365441.68663,182577.88668,2647,-186,182577.88668,358956.875889,210270.61763,569227.49352,0.585782392688,0
232,1184.984375,649.289882347,421577.351318,210644.823991,2647,-186,210644.823991,469662.969316,256062.549689,725725.519005,0.545204894612,0
233,1218.01171875,614.873128951,378068.964706,188889.339438,2647,-186,188889.339438,396230.104126,246830.131876,643060.236002,0.622946437704,0
234,1208.546875,586.893115527,344443.529053,172065.693055,2568,-186,172065.693055,383001.490365,222785.649828,605787.140192,0.581683506286,0
235,1166.2265625,620.750638275,385331.354919,192554.888266,2568,-186,192554.888266,480113.92453,188135.802111,668249.726641,0.391856583404,0
236,1157.3828125,562.357664229,316246.142517,158030.333784,2490,-98,158030.333784,376405.44635,153594.533598,529999.979948,0.408056087093,0
237,1149.55078125,608.959612718,370831.809921,185343.130775,2490,-98,185343.130775,470684.312702,165604.584306,636288.897008,0.351837908843,0
238,1140.55078125,550.915670086,303508.075546,151709.591086,2490,-98,151709.591086,353365.336441,134546.567064,487911.903505,0.380757683871,0
239,1123.890625,528.551473285,279366.659912,139639.263547,2490,-98,139639.263547,359068.926193,112071.167578,471140.093771,0.312116029549,0
240,1124.78515625,464.707776052,215953.317123,107889.442598,2490,-98,107889.442598,267758.978805,87910.6814353,355669.66024,0.32832019986,0
241,1092.33984375,430.575230404,185395.029037,92646.9167472,2490,-98,92646.9167472,236911.207884,73314.2165638,310225.424448,0.309458624682,0
242,1059.171875,397.868787443,158299.572021,79076.9855865,2431,-98,79076.9855865,208517.774612,53291.634016,261809.408628,0.255573579352,0
243,1068.109375,315.998361704,99854.9645996,49891.3555928,2431,-9,49891.3555928,113951.382557,41947.3375097,155898.720067,0.368116090988,0
244,1082.640625,368.059262687,135467.62085,67691.4931456,2431,-9,67691.4931456,150236.160123,82061.4588403,232297.618963,0.546216428675,0
245,1119.640625,324.969631619,105605.261475,52756.0615399,2362,166,52756.0615399,95644.5002855,51386.5979789,147031.098264,0.537266626157,0
246,1121.50390625,328.982569804,108229.531235,54075.6650873,2362,166,54075.6650873,111867.516278,51358.0401158,163225.556394,0.459096991015,0
247,1146.171875,419.651149941,176107.087646,87965.2126827,2460,-29,87965.2126827,198808.506086,67470.1906435,266278.69673,0.339372756085,0
248,1150.58984375,413.746393175,171186.077866,85579.1789255,2460,-29,85579.1789255,195399.424658,64487.7404419,259887.1651,0.330030349653,0
249,1180.79296875,516.552249699,266826.226669,133395.787332,2539,-225,133395.787332,307733.924999,119002.792779,426736.717778,0.386706772025,0
250,1198.06640625,532.695701535,283764.710434,141850.696556,2715,-225,141850.696556,328624.919895,118298.636319,446923.556214,0.35998072318,0
251,1199.56640625,595.019481269,354048.18309,176999.66423,2715,-225,176999.66423,449190.612752,153917.554021,603108.166774,0.342655321932,0
252,1210.64453125,587.076272237,344658.549423,172304.679039,2715,-225,172304.679039,401898.447513,163755.990348,565654.437861,0.407456140629,0
253,1181.1640625,629.610833141,396409.801208,198167.502132,2715,-274,198167.502132,461461.144869,195432.762497,656893.907367,0.423508598004,0
254,1186.453125,644.440726029,415303.849365,207611.027105,2715,-274,207611.027105,484907.609198,195789.390635,680696.999832,0.403766381308,0
255,1192.30859375,619.790963441,384140.838364,192018.608637,2715,-274,192018.608637,463252.152639,200357.308749,663609.461388,0.432501624887,0
256,1215.5859375,676.664262293,457874.523865,228902.505996,2715,-274,228902.505996,587586.249699,195393.946855,782980.196554,0.332536622419,0
257,1211.85546875,618.770623559,382877.084579,191410.218153,2715,-274,191410.218153,450988.111672,181366.022274,632354.133946,0.402152556975,0
258,1219.64453125,665.901083156,443424.252548,221635.825647,2696,-274,221635.825647,530291.159235,226652.040881,756943.200116,0.427410559149,0
259,1219.63671875,616.087913569,379564.317245,189687.943494,2696,-274,189687.943494,418360.383072,190129.318991,608489.702063,0.454463010085,0
260,1207.42578125,636.645458481,405317.439804,202612.33061,2696,-274,202612.33061,404423.37808,249977.731514,654401.109593,0.618109004233,0
261,1228.97265625,607.683951087,369279.784409,184614.495759,2696,-137,184614.495759,288645.805111,248971.635638,537617.440749,0.862550680555,0
262,1194.77734375,581.426358691,338056.61058,169011.502637,2696,-137,169011.502637,284793.846444,222656.189278,507450.035723,0.78181530977,0
263,1168.7421875,551.811027522,304495.410095,152209.58845,2696,-137,152209.58845,242611.601905,200831.175426,443442.777331,0.827788835525,0
264,1134.96875,478.596637275,229054.741211,114501.802936,2696,-88,114501.802936,146793.272927,187061.909076,333855.182002,1.27432208129,0
265,1099.828125,456.84842791,208710.486084,104299.595089,2696,-88,104299.595089,137819.964391,156347.455818,294167.420209,1.13443256577,0
266,1086.609375,359.542335702,129270.691162,64613.0721505,2450,-19,64613.0721505,45900.9381308,138442.050251,184342.988381,3.01610502722,0
267,1107.32421875,455.52785354,207505.625351,103736.104546,2450,-117,103736.104546,203528.929253,136871.607573,340400.536826,0.672492151731,0
268,1100.859375,414.693886243,171971.019287,85947.8087128,2490,-117,85947.8087128,190852.721757,74659.4825981,265512.204355,0.391188985468,0
269,1098.421875,419.184329036,175715.501709,87676.2850024,2490,-215,87676.2850024,187462.266375,72778.8710363,260241.137411,0.388232109019,0
270,1123.38671875,490.410903585,240502.854355,120153.727453,2558,-215,120153.727453,276178.609114,78379.0848794,354557.693993,0.283798535777,0
271,1126.06640625,488.960935425,239082.796371,119457.482923,2558,-215,119457.482923,279453.654301,77004.0696958,356457.723997,0.275552201629,0
272,1158.8515625,579.943997698,336335.040466,168066.833939,2558,-215,168066.833939,394060.223043,137521.081629,531581.304672,0.348984935773,0
273,1183.94921875,600.480141025,360576.399765,180206.91462,2764,-215,180206.91462,414232.226814,140413.243122,554645.469937,0.338972281809,0
274,1182.1484375,650.899222829,423669.798279,211731.424349,2764,-215,211731.424349,377552.528834,275422.809541,652975.338376,0.729495337752,0
275,1194.515625,621.983457683,386863.421631,193382.327919,2764,-215,193382.327919,372138.498872,203376.580685,575515.079558,0.546507768751,0
276,1208.8359375,632.299699971,399802.910583,199855.511203,2764,-215,199855.511203,416430.772555,225845.34326,642276.115815,0.542335865032,0
277,1211.2265625,657.621492041,432466.026794,216158.383218,2764,-186,216158.383218,457230.265046,244699.442034,701929.70708,0.535177700911,0
278,1203.87109375,610.65596373,372900.706039,186397.215304,2764,-186,186397.215304,414043.036041,193353.9972,607397.033241,0.466990096122,0
279,1219.375,663.756862017,440573.171875,220178.498948,2764,-186,220178.498948,467494.955651,269304.577345,736799.532996,0.576058787566,0
280,1195.78125,600.534097407,360641.202148,180189.047745,2764,-186,180189.047745,372352.770851,219553.22128,591905.992131,0.589637672838,0
281,1186.8671875,620.026283101,384432.591736,192040.242641,2656,-186,192040.242641,399852.093008,247392.972551,647245.065559,0.618711210664,0
282,1222.39453125,598.947048579,358737.567001,179186.547059,2656,-88,179186.547059,355261.963318,206482.787126,561744.750444,0.58121276254,0
283,1206.4375,591.609335177,350001.605469,174843.546524,2627,-88,174843.546524,358945.423883,226114.703095,585060.126979,0.629941735012,0
284,1200.7578125,601.428342132,361716.05072,180721.030755,2627,-88,180721.030755,393061.791566,202370.272067,595432.063633,0.514856127991,0
285,1178.2265625,535.822589209,287105.847107,143542.8239,2450,-78,143542.8239,317649.724358,151546.430681,469196.155039,0.477086611636,0
286,1174.67578125,582.052483975,338785.094101,169361.560678,2450,-78,169361.560678,408512.185831,175991.19922,584503.385052,0.430810157749,0
287,1164.76171875,526.174150059,276859.236191,138288.488099,2450,-78,138288.488099,320091.084988,132968.811641,453059.896629,0.415409294034,0
288,1158.26953125,516.152776871,266413.689072,133086.696157,2362,-78,133086.696157,328358.38784,121409.742096,449768.129936,0.369747649497,0
289,1145.2578125,481.562735173,231902.667908,115843.444478,2362,-78,115843.444478,276236.700934,98875.8638642,375112.564798,0.357938910833,0
290,1097.35546875,427.897935463,183096.643173,91460.4906253,2343,-78,91460.4906253,211762.731578,86175.8491202,297938.580698,0.406945303728,0
291,1078.05078125,380.471009181,144758.188828,72275.249476,2274,-78,72275.249476,164374.548407,61916.0822429,226290.63065,0.376676820364,0
292,1053.31640625,316.382379477,100097.810043,49957.4201161,2274,-78,49957.4201161,107858.871591,46393.4293045,154252.300896,0.430130861005,0
293,1048.14453125,315.188247646,99343.6314545,49568.9408251,2274,-78,49568.9408251,98932.1963106,51827.1678643,150759.364175,0.523865534144,0
294,1032.71484375,191.793755026,36784.8444672,18323.7727889,1950,333,18323.7727889,25412.6427489,19341.2339381,44753.8766871,0.761087075012,0
295,1021.34375,165.06908769,27247.8037109,13603.9334906,1950,333,13603.9334906,21543.9646517,16507.6391915,38051.6038432,0.766230332179,0
296,1022.82421875,151.240303019,22873.6292572,11406.1380532,1950,333,11406.1380532,11429.9180003,17919.1936528,29349.1116531,1.56774472506,0
297,1023.87109375,80.1514373822,6424.25291443,3206.97783861,1607,637,3206.97783861,2326.14507731,5966.71571498,8292.86079229,2.56506602842,0
298,1022.83203125,80.2103625179,6433.70225525,3211.40405268,1607,637,3211.40405268,2329.03051798,5984.09577266,8313.12629063,2.56935052009,0
299,1021.8984375,80.1155259457,6418.49749756,3204.53057453,1607,637,3204.53057453,2314.89810456,5976.21981138,8291.11791594,2.5816340683,0
300,1023.46875,58.1224377795,3378.21777344,1685.28240061,1254,725,1685.28240061,1667.57857157,2444.51012103,4112.08869259,1.46590401359,0
301,1023.85546875,64.3808751064,4144.89707947,2068.4072356,1254,725,2068.4072356,1909.44802657,3487.2896222,5396.73764877,1.82633387956,0
302,1022.5,64.4488653895,4153.65625,2075.21604379,1254,725,2075.21604379,1950.12262449,3530.70147466,5480.82409915,1.81050228858,0
303,1025.74609375,132.902579689,17663.0956879,8828.90293384,2019,49,8828.90293384,2065.65439154,18398.5092721,20464.1636637,8.90686716397,0
304,1025.42578125,131.139247764,17197.5023041,8597.68283065,2019,49,8597.68283065,2098.9877486,17780.6964722,19879.6842208,8.4710815888,0
305,1025.828125,131.135045455,17196.4001465,8597.04543903,2019,49,8597.04543903,2088.17411622,17776.7863775,19864.9604938,8.51307668237,0
306,1026.00390625,131.083093221,17182.7773285,8590.2385459,2019,49,8590.2385459,2083.57493417,17787.4845852,19871.0595194,8.53700257836,0
307,1025.07421875,131.092548264,17185.2562103,8591.5280642,2019,49,8591.5280642,2086.75038947,17780.0811332,19866.8315227,8.52046379045,0
308,1023.07421875,123.960200106,15366.1312103,7681.95666755,2019,49,7681.95666755,710.189681542,15979.7235716,16689.9132531,22.5006417115,0
309,1021.6328125,120.116406502,14427.9511108,7212.2595109,2019,49,7212.2595109,513.180027473,14524.7091299,15037.8891573,28.3033406452,0
310,1021.3515625,120.037955576,14409.1107788,7203.94377208,2019,49,7203.94377208,463.132835636,14611.756691,15074.8895266,31.5498180364,0
311,1018.77734375,9.00961044909,81.1730804443,40.5142576555,1049,1000,40.5142576555,23.2653631939,26.8200859559,50.0854491498,1.1527903404,0
312,1018.31640625,9.09914382428,82.794418335,41.2096415749,1049,1000,41.2096415749,21.2595095474,30.815470383,52.0749799303,1.44949112369,0
313,1017.765625,8.83086240745,77.9841308594,38.7865934007,1049,1000,38.7865934007,19.1860639597,31.0740451109,50.2601090705,1.61961542379,0
314,1017.84765625,9.04741386429,81.8556976318,40.6899997373,1049,990,40.6899997373,19.5133716051,27.8408838,47.3542554051,1.42675926864,0
315,1018.46875,9.24107466356,85.3974609375,42.1759754442,1049,990,42.1759754442,18.7991797673,27.5292857865,46.3284655538,1.4643876024,0
316,1018.08203125,9.15988139246,83.903427124,41.240909866,1039,990,41.240909866,18.8995938253,27.1441171289,46.0437109542,1.43622753906,0
317,1018.390625,8.9789113822,80.6208496094,39.7084433887,1039,990,39.7084433887,20.2055510366,21.3965747085,41.6021257451,1.05894536951,0
318,1019.91015625,10.166760637,103.363021851,50.7385111423,1049,990,50.7385111423,38.9667257632,30.0459156274,69.0126413906,0.771065955348,0
319,1019.6171875,35.8948379588,1288.43939209,643.525454297,1215,705,643.525454297,613.413038404,608.853017985,1222.26605639,0.992566150158,0
320,1023.94921875,42.0759330261,1770.38414001,884.244307474,1215,705,884.244307474,758.785603864,1388.02421488,2146.80981875,1.82927062377,0
321,1026.8828125,42.3389634922,1792.58782959,895.599917988,1215,705,895.599917988,732.400641995,1407.05005596,2139.45069796,1.9211480374,0
322,1029.82421875,81.6985476903,6674.6526947,3312.24052513,2000,696,3312.24052513,1258.09542735,2901.23270455,4159.32813189,2.30605138647,0
323,1030.32421875,83.3287936487,6943.68785095,3448.98602977,2000,696,3448.98602977,1070.87384372,3305.19355457,4376.06739828,3.08644531189,0
324,1030.453125,83.3248405503,6943.02905273,3446.01122814,2000,696,3446.01122814,1065.85924929,3313.4362956,4379.29554489,3.10869966911,0
325,1029.95703125,83.4417023133,6962.51768494,3455.6835803,2000,696,3455.6835803,1081.41263621,3313.9748379,4395.38747412,3.06448688218,0
326,1027.9140625,83.5871576694,6986.81292725,3468.68359437,2000,696,3468.68359437,1121.18419545,3315.29278499,4436.47698044,2.95695640238,0
327,1027.3671875,76.3197294993,5824.70111084,2886.98760914,2000,696,2886.98760914,722.257246516,2358.18522291,3080.44246943,3.26502120163,0
328,1021.5546875,73.5212350908,5405.37200928,2678.77729965,2000,696,2678.77729965,507.893130255,1961.71765965,2469.6107899,3.86246149591,0
329,1017.5625,73.311860611,5374.62890625,2663.47947341,2000,696,2663.47947341,467.57549871,1998.01841194,2465.59391065,4.2731460854,0
330,1014.1015625,20.7367577639,430.013122559,214.878638861,1127,872,214.878638861,203.611998029,228.170536322,431.782534351,1.12061439665,0
331,1013.6015625,12.2884217888,151.005310059,75.3505554636,1049,980,75.3505554636,59.2272823245,38.1119456308,97.3392279553,0.643486314669,0
332,1014.79296875,13.3703302806,178.765731812,89.2594365876,1058,980,89.2594365876,96.513002611,39.5959783417,136.108980953,0.410265739025,0
333,1016.609375,14.5302671039,211.128662109,105.525324777,1058,980,105.525324777,109.61075369,47.5421954788,157.152949168,0.433736598632,0
334,1018.265625,14.8308085032,219.952880859,109.512513219,1058,980,109.512513219,112.709881438,48.111364787,160.821246225,0.42686022,0
335,1019.15625,14.7475832236,217.491210938,107.81803333,1058,980,107.81803333,108.838577597,46.5526626065,155.391240203,0.427722078278,0
336,1020.0390625,14.3537355459,206.029724121,101.937348682,1058,980,101.937348682,98.2526252009,65.7195314184,163.972156619,0.668883210846,0
337,1022.71875,13.8532698645,191.913085938,94.7724538528,1058,980,94.7724538528,101.584296066,56.6840515647,158.268347631,0.558000141359,0
338,1026.7109375,17.3622490729,301.447692871,149.704578142,1098,980,149.704578142,267.100167886,106.723496579,373.823664464,0.399563569815,0
339,1025.984375,37.6757308271,1419.46069336,706.004886193,1254,715,706.004886193,472.348941854,956.456089862,1428.80503172,2.02489305069,0
340,1026.9296875,38.9132014059,1514.23724365,752.853114427,1254,715,752.853114427,543.294745161,1087.59177525,1630.88652042,2.00184482722,0
341,1026.421875,38.7025131159,1497.88452148,745.075836544,1254,715,745.075836544,538.000800631,1090.65096166,1628.65176229,2.0272292539,0
342,1026.734375,38.782543668,1504.08569336,749.215524363,1254,715,749.215524363,553.272078775,1095.35592322,1648.62800199,1.97977806081,0
343,1030.1484375,41.0212577977,1682.74359131,838.631587357,1254,715,838.631587357,768.983485271,1189.30163926,1958.28512453,1.54658931179,0
344,1030.79296875,53.4009753592,2851.66416931,1421.25513799,1313,715,1421.25513799,1114.03240758,1715.34050751,2829.37291509,1.53975817565,0
345,1031.921875,53.3657939038,2847.90795898,1421.0913351,1313,715,1421.0913351,1116.7760478,1705.03701063,2821.81305843,1.52674926543,0
346,1030.96484375,71.8154830645,5157.46360779,2574.86364718,1313,617,2574.86364718,1075.02224142,4814.11655503,5889.13879644,4.47815530652,0
347,1033.0078125,63.4099381128,4020.82025146,2008.35926428,1313,617,2008.35926428,904.862586392,3772.04582877,4676.90841516,4.1686393995,0
348,1031.9140625,62.75685064,3938.42230225,1966.70229211,1313,617,1966.70229211,795.404175754,3803.66127742,4599.06545317,4.78204841433,0
349,1032.23046875,62.7519733985,3937.81016541,1966.44586043,1313,617,1966.44586043,783.797252988,3805.37600399,4589.17325698,4.85505146833,0
350,1032.18359375,62.6552562606,3925.68113708,1960.57538237,1313,617,1960.57538237,751.454247673,3794.61406343,4546.0683111,5.04969407676,0
351,1029.53515625,61.1597448412,3740.51438904,1867.48934863,1313,617,1867.48934863,554.842892876,3669.06509693,4223.90798981,6.61280002689,0
352,1030.37890625,50.2998915138,2530.0790863,1264.75838106,1245,617,1264.75838106,215.942548404,3189.50634086,3405.44888926,14.7701616213,0
353,1029.56640625,50.1357871456,2513.59715271,1256.61144856,1245,617,1256.61144856,219.875476864,3187.3974847,3407.27296156,14.4963755402,0
354,1028.10546875,9.88214779756,97.6568450928,48.7739376621,1058,1000,48.7739376621,25.6739625112,27.6602941499,53.3342566611,1.07736755235,0
355,1027.41796875,9.55336110351,91.266708374,45.5944214745,1049,1000,45.5944214745,20.1519111345,32.1281654935,52.280076628,1.59429868855,0
356,1027.21875,9.3857750579,88.0927734375,43.8622050178,1049,1000,43.8622050178,20.5635229187,32.3446470982,52.908170017,1.57291370871,0
357,1027.25390625,9.30022179124,86.4941253662,43.165547502,1049,1000,43.165547502,19.4164941076,32.8905434553,52.3070375629,1.69394862291,0
358,1027.05859375,9.2824854173,86.1645355225,43.0314179125,1049,1000,43.0314179125,19.5435314535,34.6885007954,54.2320322489,1.77493514302,0
359,1027.09765625,9.43658079003,89.0490570068,44.356471914,1049,1000,44.356471914,17.8202476013,34.9640040527,52.7842516541,1.96203806114,0
360,1027.21484375,9.68390731642,93.7780609131,46.3972285457,1049,1000,46.3972285457,19.2887534065,29.5083466629,48.7971000694,1.52982134413,0
361,1027.01953125,9.90558995115,98.1207122803,48.5752314966,1049,1000,48.5752314966,18.1204105462,30.4479305996,48.5683411458,1.6803112999,0
362,1028.26171875,10.3801690519,107.747909546,53.3800620854,1058,1000,53.3800620854,35.0336053584,25.9504371645,60.9840425229,0.740729847785,0
363,1028.16015625,41.3337423448,1708.47825623,850.650612847,1372,676,850.650612847,123.566168695,755.128059894,878.694228588,6.1111230353,0
364,1028.5078125,41.3696174924,1711.44525146,852.545342972,1372,676,852.545342972,127.359848997,760.8568554,888.216704397,5.97407158846,0
365,1027.65625,41.505447214,1722.70214844,857.91370127,1372,676,857.91370127,141.062503993,760.489094579,901.551598572,5.39114983113,0
366,1030.03125,166.35151682,27672.8271484,13830.3791826,1921,0,13830.3791826,23734.5778951,22219.8057865,45954.3836816,0.936178679257,0
367,1045.4140625,225.445757311,50825.7894897,25385.3963624,2166,0,25385.3963624,63993.5586145,19342.6400433,83336.1986579,0.302259172049,0
368,1048.1953125,234.272312791,54883.5165405,27401.4385136,2166,0,27401.4385136,65208.1433466,20339.1822967,85547.3256432,0.31191169159,0
369,1039.59375,346.713159036,120210.014648,60077.098823,2284,-186,60077.098823,158194.492927,48693.7923422,206888.28527,0.307809655324,0
370,1076.86328125,405.140707689,164138.993027,82023.1246503,2284,-186,82023.1246503,240932.157031,47342.78699,288274.944021,0.196498415045,0
371,1084.23828125,404.723712013,163801.283066,81859.9817526,2284,-186,81859.9817526,241287.23655,47643.7067598,288930.94331,0.197456390321,0
372,1103.625,489.394260477,239506.742188,119709.760831,2284,-186,119709.760831,333443.32616,70513.3547039,403956.680864,0.211470283469,0
373,1110.83203125,497.967391069,247971.522568,123948.548163,2284,-186,123948.548163,328998.688062,78044.5674159,407043.255478,0.237218476084,0
374,1101.99609375,529.744451201,280629.183578,140289.425033,2362,-186,140289.425033,373324.206948,109625.170497,482949.377444,0.29364602792,0
375,1116.51953125,529.483821099,280353.116806,140143.492926,2362,-186,140143.492926,359600.925281,113571.999325,473172.924605,0.315827884025,0
376,1118.75,525.910111438,276581.445312,138259.393098,2362,-186,138259.393098,358530.922394,113639.540935,472170.463329,0.31695882792,0
377,1131.83203125,513.065715886,263236.428818,131560.690891,2372,-166,131560.690891,288665.592202,145348.761692,434014.353895,0.503519524387,0
378,1102.16015625,475.260456691,225872.501694,112886.837308,2372,-166,112886.837308,277605.535468,106752.90761,384358.443078,0.384548915534,0
379,1090.328125,512.594451805,262753.072021,131323.703736,2372,-166,131323.703736,291041.237532,148056.2862,439097.523732,0.508712399162,0
380,1095.6015625,439.935370606,193543.13031,96738.5784604,2372,-88,96738.5784604,225342.365157,98591.6001615,323933.965319,0.437519150438,0
381,1107.125,439.624777865,193269.945312,96552.8145236,2372,-88,96552.8145236,225619.532624,101406.966279,327026.498903,0.449460049402,0
382,1116.4296875,437.781189701,191652.370056,95510.8133694,2715,-88,95510.8133694,217114.535886,94055.0327033,311169.568589,0.433204678442,0
383,1085.375,414.092645129,171472.71875,85616.2744368,2715,-88,85616.2744368,216058.619939,77233.3906464,293292.010586,0.357464981809,0
384,1079.16796875,414.567252617,171866.006943,85816.9779453,2715,-88,85816.9779453,210239.797756,82084.5799135,292324.377669,0.390433118704,0
385,1077.06640625,345.816153464,119588.811996,59671.695352,2715,-88,59671.695352,138618.933852,50298.550532,188917.484384,0.362854836165,0
386,1067.0,342.956310993,117619.03125,58678.92428,2715,-88,58678.92428,138321.417553,52106.4551497,190427.872703,0.37670561849,0
387,1072.84765625,283.578383252,80416.6994476,40088.3436321,2715,29,40088.3436321,99157.245421,27536.8130103,126694.058431,0.277708531468,0
388,1044.65625,275.317201648,75799.5615234,37832.3862832,2715,29,37832.3862832,91656.7680897,27872.8194975,119529.587587,0.304099959865,0
389,1025.3828125,257.144144921,66123.1112671,33019.5405491,2715,29,33019.5405491,67012.2854721,28944.1393897,95956.4248618,0.431922880794,0
390,1022.58984375,105.262987871,11080.2966156,5531.49336777,1411,568,5531.49336777,2472.05195752,8862.49885246,11334.55081,3.58507790481,0
391,1021.875,119.444188065,14266.9140625,7123.97483292,1450,549,7123.97483292,4297.10894216,13050.1237501,17347.2326923,3.03695436298,0
392,1024.171875,117.974183443,13917.907959,6951.11521657,1450,549,6951.11521657,4581.19224528,12329.6573809,16910.8496262,2.6913643263,0
393,1023.6953125,286.91248553,82318.774353,41145.8674723,2117,-58,41145.8674723,121715.611203,24234.4902468,145950.10145,0.199107493339,0
394,1069.59765625,351.43961496,123509.802963,61727.5487411,2166,-58,61727.5487411,200856.94335,25021.7493288,225878.692678,0.124574978149,0
395,1077.19140625,359.119341786,128966.701645,64465.6006655,2166,-58,64465.6006655,198594.030336,37438.2514263,236032.281763,0.188516499529,0
396,1116.9375,411.425850511,169271.230469,84601.5889399,2274,-58,84601.5889399,252472.582479,59435.6286416,311908.21112,0.235414190555,0
397,1132.30078125,468.383797955,219383.382187,109683.83396,2323,-98,109683.83396,348849.308234,55687.5869582,404536.895192,0.15963221266,0
398,1138.38671875,465.814662358,216983.299667,108479.629566,2323,-98,108479.629566,348758.776866,50454.3032052,399213.080071,0.144668196335,0
399,1153.88671875,528.034051765,278819.959824,139378.455987,2500,-137,139378.455987,417111.409875,101240.593358,518352.003233,0.242718350449,0
400,1162.33203125,529.535965704,280408.338974,140099.401822,2500,-137,140099.401822,419998.163636,99665.9484057,519664.112042,0.237300914706,0
401,1171.17578125,488.107166327,238248.60582,119044.462823,2500,-137,119044.462823,339968.093869,90397.2142202,430365.308089,0.26589911186,0
402,1143.60546875,458.161974771,209912.395126,104866.21921,2500,-137,104866.21921,285595.497769,82380.4265811,367975.92435,0.288451418963,0
403,1139.0390625,452.821810676,205047.592224,102436.114554,2500,-137,102436.114554,284620.703502,77415.144322,362035.847824,0.271994072706,0
404,1114.21875,463.690005174,215008.420898,107416.109641,2500,-137,107416.109641,261954.728042,109087.850926,371042.578968,0.416437801073,0
405,1122.75390625,418.643827473,175262.654282,87531.4461246,2500,-137,87531.4461246,242676.183247,68661.9829106,311338.166158,0.28293663594,0
406,1117.26953125,449.12173149,201710.329697,100579.278287,3274,-137,100579.278287,253853.524158,65586.3507334,319439.874891,0.258362971131,0
407,1118.8046875,380.237714681,144580.719666,71857.5204383,3274,39,71857.5204383,167662.464659,30246.0177499,197908.482409,0.180398265118,0
408,1110.7734375,444.371232664,197465.792419,98134.0653345,4627,39,98134.0653345,171087.031718,39263.0426287,210350.074346,0.229491634956,0
409,1103.73828125,441.380803314,194817.013535,96426.2724354,4627,39,96426.2724354,119374.971069,62910.8331511,182285.80422,0.527001871396,0
410,1073.25,515.66814971,265913.640625,131814.265325,4627,-852,131814.265325,140895.904679,123975.976531,264871.88121,0.879911852748,0
411,1084.015625,527.402004884,278152.874756,138028.41,4627,-852,138028.41,127913.16075,137079.056979,264992.217729,1.07165717879,0
412,1074.375,499.768641786,249768.695312,123877.360027,4627,-852,123877.360027,56280.7001974,132923.189922,189203.89012,2.36178991121,0
413,1046.58203125,510.806303023,260923.079208,129774.535076,4627,-852,129774.535076,63854.3097972,155768.811553,219623.12135,2.43944084663,0
414,1052.953125,494.188300072,244222.075928,121266.18406,4627,-852,121266.18406,72925.4400333,147146.503277,220071.943311,2.01776640923,0
415,1034.9140625,507.317486075,257371.031677,128181.118549,4627,-852,128181.118549,72958.232944,149172.665909,222130.898853,2.04463101544,0
416,1024.57421875,457.647340473,209441.088242,104617.336749,3205,-852,104617.336749,72652.3770284,145303.080437,217955.457465,1.999976964,0
417,1032.46875,484.108062535,234360.616211,116853.202674,4490,-852,116853.202674,70270.848268,132759.846749,203030.695017,1.88925920237,0
418,1048.61328125,416.525231429,173493.268417,86362.2179693,4490,49,86362.2179693,56724.7233009,73577.3858494,130302.10915,1.29709554437,0
419,1030.421875,420.001508728,176401.267334,87822.3816578,4490,49,87822.3816578,51765.1608487,75909.0766035,127674.237452,1.466412455,0
420,1020.9296875,406.977390795,165630.596619,82175.5995523,4490,88,82175.5995523,36511.7989269,75090.7371215,111602.536048,2.05661565106,0
421,1020.7265625,377.11102093,142212.722107,70360.4664876,4490,98,70360.4664876,18766.0983048,54421.7924719,73187.8907767,2.90000572244,0
422,1019.11328125,373.308799553,139359.459824,68787.00444,4490,98,68787.00444,14199.9424179,52734.6393298,66934.5817477,3.71372205449,0
423,1018.46484375,348.036252622,121129.233139,59392.7705793,4490,225,59392.7705793,11083.9806291,50246.0131203,61329.9937494,4.53321011662,0
424,1022.38671875,373.347843395,139388.612167,68749.7159992,4490,0,68749.7159992,28471.1436972,65708.1822289,94179.3259261,2.30788699351,0
425,1027.734375,327.243816413,107088.515381,53270.5481859,2568,0,53270.5481859,55046.9769127,52465.9328355,107512.909748,0.953111974137,0
426,1032.8515625,307.922932978,94816.5326538,47125.0863351,2568,0,47125.0863351,61213.3027697,49496.1516986,110709.454468,0.808584890197,0
427,1045.80078125,395.844364736,156692.761093,78233.2546864,2294,-264,78233.2546864,140177.925364,89527.1210213,229705.046386,0.638667755916,0
428,1059.6171875,387.000436472,149769.33783,74868.7056003,2294,-264,74868.7056003,137607.316501,86568.6919606,224176.008462,0.629099485126,0
429,1075.23046875,455.984389306,207921.76329,103904.797864,2382,-264,103904.797864,184826.054486,130691.52537,315517.579856,0.707105530835,0
430,1083.13671875,472.796559608,223536.586777,111717.853621,2382,-264,111717.853621,256166.102172,107249.995012,363416.097184,0.418673642227,0
431,1090.80078125,464.93883519,216168.120468,108038.247033,2382,-264,108038.247033,255897.548973,100634.124024,356531.672997,0.393259429127,0
432,1086.234375,479.540421008,229959.015381,114840.948833,2382,-264,114840.948833,245290.869893,125811.509392,371102.379285,0.51290742883,0
433,1068.36328125,463.542521036,214871.668808,107312.249648,2382,-264,107312.249648,242807.108371,109649.517178,352456.625549,0.451591050665,0
434,1061.7734375,494.192977155,244226.698669,121982.004745,2382,-264,121982.004745,211111.448274,188248.685779,399360.134053,0.891702876928,0
435,1079.64453125,441.517149353,194937.393173,97358.794583,2382,-98,97358.794583,191316.19833,121152.38434,312468.58267,0.633257326863,0
436,1074.9375,434.528187916,188814.746094,94300.1683431,2382,-98,94300.1683431,193264.502274,114010.558674,307275.060948,0.589919811099,0
437,1110.61328125,405.309674792,164275.93248,82040.4347781,2421,-49,82040.4347781,132942.32296,115428.56852,248370.89148,0.868260505386,0
438,1091.0703125,461.470402687,212954.932556,106356.65158,2421,-166,106356.65158,263978.38064,92037.7210189,356016.101659,0.348656283124,0
439,1097.8046875,474.260502628,224923.024353,112365.979489,2421,-166,112365.979489,263849.808441,102933.749837,366783.558278,0.390122511156,0
440,1149.16796875,465.876717939,217041.116318,108467.870903,2421,-166,108467.870903,280451.998023,88519.1484929,368971.146516,0.315630300789,0
441,1146.6875,531.724549079,282730.996094,141311.412267,2421,-166,141311.412267,415355.995544,96721.5492915,512077.544835,0.232864218476,0
442,1150.2578125,514.255472839,264458.691345,132206.555755,2421,-166,132206.555755,383144.497632,83245.1934863,466389.691118,0.217268403959,0
443,1111.6953125,525.284098111,275923.383728,137836.99905,2421,-598,137836.99905,386129.929062,79891.3376461,466021.266708,0.206902733078,0
444,1130.84765625,535.406311317,286659.918198,143086.017837,2421,-598,143086.017837,396591.403821,88067.1651367,484658.568958,0.222060196687,0
445,1073.58203125,548.805066561,301187.001083,150240.37266,3490,-598,150240.37266,382873.849044,94173.880894,477047.729938,0.245965821717,0
446,1089.19140625,491.249402119,241325.975082,120302.643509,3490,-598,120302.643509,247620.920192,113342.836374,360963.756566,0.457727223878,0
447,1075.54296875,490.819306776,240903.591904,120053.754782,3490,-598,120053.754782,261788.889935,105378.56801,367167.457945,0.402532620986,0
448,1036.86328125,452.788117075,205017.078964,102114.016437,3490,-598,102114.016437,206029.765937,98612.9017243,304642.667661,0.478634246251,0
449,1041.02734375,380.017715503,144413.464096,71791.4667339,3490,-598,71791.4667339,82157.8256985,97327.5859708,179485.411669,1.18464169595,0
450,1035.7890625,361.179462238,130450.603943,64935.289524,3490,-598,64935.289524,81819.885448,88850.14591,170670.031358,1.08592361653,0
451,1037.46484375,352.022569431,123919.889389,61918.2738448,3490,-411,61918.2738448,79110.5746093,85978.6432742,165089.217883,1.08681606345,0
452,1016.01171875,332.442752149,110518.183456,55258.3844667,3490,-411,55258.3844667,56934.4759556,81940.484768,138874.960724,1.43920679681,0
453,1026.08984375,308.60498197,95237.0348969,47444.0077431,3362,-411,47444.0077431,36381.2561242,55116.8697662,91498.1258903,1.51497984506,0
454,1014.62890625,306.195363405,93755.6005707,46788.795731,3362,-411,46788.795731,24978.6307066,52903.0328453,77881.6635519,2.11793166193,0
455,1013.25390625,296.338584436,87816.5566254,43811.0500488,3362,-411,43811.0500488,15396.0418075,52013.3161005,67409.357908,3.37835638217,0
456,1013.36328125,297.577886436,88552.5984955,44119.443627,3362,-411,44119.443627,14008.6923826,52183.3489312,66192.0413138,3.72506922887,0
457,1007.18359375,290.665953909,84486.6967621,42098.875413,3362,-411,42098.875413,14168.4122933,43775.3626217,57943.774915,3.08964488861,0
458,1002.95703125,326.968237941,106908.228622,53297.4953758,3362,-411,53297.4953758,17326.7241611,50633.5463378,67960.2704989,2.92228039571,0
459,1011.7734375,282.203168581,79638.6283569,39649.9845287,3362,205,39649.9845287,14325.1638902,24219.575333,38544.7392232,1.69070144807,0
460,1010.27734375,290.271258565,84257.4035492,41932.2486421,3362,205,41932.2486421,11552.2557436,26039.5854489,37591.8411925,2.25406933736,0
461,1010.6328125,228.924843395,52406.5839233,25920.8409157,3029,205,25920.8409157,11301.8543286,19346.9726006,30648.8269292,1.71184055626,0
462,1040.20703125,257.46680632,66289.1563568,32883.9981419,3029,205,32883.9981419,36529.4284399,28738.7767503,65268.2051902,0.786729439185,0
463,1046.45703125,307.328480666,94450.7950287,46967.8257004,3029,147,46967.8257004,91143.3703044,26710.9088277,117854.279132,0.293064747754,0
464,1048.0,315.24801744,99381.3125,49420.4297362,3029,147,49420.4297362,90237.9011305,29850.2013912,120088.102522,0.330794500063,0
465,1059.08984375,375.577913717,141058.769272,70138.7094814,3029,-19,70138.7094814,139872.857077,48304.6970675,188177.554145,0.345347182269,0
466,1086.171875,387.190745736,149916.673584,74946.580292,2196,-19,74946.580292,185805.116529,46572.1650962,232377.281626,0.250650606216,0
467,1087.25390625,386.696356655,149534.07225,74760.3814509,2196,-19,74760.3814509,185752.516609,46412.966682,232165.483291,0.249864537662,0
468,1095.44921875,445.379970064,198363.317734,99172.3622269,2294,-29,99172.3622269,259871.562447,54940.669753,314812.2322,0.211414705155,0
469,1113.68359375,455.194015002,207201.591293,103593.986554,2294,-29,103593.986554,279992.241494,50966.8168518,330959.058346,0.182029389742,0
470,1089.3046875,433.271323743,187724.039978,93852.5813833,2294,-29,93852.5813833,255117.538914,46181.8996407,301299.438555,0.181022049042,0
471,1091.09765625,421.449584389,177619.752182,88796.5450818,2294,-29,88796.5450818,233524.123008,53573.9049185,287098.027927,0.229414863991,0
472,1088.98828125,415.031413367,172251.074081,86066.0775029,2294,-29,86066.0775029,232969.901063,51052.2754106,284022.176473,0.219136786244,0
473,1080.51171875,363.334223099,132011.757675,65951.7811069,2294,-29,65951.7811069,163329.465116,46974.2761777,210303.741294,0.287604420576,0
474,1058.71875,315.8673188,99772.1630859,49827.0421963,2294,-29,49827.0421963,139632.032165,32140.6479394,171772.680105,0.23018105116,0
475,1061.9765625,327.400234443,107190.913513,53536.0895892,2294,-29,53536.0895892,138053.66579,44728.7665958,182782.432386,0.323995500879,0
476,1064.0234375,267.986924379,71816.9916382,35849.4803764,1882,147,35849.4803764,56165.260368,51462.9587278,107628.219096,0.916277399776,0
477,1053.609375,266.89011182,71230.3317871,35560.5003629,2098,147,35560.5003629,41824.710468,62496.7340969,104321.444565,1.49425383697,0
478,1058.0,269.236652408,72488.375,36196.1606229,2098,147,36196.1606229,47430.4365977,58667.2024833,106097.639081,1.23691044594,0
479,1032.0390625,339.513367335,115269.326599,57598.9300576,2098,88,57598.9300576,140211.249279,53730.787785,193942.037064,0.383213102097,0
480,1068.97265625,371.991792629,138377.893784,69183.8135231,2098,88,69183.8135231,190735.251277,54088.6539317,244823.905208,0.283579745064,0
481,1080.703125,383.378441038,146979.029053,73475.950785,2098,88,73475.950785,192172.930901,61376.4794056,253549.410307,0.319381502472,0
482,1089.234375,389.623696348,151806.624756,75869.7411841,2098,88,75869.7411841,191564.166401,73012.7884697,264576.954871,0.381140115301,0
483,1085.125,399.813218109,159850.609375,79813.4837608,2372,88,79813.4837608,217667.882658,62497.1941341,280165.076792,0.287121799371,0
484,1069.74609375,378.777270553,143472.220688,71576.6675716,2372,88,71576.6675716,211306.33892,32255.511628,243561.850549,0.152648102243,0
485,1071.23046875,381.709903972,145702.45079,72730.054642,2754,88,72730.054642,212503.565419,30299.2922496,242802.857669,0.142582512391,0
486,1064.91015625,386.32641302,149248.097397,74511.5129258,2754,88,74511.5129258,200085.760241,45075.9133849,245161.673626,0.225282965318,0
487,1098.21484375,297.003729877,88211.2155609,43983.889328,2754,588,43983.889328,84226.6388474,35099.187936,119325.826783,0.416723122475,0
488,1055.76953125,256.180229849,65628.3101654,32696.1586324,2754,588,32696.1586324,44893.4223426,33462.7526468,78356.1749894,0.745382082735,0
489,1049.7421875,231.965607166,53808.0429077,26836.8790031,2754,588,26836.8790031,43395.099378,21870.051713,65265.1510909,0.503975149878,0
490,1049.5234375,342.250033438,117135.085388,58534.3530654,2754,49,58534.3530654,126230.927265,43820.4794188,170051.406684,0.347145349942,0
491,1049.7265625,322.1356036,103771.347107,51809.3879645,2754,49,51809.3879645,100430.653647,49519.9839208,149950.637567,0.493076387764,0
492,1054.47265625,357.892157119,128086.796127,63758.2885733,2754,49,63758.2885733,139524.017353,48788.4957506,188312.513104,0.349678117619,0
493,1047.1640625,341.94635401,116927.309021,58303.7641446,2343,49,58303.7641446,128292.914689,44589.5857616,172882.500451,0.347560782056,0
494,1049.0859375,385.625355092,148706.91449,74092.0425931,2676,-156,74092.0425931,123856.686172,74263.909677,198120.595849,0.599595483879,0
495,1042.05078125,427.932157024,183125.931015,91327.800631,2676,-156,91327.800631,156795.267463,118511.11428,275306.381743,0.755833490372,0
496,1060.30859375,438.581549844,192353.775864,95934.9427187,2676,-156,95934.9427187,157587.310296,128841.114995,286428.425291,0.817585595903,0
497,1043.6171875,466.645645155,217758.158142,108604.384193,2676,-156,108604.384193,155378.029339,159549.738134,314927.767473,1.02684876886,0
498,1030.20703125,398.134085588,158510.750107,79022.5604804,2676,-156,79022.5604804,98282.7893692,127926.675647,226209.465017,1.30161828402,0
499,1034.41796875,400.911550589,160730.071396,80121.007216,2676,-156,80121.007216,95336.1786278,130515.676339,225851.854967,1.36900469704,0
500,1035.20703125,364.04488706,132528.679794,66198.6358769,2676,-156,66198.6358769,72910.8410484,121343.163204,194254.004252,1.66426777498,0
501,1035.57421875,390.495291414,152486.572617,76154.5089944,2676,-156,76154.5089944,87276.4633979,147280.703181,234557.166578,1.68751914831,0
502,1053.0703125,365.666753676,133712.174744,66810.1124589,2215,58,66810.1124589,99856.39564,118229.032671,218085.428311,1.18399058881,0
503,1048.06640625,302.148542416,91293.741684,45606.0199234,2127,58,45606.0199234,63121.5507252,69099.8911284,132221.441854,1.09471155785,0
504,1038.5703125,357.582555669,127865.284119,63874.9313663,2147,58,63874.9313663,114876.949917,84680.9035662,199557.853483,0.737144428254,0
505,1063.375,342.101124943,117033.179688,58387.1822028,2186,58,58387.1822028,135525.406511,57246.1847464,192771.591258,0.422401867074,0
506,1069.80078125,327.966716822,107562.167343,53643.9065544,2186,58,53643.9065544,121936.542046,49328.8801738,171265.42222,0.404545506589,0
507,1065.890625,342.286298166,117159.909912,58504.253882,2186,58,58504.253882,123501.262367,58264.9372645,181766.199632,0.471776046234,0
508,1064.16015625,378.198528149,143034.126694,71397.4167769,2186,49,71397.4167769,152345.683084,79425.6900908,231771.373175,0.521351760568,0
509,1077.0703125,359.336327997,129122.596619,64462.9776144,2186,49,64462.9776144,148335.639548,55229.1605036,203564.800052,0.372325630387,0
510,1058.16015625,334.674844728,112007.251694,55903.8642569,2186,49,55903.8642569,134694.076075,44793.0268502,179487.102925,0.332553800104,0
511,1055.28125,402.140113516,161716.670898,80761.8946295,2245,-29,80761.8946295,195672.996854,66591.0985279,262264.095382,0.340318284069,0
512,1075.796875,379.189521368,143784.693115,71788.5315414,2245,-29,71788.5315414,148491.309757,75894.5328192,224385.842576,0.511104204976,0
513,1068.98828125,358.24262338,128337.777206,64121.3797749,2245,-29,64121.3797749,132802.508995,69080.7860687,201883.295064,0.520176814365,0
514,1064.1015625,487.058860339,237226.333435,118544.195415,2970,-274,118544.195415,280747.3056,110103.211084,390850.516684,0.392179048159,0
515,1079.6953125,489.135965865,239253.993103,119607.829455,2970,-274,119607.829455,283027.539461,105253.367173,388280.906634,0.371883836368,0
516,1088.96484375,504.655044172,254676.713608,126927.85329,3196,-274,126927.85329,259791.208978,105970.351794,365761.560772,0.407905841814,0
517,1065.76953125,517.068152402,267359.474228,133236.538348,3196,-274,133236.538348,275207.030027,115236.269535,390443.299562,0.418725748115,0
518,1066.7890625,535.265101555,286508.728943,142882.252182,3196,-274,142882.252182,284157.775681,122255.164918,406412.940599,0.430236915475,0
519,1069.46484375,494.154026483,244188.201889,121647.62082,3196,-274,121647.62082,229737.477089,106188.017424,335925.494513,0.462214605861,0
520,1037.19921875,473.760590415,224449.097031,111648.904013,3196,-274,111648.904013,215543.300202,90084.1795096,305627.479712,0.417940058564,0
521,1045.78125,534.489175485,285678.678711,142285.000009,3754,-274,142285.000009,269084.888607,85691.1377799,354776.026387,0.318453920707,0
522,1048.1953125,421.763986479,177884.860291,88312.9507768,3754,9,88312.9507768,64878.1612852,83245.9868433,148124.148128,1.28311260976,0
523,1033.59765625,420.744028286,177025.537338,87887.2900928,3754,9,87887.2900928,66499.0862276,77784.6715874,144283.757815,1.1697103825,0
524,1026.62890625,367.505472674,135060.272446,67338.2109282,3754,9,67338.2109282,35137.6337547,71533.1385351,106670.77229,2.03579839879,0
525,1033.94140625,340.825572376,116162.070786,57864.828121,3754,117,57864.828121,18843.7766297,50355.5814485,69199.3580782,2.67226588588,0
526,1048.734375,319.770107469,102252.921631,50997.3442188,3754,117,50997.3442188,22506.6751985,46341.9499599,68848.6251584,2.05903135631,0
527,1055.77734375,333.925505754,111506.243393,55657.1193932,3754,117,55657.1193932,51359.00588,44832.4077799,96191.4136599,0.872922032108,0
528,1059.8984375,331.176391346,109677.802185,54786.0374185,3754,254,54786.0374185,50057.0048005,43483.0453229,93540.0501233,0.868670538643,0
529,1054.41015625,225.160757967,50697.3669281,25328.5150838,2568,254,25328.5150838,44447.3626717,18872.5252014,63319.8878731,0.424603937489,0
530,1068.2734375,307.675780928,94664.3861694,47319.3954199,2568,98,47319.3954199,114440.208515,29004.6347276,143444.843243,0.253447936734,0
531,1069.65234375,297.831433413,88703.5627289,44344.6534133,2215,98,44344.6534133,129329.883779,20835.5470947,150165.430874,0.161103887872,0
532,1068.65625,297.715138532,88634.3037109,44315.2492711,2215,98,44315.2492711,129315.155434,20888.5402788,150203.695713,0.161532035504,0
533,1062.41015625,347.857549495,121004.874741,60499.7708526,2215,98,60499.7708526,172999.295386,30685.7535391,203685.048925,0.177375020347,0
534,1055.3515625,358.965213971,128856.024841,64413.745565,2215,98,64413.745565,171897.56795,40007.5800417,211905.147992,0.232740814886,0
535,1048.89453125,344.417137578,118623.164658,59292.162049,2215,98,59292.162049,150289.590473,40662.7614882,190952.351961,0.270562727334,0
536,1052.3203125,335.430540351,112513.6474,56251.4728734,1980,98,56251.4728734,148288.862253,41755.9046166,190044.76687,0.281584901132,0
537,1035.69921875,389.323430774,151572.733749,75781.5258632,1980,68,75781.5258632,191029.950638,58185.5678251,249215.518463,0.304588718318,0
538,1044.9453125,343.306869119,117859.606384,58922.0919173,1980,68,58922.0919173,149453.238792,46282.6661888,195735.904981,0.309679914353,0
539,1040.73828125,330.193914764,109028.021347,54497.3166763,1980,68,54497.3166763,141291.449331,39023.0387389,180314.48807,0.276188254304,0
540,1069.9140625,357.389592377,127727.32074,63847.052492,2068,68,63847.052492,162049.552348,45847.0542562,207896.606604,0.282919968564,0
541,1076.546875,374.139885675,139980.654053,69968.2641356,2068,-19,69968.2641356,183682.153643,48507.0003839,232189.154027,0.264081182749,0
542,1073.87890625,370.555459571,137311.348618,68639.8715685,2117,-19,68639.8715685,180842.508991,48049.4655427,228891.974534,0.265697848425,0
543,1080.26953125,405.123825604,164125.314072,82048.5223072,2235,-19,82048.5223072,198365.523488,76928.6872747,275294.210763,0.387812790861,0
544,1079.8828125,432.767179416,187287.43158,93634.6169189,2235,-19,93634.6169189,275859.167403,61794.4622792,337653.629683,0.224007281907,0
545,1095.5,393.115609983,154539.882812,77258.1552443,2235,-19,77258.1552443,198473.135024,57856.7574509,256329.892475,0.291509263679,0
546,1094.4453125,393.084682126,154515.567322,77237.3645507,2235,-19,77237.3645507,205482.3946,60122.3050893,265604.69969,0.292591028084,0
547,1090.6796875,433.17670928,187642.061462,93756.5790961,2235,-19,93756.5790961,241712.647742,70595.1171652,312307.764907,0.292062156551,0
548,1060.609375,414.387212007,171716.761475,85786.0672939,2235,-19,85786.0672939,227307.302391,60806.5499538,288113.852345,0.267508123647,0
549,1062.0546875,359.832313563,129479.293884,64664.1821918,2235,9,64664.1821918,145728.964729,61636.4710264,207365.435756,0.422952781837,0
550,1052.51171875,438.303797169,192110.218613,95504.4439911,3686,-725,95504.4439911,173895.432342,79211.1084338,253106.540776,0.455510000273,0
551,1047.875,398.137529238,158513.492188,78697.4786081,3686,-725,78697.4786081,114654.066055,69528.4904014,184182.556457,0.606419752858,0
552,1042.1640625,390.638855301,152598.715271,75740.0996849,3686,-725,75740.0996849,85029.7004928,71137.6897848,156167.390278,0.836621667164,0
553,1038.734375,381.052879048,145201.296631,72047.1168149,3686,-725,72047.1168149,86423.1800298,68461.3470805,154884.52711,0.792164174668,0
554,1012.77734375,380.863412138,145056.938705,72078.1967715,3686,-725,72078.1967715,76467.6627032,76545.9816782,153013.644381,1.00102421039,0
555,1015.84765625,357.558895163,127848.36351,63513.2004976,3686,-725,63513.2004976,51345.5671926,77027.1477511,128372.714944,1.50017132856,0
556,1019.0390625,377.858933299,142777.373474,70972.6406253,3686,-725,70972.6406253,48729.1975852,89959.1994234,138688.397009,1.84610467402,0
557,1015.9140625,387.117331764,149859.828552,74537.7906669,3686,-725,74537.7906669,42832.827007,108379.419242,151212.246249,2.53028872516,0
558,1018.35546875,278.554798892,77592.7759857,38766.5392342,2323,-39,38766.5392342,20331.3107881,78773.5932416,99104.9040297,3.87449653702,0
559,1034.26953125,332.927593962,110840.782822,55387.6980698,2323,-39,55387.6980698,59939.0310765,92968.6557063,152907.686783,1.55105369634,0
560,1041.19921875,321.25207222,103202.893906,51535.620365,2245,29,51535.620365,68768.4942099,81944.9754438,150713.469654,1.19160636546,0
561,1048.98046875,329.593066466,108631.589462,54249.7248928,2245,29,54249.7248928,69264.3619292,90649.5872619,159913.949191,1.30874788617,0
562,1056.01171875,353.31259931,124829.792831,62353.5957599,2245,29,62353.5957599,67995.143707,95950.5166524,163945.660359,1.41113778751,0
563,1070.34375,336.158164446,113002.311523,56467.2930363,2245,29,56467.2930363,59775.7167482,82903.0232697,142678.740018,1.38690136697,0
564,1089.62890625,370.583860207,137332.397446,68647.2619447,2245,68,68647.2619447,128489.038501,76123.6321489,204612.67065,0.592452344859,0
565,1090.33984375,369.434161049,136481.59935,68198.8012967,2245,68,68198.8012967,133314.218191,75217.251844,208531.470035,0.564210276028,0
566,1091.31640625,369.555240348,136571.075668,68251.806383,2245,68,68251.806383,131035.73553,77130.5918854,208166.327416,0.58862257363,0
567,1077.84765625,325.423048331,105900.160385,52901.7353402,2245,68,52901.7353402,87449.5549108,66272.9894432,153722.544354,0.757842501438,0
568,1064.93359375,381.527244845,145563.038559,72744.5723445,2205,58,72744.5723445,164451.867468,73125.1262543,237576.993722,0.444659749873,0
569,1078.36328125,382.247318575,146113.012558,73019.7191403,2205,58,73019.7191403,178870.334203,68251.9875328,247122.321736,0.381572426959,0
570,1067.6953125,351.009249313,123207.493103,61567.8314508,2019,58,61567.8314508,186766.586215,40636.144145,227402.73036,0.217577163927,0
571,1068.1875,355.154857289,126134.972656,63051.1597802,2019,58,63051.1597802,173705.707358,55648.595416,229354.302774,0.320361352902,0
572,1043.04296875,304.756207172,92876.3458099,46425.706613,2019,58,46425.706613,128747.106645,35323.9621258,164071.068771,0.274367036637,0
573,1049.09765625,302.065070588,91243.3068695,45607.6576767,2019,58,45607.6576767,125157.798879,29905.3661133,155063.164992,0.238941291562,0
574,1047.17578125,301.536657506,90924.3558197,45449.6500889,2019,58,45449.6500889,125133.602735,29895.0371944,155028.639929,0.238904950717,0
575,1042.62109375,350.76849919,123038.540024,61507.6417584,2019,29,61507.6417584,185010.626715,28860.8936414,213871.520357,0.155995869825,0
576,1072.92578125,287.426876501,82614.2093353,41295.1619665,1892,29,41295.1619665,110589.226679,22646.0884043,133235.315084,0.204776623224,0
577,1050.33203125,293.514418682,86150.713974,43061.9106292,2352,29,43061.9106292,104253.307206,24880.2289362,129133.536142,0.238651699433,0
578,1076.18359375,309.887822263,96030.4623871,47973.5012233,2352,29,47973.5012233,113108.756068,36942.8672617,150051.62333,0.326613681787,0
579,1058.90234375,352.266525953,124091.705307,62004.8093166,2539,9,62004.8093166,151706.953479,42962.3338129,194669.287292,0.283192911252,0
580,1068.9375,350.562277144,122893.910156,61408.1896359,2539,9,61408.1896359,133425.022645,43433.9978083,176859.020454,0.325531125626,0
581,1080.84375,368.823963716,136031.116211,67969.5066523,2539,-98,67969.5066523,148384.020518,61798.1274421,210182.14796,0.416474275508,0
582,1073.1953125,498.525216554,248527.391541,124209.576037,4774,-98,124209.576037,224801.293367,123600.03389,348401.327257,0.549819051475,0
583,1074.23046875,464.010756384,215305.98204,107592.475231,4774,-98,107592.475231,153702.715708,117960.980683,271663.696391,0.767461915944,0
584,1053.28125,453.281601172,205464.209961,102668.938621,4774,-98,102668.938621,140200.904015,118198.291739,258399.195753,0.843063691845,0
585,1051.875,439.457193592,193122.625,96499.2128673,4774,-98,96499.2128673,140493.026351,113176.699668,253669.726019,0.805568095501,0
586,1028.921875,443.166554987,196396.595459,98075.9573262,4774,-98,98075.9573262,137510.554589,111331.569601,248842.124189,0.809621995442,0
587,1041.90625,410.891921189,168832.170898,84403.6177984,4774,-98,84403.6177984,121196.945957,86956.8792156,208153.825172,0.717484079563,0
588,1036.02734375,401.625820925,161303.300034,80645.5131307,4774,-98,80645.5131307,121206.053402,84930.7119003,206136.765302,0.700713450499,0
589,1031.14453125,378.121206863,142975.647079,71469.740693,4774,-49,71469.740693,87631.7921077,81040.7318469,168672.523955,0.92478688268,0
590,1037.5546875,248.240001957,61623.0985718,30807.9155095,1637,127,30807.9155095,95275.9696327,14236.0711018,109512.040735,0.149419325321,0
591,1041.0625,255.192245241,65123.0820312,32557.7676413,1637,127,32557.7676413,97663.1491598,15046.4327561,112709.581916,0.15406458716,0
592,1049.51953125,259.389486812,67282.9058685,33634.6604879,1637,127,33634.6604879,99499.129392,16049.9316573,115549.061049,0.161307257213,0
593,1050.23828125,290.142573149,84182.7127533,42089.1475994,1637,127,42089.1475994,118179.788273,27512.9204522,145692.708725,0.232805633301,0
594,1054.68359375,261.159519103,68204.2944183,34083.9923414,1637,127,34083.9923414,95578.9885017,20593.6874352,116172.675937,0.215462496078,0
595,1045.30078125,246.756473445,60888.7571869,30414.31668,1568,127,30414.31668,93517.9014613,15569.5361121,109087.437573,0.166487227245,0
596,1033.03515625,322.300935921,103877.893295,51895.7475998,1794,-9,51895.7475998,164383.48382,29102.9969306,193486.480751,0.177043315145,0
597,1037.0234375,335.862217491,112803.429138,56367.7555008,1794,-9,56367.7555008,186811.579591,26605.3072828,213416.886874,0.14241787014,0
598,1038.875,292.017350191,85274.1328125,42603.5894187,1794,-9,42603.5894187,133049.266776,17766.8990819,150816.165858,0.133536241968,0
599,1052.22265625,302.459090135,91481.5012054,45703.4015573,1833,-9,45703.4015573,139818.832544,22426.8735679,162245.706112,0.160399519578,0
600,1045.1484375,358.365649726,128425.938904,64149.1254378,1833,-9,64149.1254378,199308.903982,33925.1126961,233234.016678,0.170213733648,0
601,1040.90234375,344.766964767,118864.259995,59250.4159112,2137,-9,59250.4159112,178173.793433,22408.9447448,200582.738178,0.125770150105,0
602,1039.20703125,339.097504111,114987.117294,57409.5694886,2137,-9,57409.5694886,177719.05329,21416.5009308,199135.554221,0.120507624446,0
603,1040.8515625,382.792639073,146530.204529,73185.5497221,2137,-9,73185.5497221,227205.978517,37765.8205997,264971.799117,0.166218428081,0
604,1080.703125,350.753527231,123028.036865,61442.5348347,2137,19,61442.5348347,169511.231586,30151.6760518,199662.907638,0.177874207919,0
605,1073.703125,374.798578393,140473.974365,70139.93979,2137,-9,70139.93979,163893.028418,69153.6592953,233046.687713,0.421943873775,0
606,1075.65625,371.343011023,137895.631836,68873.1417513,2137,-9,68873.1417513,164390.753686,67318.5652581,231709.318944,0.409503355565,0
607,1077.74609375,437.158002472,191107.119125,95415.5109859,2235,-9,95415.5109859,249785.233795,79756.8174897,329542.051285,0.319301570705,0
608,1094.4765625,409.174406291,167423.694763,83554.2801894,2235,-9,83554.2801894,190937.048051,89748.6690512,280685.717102,0.470043241829,0
609,1099.28125,399.549188099,159639.553711,79724.5978449,2235,-9,79724.5978449,186778.864163,89229.3438137,276008.207976,0.477727200097,0
610,1108.1015625,485.508590292,235718.591248,117767.590106,2362,-39,117767.590106,301107.630463,111450.689885,412558.320348,0.37013572095,0
611,1143.45703125,479.442333632,229864.951279,114848.362457,2362,-39,114848.362457,309400.727805,92886.9174842,402287.645289,0.300215575261,0
612,1122.6875,464.334827502,215606.832031,107757.465836,2362,-39,107757.465836,291481.942086,97571.5760542,389053.51814,0.334743124586,0
613,1117.5703125,483.452988336,233726.791931,116834.575256,2362,-39,116834.575256,345537.343673,74957.3733486,420494.717021,0.216929876672,0
614,1144.48828125,494.756284561,244783.781113,122295.636277,2362,-39,122295.636277,361877.339763,78205.550375,440082.890138,0.216110659005,0
615,1137.765625,432.973521209,187466.070068,93695.5838829,2362,-39,93695.5838829,291843.932929,53818.7636274,345662.696556,0.184409396787,0
616,1130.4453125,453.750332448,205889.364197,102906.919954,2362,-39,102906.919954,335992.888739,42782.4545837,378775.343323,0.127331428782,0
617,1135.79296875,460.600431957,212152.757919,106018.355819,2362,-39,106018.355819,334654.147546,47894.7954043,382548.942951,0.143117292152,0
618,1122.8125,416.93045452,173831.003906,86803.8753577,2196,-284,86803.8753577,223035.584847,77434.1112664,300469.696114,0.347182766012,0
619,1112.8203125,399.727005155,159781.67865,79787.4207668,2196,-284,79787.4207668,196824.903289,73700.645004,270525.548293,0.374447764345,0
620,1104.06640625,397.612100305,158095.382309,78942.8285671,2196,-284,78942.8285671,198446.187148,71981.5531922,270427.74034,0.362725806058,0
621,1094.87890625,396.096368315,156892.332993,78392.5557127,2196,-284,78392.5557127,197377.683326,74332.2629306,271709.946257,0.376599125483,0
622,1081.03125,389.975248363,152080.694336,75957.2026752,2196,-284,75957.2026752,180770.302557,74406.9197365,255177.222293,0.411610307026,0
623,1068.50390625,385.300207611,148456.249985,74163.8737753,2196,-284,74163.8737753,171390.587409,78301.9106395,249692.498049,0.456862373967,0
624,1060.7734375,339.933557728,115554.823669,57742.8119833,2196,-284,57742.8119833,127777.247735,65317.0594596,193094.307195,0.511179107528,0
625,1057.96875,332.177861749,110342.131836,55143.4039649,2196,-284,55143.4039649,126369.356977,63958.9569473,190328.313924,0.506127106109,0
626,1056.4765625,274.7050539,75462.8666382,37699.6460723,1901,-68,37699.6460723,98724.2724776,29145.3247099,127869.597188,0.295219442782,0
627,1011.30078125,250.271491958,62635.8196869,31289.6253043,1901,-68,31289.6253043,75742.4952968,26349.4228643,102091.918161,0.347881631851,0
628,989.25390625,258.198570751,66666.5019379,33299.5823372,1901,-68,33299.5823372,83284.6759143,24464.4451582,107749.121073,0.293744856297,0
629,982.25390625,164.901965385,27192.6581879,13590.6953111,1725,666,13590.6953111,20706.222957,13554.2773408,34260.5002978,0.654599217297,0
630,952.4453125,133.288884371,17765.9266968,8880.12174444,1421,666,8880.12174444,12488.3550228,11152.7672309,23641.1222537,0.893053345347,0
631,940.14453125,131.426453595,17272.9127045,8633.32302221,1421,666,8633.32302221,11529.5088145,11811.576052,23341.0848665,1.02446480956,0
632,929.7734375,141.814260943,20111.2846069,10046.9067863,1441,559,10046.9067863,13508.0766145,12566.5010055,26074.57762,0.930295360628,0
633,913.69140625,137.930782872,19024.9008636,9504.56177052,1441,558,9504.56177052,11042.0619813,15356.8474491,26398.9094304,1.39075903351,0
634,906.515625,132.811219663,17638.8200684,8812.21292042,1441,558,8812.21292042,9958.23432344,14500.0906432,24458.3249666,1.45609052491,0
635,910.87890625,130.535484371,17039.5126801,8511.797945,1441,558,8511.797945,9366.99146267,14321.1610957,23688.1525583,1.52889656756,0
636,921.640625,125.738271966,15810.1130371,7897.1992398,1441,558,7897.1992398,8599.94568809,13086.2043203,21686.1500084,1.52166127496,0
637,920.20703125,110.6801774,12250.1016693,6116.23121751,1441,558,6116.23121751,7933.62139132,9961.43288802,17895.0542793,1.25559721049,0
638,919.390625,95.5770496098,9134.97241211,4560.64136309,1441,558,4560.64136309,4706.30501931,8272.63009992,12978.9351192,1.75777601876,0
639,917.046875,94.2107726204,8875.66967773,4431.92466065,1441,558,4431.92466065,4475.36690402,8459.52463944,12934.8915435,1.89024158708,0
640,911.359375,60.1237960346,3614.87084961,1806.78644706,1294,558,1806.78644706,1481.82861466,4386.98248401,5868.81109867,2.9605194829,0
641,908.28125,18.0891617671,327.217773438,163.36458593,980,862,163.36458593,138.572751788,270.732440107,409.305191895,1.95372060246,0
642,908.73828125,17.2714387659,298.302597046,148.99258905,950,862,148.99258905,120.176108751,277.373506085,397.549614836,2.30805863967,0
643,909.421875,21.6371387083,468.165771484,233.876015205,980,813,233.876015205,299.66161769,330.348591572,630.010209262,1.10240542021,0
644,911.58203125,49.296467504,2430.14170837,1208.08522802,1127,676,1208.08522802,1826.88465287,1528.00767675,3354.89232962,0.836400740653,0
645,919.69921875,95.3100991469,9084.01499939,4498.74734113,1921,676,4498.74734113,2783.59955756,7839.15224617,10622.7518037,2.81619251767,0
646,935.10546875,105.971144221,11229.8834076,5592.62474174,1921,676,5592.62474174,4970.61274127,7979.0808329,12949.6935742,1.60525095159,0
647,949.7890625,109.271890852,11940.3461304,5948.73890109,1921,676,5948.73890109,5358.80971901,8064.40329693,13423.2130159,1.50488704018,0
648,963.31640625,110.860543221,12290.0600433,6124.4012578,1921,676,6124.4012578,5663.85994468,8037.43882561,13701.2987703,1.41907443053,0
649,977.87890625,109.812468805,12058.7783051,6009.36512702,1921,676,6009.36512702,5227.90468099,8073.61513735,13301.5198183,1.54433097579,0
650,991.91796875,107.274605229,11507.8409271,5731.95006602,1921,676,5731.95006602,5013.54191788,7973.22530837,12986.7672263,1.59033781685,0
651,1005.45703125,102.377661888,10481.1856537,5217.3438675,1921,676,5217.3438675,3552.3233374,8181.02533112,11733.3486685,2.303006949,0
652,1017.71875,87.5723305956,7668.91308594,3827.69799525,1921,715,3827.69799525,1272.77042316,5384.0536431,6656.82406626,4.23018444263,0
