,0,1,2,3,4,5,6,7,8,9,10,11,12
0,1012.39453125,8.37806668288,70.1920013428,0.00827549579168,1039,990,16.6558741665,22,373.887477964,20.2991207254,36.9549948919,1.21873643632,0
1,1010.5546875,8.94410472196,79.9970092773,0.00885068847099,1029,980,23.1902698145,21,413.897152778,29.6920840587,52.8823538732,1.28036820167,0
2,1008.0703125,9.62798946574,92.6981811523,0.00955091063228,1039,980,16.4631520299,0,288.146893872,31.8427733289,48.3059253589,1.93418449098,0
3,1008.28125,9.82140320614,96.4599609375,0.00974073772188,1039,980,10.8516423594,13,185.23280075,22.071663556,32.9233059153,2.03394682805,0
4,1012.3671875,10.4450729217,109.09954834,0.0103174747766,1039,980,26.5521502952,0,920.343352906,19.2219288024,45.7740790976,0.723931153923,0
5,1015.19140625,10.2966964313,106.021957397,0.0101426158337,1039,990,18.4715775374,22,301.234703727,31.1739824082,49.6455599457,1.68767298543,0
6,1015.5,10.5656430235,111.6328125,0.0104043752078,1039,990,16.8556175323,11,362.108183386,34.1269394143,50.9825569466,2.02466265913,0
7,1015.9453125,9.71050381172,94.2938842773,0.00955809696865,1039,990,8.28349576913,29,430.42307775,23.9908518807,32.2743476498,2.89622311031,0
8,1015.5,9.30347717254,86.5546875,0.00916147432057,1039,990,8.61164509213,26,163.851256403,17.6124712516,26.2241163438,2.04519241831,0
9,1015.38671875,9.56325872067,91.4559173584,0.0094183413512,1039,990,16.368182827,24,239.558361886,25.7460959267,42.1142787538,1.57293550535,0
10,1015.6796875,9.74433617043,94.9520874023,0.00959390671129,1039,990,19.7352848911,14,283.745873929,28.2826945256,48.0179794166,1.43310292614,0
11,1015.1015625,9.57318834342,91.6459350586,0.009430768996,1039,990,19.3218550375,1,371.64342928,23.4417138041,42.7635688415,1.21322273449,0
12,1013.765625,9.54551954371,91.1169433594,0.00941590374374,1039,980,14.6535290836,1,248.893504127,23.4307455656,38.0842746492,1.59898311403,0
13,1013.22265625,9.9758122699,99.5168304443,0.00984562692945,1049,980,9.38541279349,12,318.50926823,24.7274834983,34.1128962918,2.63467191506,0
14,1012.60546875,9.8455161796,96.9341888428,0.00972295378945,1049,980,16.5547652086,12,391.590227924,24.6331334027,41.1878986113,1.48797842146,0
15,1012.88671875,9.87771221531,97.5691986084,0.00975204041326,1039,990,17.1150978541,20,451.276282017,31.4954351674,48.6105330215,1.84021356091,0
16,1013.6953125,10.3754206193,107.649353027,0.0102352457305,1039,990,16.8519040477,13,337.658413968,34.1232491167,50.9751531644,2.02488982966,0
17,1013.77734375,10.2964474672,106.016830444,0.0101565176325,1039,990,27.3654233039,3,483.95181854,29.5764821433,56.9419054472,1.08079753837,0
18,1006.1484375,15.4450082165,238.548278809,0.0153506258529,1049,960,142.844045884,0,7884.8667611,65.5944375419,208.438483426,0.459203161993,0
19,1050.48046875,223.686215615,50035.523056,0.212937053347,2421,460,61247.1531884,6,1126230.30738,26884.5459624,88131.6991509,0.438951764496,0
20,1110.234375,361.3853225,130599.351318,0.32550363296,2421,205,169296.823015,6,4073166.50706,68605.8439694,237902.666985,0.405239996519,0
21,1143.5390625,440.591539551,194120.904724,0.385287703761,2313,205,280711.847407,10,5568376.94709,65709.4952612,346421.342668,0.234081660137,0
22,1181.40234375,477.816949614,228309.037338,0.40444896029,2323,166,297058.055897,7,10054044.579,93526.800609,390584.856506,0.31484350871,0
23,1189.7109375,487.286718607,237448.34613,0.409584129428,2372,166,290650.794484,7,11112404.5743,105035.253035,395686.047519,0.361379549027,0
24,1183.4765625,457.432004251,209244.038513,0.386515473771,2372,264,275971.253054,7,9633269.2672,78500.7153727,354471.968427,0.284452509107,0
25,1129.9609375,377.572652412,142561.107849,0.334146641606,2078,264,199311.617442,7,4537857.50893,46045.7157604,245357.333203,0.231023742376,0
26,1043.79296875,229.88142347,52845.4688568,0.220236608554,2029,274,66699.158888,7,1010361.4901,21284.2824787,87983.4413667,0.319108708919,0
27,1019.5546875,273.010725768,74534.8563843,0.267774479501,2411,49,43897.9941786,10,882295.397314,61637.2883459,105535.282524,1.40410261333,1
28,1021.43359375,373.912082702,139810.24559,0.366065973343,3382,-147,66607.7764484,10,1567856.44759,95792.7083118,162400.48476,1.43816102893,1
29,1043.05859375,346.386729102,119983.766098,0.332087508005,3382,-147,76696.0170765,10,1553636.11089,69542.2748775,146238.291954,0.906726027352,1
30,1113.7890625,404.831825661,163888.807068,0.363472617294,2205,186,186654.849423,7,7353176.22172,60643.8990959,247298.748518,0.324898599118,1
31,1154.66796875,475.64637262,226239.471786,0.411933460954,2392,156,272595.851891,7,7294667.32865,99593.5399724,372189.391863,0.365352367916,0
32,1152.88671875,479.99435102,230394.577011,0.416341296342,2392,156,273048.988802,7,7180604.20414,108253.064936,381302.053738,0.396460230125,0
33,1164.83984375,483.915695273,234174.400131,0.415435390427,2382,127,276432.14694,7,12055370.6763,87635.8775714,364068.024512,0.317024913858,0
34,1153.36328125,465.770586363,216942.23912,0.403836843026,2382,107,237254.64843,7,10430892.6583,89474.3517777,326729.000207,0.377123703877,0
35,1074.203125,372.046228633,138418.39624,0.346346254237,2990,107,115839.355942,7,2189071.45062,65925.4150275,181764.77097,0.569110683421,0
36,1023.828125,244.364181646,59713.8532715,0.238676957273,2990,137,15527.6715497,17,275091.879732,23545.2011643,39072.8727139,1.51633817658,1
37,1018.18359375,193.261605925,37350.0483246,0.189810174816,2490,147,26561.4020231,7,524497.670178,14544.3330081,41105.7350312,0.547573994604,1
38,1051.640625,283.162393623,80180.9411621,0.269257754875,2215,0,75897.9445883,7,1276338.32513,52332.8573242,128230.801913,0.68951613391,1
39,1127.828125,406.061804666,164886.189209,0.36003872901,2215,0,179477.304941,7,6738752.84031,77541.6163693,257018.92131,0.432041345812,1
40,1155.91015625,464.471074069,215733.378647,0.401822816036,2421,127,254623.019178,7,11184072.5855,81514.4366043,336137.455783,0.320137734865,0
41,1167.27734375,489.963978701,240064.700424,0.419749412018,2421,117,286997.236342,7,13348105.6314,82518.7803193,369516.016661,0.287524651356,0
42,1158.8984375,490.436991682,240528.44281,0.423192383226,2431,117,295540.4157,7,13382572.6491,69150.477585,364690.893285,0.233979766934,0
43,1128.29296875,469.744158373,220659.574326,0.416331725344,2431,39,268853.995591,7,10886710.0945,66966.4715972,335820.467188,0.249081184195,0
44,1073.10546875,359.767265006,129432.48497,0.335258066875,2882,39,130237.524064,7,3273645.0801,51394.3239348,181631.847998,0.394619940024,0
45,1018.9375,304.639893717,92805.4648438,0.298977997882,4313,107,28135.3381166,9,628125.275345,40870.569712,69005.9078285,1.45264185355,1
46,1013.94140625,524.393496847,274988.539536,0.517183235259,4696,-980,54912.3943376,14,1300042.2901,117332.174477,172244.568815,2.13671568855,1
47,1029.234375,518.042250394,268367.773193,0.503327777402,4696,-980,56236.1859025,10,1767804.31109,137680.985493,193917.171396,2.44826321849,1
48,1030.2265625,340.293731458,115799.823669,0.330309607463,3401,19,75441.3431732,10,1860586.90229,74807.6025429,150248.945716,0.991599557965,1
49,1094.00390625,408.310481378,166717.449203,0.373225798414,2411,49,137599.472995,7,4757069.49408,99951.6717881,237551.144783,0.726395745654,0
50,1177.96484375,523.997788505,274573.682358,0.444833130025,3264,127,289339.019207,7,13182726.5551,98332.6605137,387671.67972,0.339852747076,0
51,1091.79296875,474.850560486,225483.054794,0.434927293066,3264,127,218532.366493,7,5646458.97974,84261.6669896,302794.033483,0.385579803769,0
52,1015.9921875,256.611421831,65849.421814,0.252572239224,2656,137,61333.6584921,9,1101499.99314,23090.5795809,84424.238073,0.376474845111,0
53,1023.46875,189.47018802,35898.9521484,0.185125523393,1950,401,27744.0275804,6,402259.360742,21894.3555596,49638.3831399,0.789155629843,1
54,1012.34765625,159.97192208,25591.0158539,0.158020736347,1862,401,17026.9705769,10,238673.577372,21635.0380022,38662.0085791,1.27063342857,1
55,1014.70703125,259.113128552,67139.6133881,0.255357576692,2696,-676,17217.2743461,8,394120.578546,31651.3016574,48868.5760035,1.83834566501,1
56,1034.1640625,364.774775918,133060.637146,0.352724281519,2696,-676,82850.1163237,8,1629793.33903,55612.7942644,138462.910588,0.671245819947,1
57,1087.72265625,425.10064667,180710.559799,0.390817129925,2774,127,202294.770229,7,5133309.4021,56603.258816,258898.029045,0.279805843482,1
58,1136.6796875,509.074373459,259156.717712,0.447860887334,2931,127,298054.698169,7,13536679.5368,66757.1882283,364811.886397,0.22397629911,0
59,1086.78125,426.887709135,182233.116211,0.39280003141,2931,127,191747.979136,11,3376374.61737,62288.0683422,254036.047478,0.324843414898,0
60,1025.0625,180.78931756,32684.7773438,0.176369067798,2735,450,6580.02773243,14,224156.747547,30139.6304541,36719.6581865,4.58047164536,0
61,1022.03515625,41.4776240314,1720.39329529,0.0405833632803,1294,705,96.9966230211,31,7058.68728933,1052.68545655,1149.68207958,10.8528052191,0
62,1023.6796875,10.4136580942,108.444274902,0.0101727700777,1049,990,18.0309687477,0,605.432109453,27.4714373942,45.502406142,1.52356968605,0
63,1027.22265625,10.7703855755,116.001205444,0.0104849571901,1049,1000,16.5648474093,30,966.111815629,45.1400100588,61.7048574681,2.72504834747,0
64,1028.18359375,9.97464972242,99.493637085,0.00970123408217,1049,1000,19.7061618216,28,615.759651303,37.2094226848,56.9155845064,1.88821258151,0
65,1027.24609375,9.40277055533,88.4120941162,0.0091533767931,1049,990,24.3733652748,1,737.715491965,30.7689017952,55.14226707,1.26239858338,0
66,1027.59765625,9.52331813271,90.6935882568,0.00926755532653,1049,990,9.38415855323,18,265.254200011,31.8532436518,41.237402205,3.39436332742,0
67,1027.6328125,9.19015360807,84.4589233398,0.00894303246868,1049,1009,6.43702857496,18,294.083209016,29.9887064083,36.4257349832,4.65878099794,0
68,1027.0234375,9.53280917063,90.8744506836,0.00928197821252,1049,1000,19.0929598553,14,425.586580857,39.0177526851,58.1107125404,2.04356752336,0
69,1027.2578125,9.65963419156,93.3085327148,0.00940332025128,1049,1000,18.1479025506,11,445.336175584,42.6757787685,60.8236813191,2.35155432698,0
70,1026.6171875,29.0951083447,846.52532959,0.0283407570991,1264,784,233.542508528,23,4203.00237066,774.99331777,1008.5358263,3.31842508097,0
71,1022.53125,75.0875985828,5638.14746094,0.0734330599508,1588,696,1020.77216144,27,41553.9953472,3558.70793056,4579.48009199,3.48629014878,0
72,1017.984375,109.204508862,11925.6247559,0.107275230882,1705,686,1978.47635619,15,108280.64133,8778.35691461,10756.8332708,4.43692788501,0
73,1019.45703125,164.961448235,27212.2794037,0.161813046728,1990,686,3438.81595825,21,265164.62913,26732.1648822,30170.9808405,7.77365384097,0
74,1013.15625,190.732712909,36378.9677734,0.188255970299,1990,421,4475.32845833,21,463545.103132,35870.7893907,40346.117849,8.01523055229,0
75,1011.8125,127.701357545,16307.6367188,0.12621049606,1656,421,2766.95891015,16,171421.271176,15084.5603591,17851.5192693,5.45167487083,0
76,1020.7265625,10.2946548963,105.979919434,0.0100856147714,1058,990,20.7357109111,7,437.06168067,33.207402479,53.9431133902,1.60145956034,0
77,1022.40625,10.5552397385,111.413085938,0.010323919419,1049,990,22.367766883,12,595.872025921,36.7714921395,59.1392590225,1.64395007923,0
78,1023.8046875,11.2399667716,126.336853027,0.0109786240568,1058,990,23.9511804136,11,823.859650516,39.1246865608,63.0758669744,1.63351809327,0
79,1023.08984375,10.2177338168,104.402084351,0.00998713248812,1058,1000,13.1024406454,0,328.827254302,24.0631742478,37.1656148932,1.83654136653,0
80,1021.875,9.17069040476,84.1015625,0.00897437593127,1049,990,10.5131653592,18,246.89368044,24.5228701525,35.0360355118,2.33258674383,0
81,1022.2734375,10.194372562,103.925231934,0.00997225613821,1049,990,14.3793836471,20,413.187596874,37.992254532,52.371638179,2.64213372871,0
82,1023.17578125,10.1867503259,103.769882202,0.00995601197035,1049,990,14.2816548138,27,590.840533704,46.473053087,60.7547079009,3.25403839351,0
83,1022.31640625,9.80540569456,96.145980835,0.0095913609863,1049,990,12.8328882545,27,464.72477115,37.7423938535,50.575282108,2.94106775537,0
84,1020.14453125,9.74632389508,94.9908294678,0.00955386574796,1049,990,19.1393761697,26,507.519040075,22.678931984,41.8183081538,1.18493579848,0
85,1017.51171875,11.2780838431,127.195175171,0.0110839842286,1049,970,55.0929942683,0,817.293216939,24.9381626404,80.0311569088,0.452655786305,0
86,1027.84765625,85.8887602375,7376.87913513,0.0835617610404,1333,656,10564.6732241,6,127539.347312,1920.97098945,12485.6442136,0.181829664647,0
87,1105.48046875,310.034460675,96121.366806,0.280452228184,2225,205,125121.034507,6,1882321.85771,33268.5215044,158389.556012,0.26589071642,0
88,1179.44140625,455.973628285,207911.949692,0.386601340151,2519,176,251868.592439,7,9947767.23869,83085.3733545,334953.965794,0.329875879124,0
89,1197.0390625,510.168850761,260272.256287,0.42619231631,2519,176,321754.260728,7,15279538.0258,87077.7580651,408832.018794,0.270634358867,0
90,1198.8515625,522.056294705,272542.774841,0.43546366459,2529,156,335467.65845,7,15591775.1932,91600.4159493,427068.0744,0.27305289688,0
91,1186.921875,515.703533555,265950.134521,0.43448818698,2529,156,308374.611623,7,13146533.0517,103769.90244,412144.514064,0.336505985024,0
92,1127.3984375,470.019295479,220918.138123,0.416906108652,3794,117,232802.840053,7,7306905.0094,87318.1350001,320120.975053,0.375073323764,0
93,1052.0703125,315.773175208,99712.6981812,0.300144554462,3794,117,89865.2413943,5,1165579.27845,40226.1987606,130091.440155,0.447628005405,0
94,1023.73046875,298.68869927,89214.9390717,0.291764979541,3558,-833,19171.7218086,16,506584.833161,78492.0922409,97663.8140495,4.09415977473,0
95,1009.03125,356.08448869,126796.163086,0.352897384189,3558,-833,37018.5783436,17,1863136.04565,117020.404733,154038.983077,3.1611263849,0
96,1075.6953125,369.980078826,136885.258728,0.343945050728,2627,-88,126579.929373,10,2791875.96341,96784.2180671,223364.14744,0.764609512319,0
97,1148.83984375,481.546647344,231887.173569,0.419159075971,2598,-19,264663.096423,10,5234768.81448,140374.193608,405037.290031,0.530388238876,0
98,1161.671875,528.309584746,279111.017334,0.454783830198,2598,-19,355464.649968,7,8792478.90197,110795.592383,466260.24235,0.311692294558,0
99,1188.36328125,510.527045435,260637.86412,0.42960520027,2578,117,288788.843412,7,13036087.8796,106349.430014,395138.273426,0.368260175003,0
100,1201.2890625,479.488092141,229908.830505,0.39914464146,2578,156,233986.431687,7,8402327.40077,126393.1039,360379.535587,0.540172791168,0
101,1121.45703125,384.644354441,147951.279404,0.342986261375,2294,215,167988.740038,7,3538239.46827,64936.253093,232924.993131,0.386551224078,0
102,1008.52734375,272.053488886,74013.1008148,0.269753210532,2068,-215,93782.8236352,4,1037558.1827,23436.9839044,117219.80754,0.249906997848,0
103,997.94140625,200.225401512,40090.2114105,0.200638434539,1794,-215,19400.3505683,11,404649.01535,32953.1692415,52353.5198098,1.69858627685,0
104,1010.97265625,193.554566844,37463.3703461,0.191453809999,2656,166,11816.5167266,14,334795.035423,29702.4575109,41518.9742375,2.51363901885,0
105,1015.36328125,337.333252875,113793.723495,0.332229123413,4705,-78,27808.4742525,8,856306.850633,60096.6160586,87905.0903111,2.16109001569,0
106,1072.69140625,423.33444143,179212.049301,0.394646996297,4705,-78,141462.757233,7,4177837.83503,63360.0942493,204822.851482,0.44789240284,0
107,1131.546875,437.117642907,191071.83374,0.386300958948,2294,186,238092.475033,7,8390509.76873,66703.028839,304795.503872,0.280155972295,0
108,1153.66015625,454.046207698,206157.958725,0.393570156028,2333,205,250358.251438,7,11485971.716,63219.211525,313577.462963,0.252514990665,0
109,1168.6640625,483.176352014,233459.387146,0.413443321754,2343,176,274494.954795,7,12285773.365,76198.3832222,350693.338017,0.277594840601,0
110,1190.1640625,495.801210437,245818.840271,0.416582239423,2343,176,285129.373866,7,11617136.8679,85105.7389438,370235.112809,0.298481134335,0
111,1141.8828125,441.461389186,194888.158142,0.386608314228,2490,147,216938.603164,7,6472099.31487,71192.7783884,288131.381552,0.3281701705,0
112,1047.04296875,305.930027535,93593.1817474,0.292184787698,2490,147,94767.3795734,9,1736367.12374,45990.3942914,140757.773865,0.485297731123,0
113,1007.6015625,266.337070265,70935.4349976,0.26432776623,2578,9,27481.8813257,17,1032897.17717,70183.9046467,97665.7859723,2.55382460229,0
114,1004.37109375,320.762067108,102888.303696,0.319366087997,3186,9,41300.9097192,10,842354.877099,85487.7172447,126788.626964,2.06987492106,0
115,1013.55078125,407.539019124,166088.052109,0.402090380338,3803,156,75895.1261824,14,2539844.67658,106736.33707,182631.463253,1.40636615866,0
116,1013.82421875,402.625335153,162107.160507,0.397135250576,3803,88,89380.424331,8,2302531.3647,99295.0497959,188675.474127,1.11092614003,0
117,1003.546875,359.480242402,129226.044678,0.358209717311,3235,-49,104353.41086,10,2293954.58027,70905.7083833,175259.119244,0.679476672576,0
118,1065.15625,449.54189247,202087.913086,0.422043143877,3254,-49,165295.584172,7,5089001.519,93644.4329547,258940.017127,0.566527130315,0
119,1169.09765625,526.625580638,277334.502182,0.450454739878,3254,9,263596.177735,7,10387136.5831,130660.719784,394256.897518,0.495685183702,0
120,1184.38671875,509.427661062,259516.541855,0.43011936304,2480,9,288800.793539,7,13164199.5033,112279.015652,401079.809191,0.388776686781,0
121,1173.48828125,476.430871022,226986.374863,0.405995422906,2411,107,270599.989781,7,12211359.7552,81528.3301279,352128.319909,0.301287262405,0
122,1149.80859375,567.091240527,321592.475082,0.493204906981,4558,-294,282234.949969,7,10639541.2113,129526.712412,411761.662381,0.458932220926,0
123,1068.796875,449.826248737,202343.654053,0.420871598017,4558,-294,142220.121076,8,4034178.70602,70763.9164503,212984.037527,0.497566138425,0
124,1026.0546875,83.7670979369,7016.92669678,0.0816399934209,1833,754,2633.61788171,27,40455.2672845,4154.05668405,6787.67456576,1.57731944064,0
125,1028.14453125,10.0299653273,100.600204468,0.00975540405312,1049,1000,21.1653338613,0,270.967967676,35.8392610686,57.0045949299,1.69330005864,0
126,1029.421875,9.62914632688,92.7204589844,0.00935393599138,1058,1009,15.8228376721,23,412.13503247,33.364076011,49.1869136831,2.10860255932,0
127,1025.7734375,43.5126085972,1893.34710693,0.0424193169822,1343,852,874.899437392,9,12423.9475201,1280.11611135,2155.01554874,1.46315800038,0
128,1022.18359375,74.8309650117,5599.67332458,0.0732069713007,1460,843,4008.87650922,9,79720.9464168,3478.12761733,7487.00412654,0.867606574892,0
129,1001.90234375,274.107319301,75134.8224945,0.273586863042,2950,147,56661.7298169,14,946210.099052,37225.3719021,93887.101719,0.656975563973,1
130,1001.640625,324.650490778,105397.941162,0.32411873348,2950,147,82889.7964368,8,1190961.6294,50742.567918,133632.364355,0.612169049741,1
131,1024.609375,231.55160178,53616.1442871,0.225990126023,2539,343,44001.8785367,6,763945.270872,32554.8626156,76556.7411523,0.739851654025,1
132,980.35546875,152.589966448,23283.6978607,0.155647590402,2215,558,16122.254447,0,307099.222505,17158.9197254,33281.1741724,1.06430026779,0
133,925.46484375,43.1103092547,1858.49876404,0.04658233054,1127,813,1709.67754498,0,55569.7963138,851.473758219,2561.1513032,0.49803178425,0
134,915.640625,13.4514371764,180.941162109,0.0146907387124,960,852,42.7079855876,14,1378.0473053,152.413471287,195.121456875,3.56873472701,0
135,914.34765625,9.83418356458,96.7111663818,0.0107554096053,941,892,26.5209899237,17,331.394735513,37.7493913747,64.2703812984,1.42337791626,0
136,914.07421875,9.37658108412,87.9202728271,0.0102580084765,931,892,22.3266034677,2,561.72131528,24.916231872,47.2428353396,1.11598846229,0
137,914.7734375,9.585319866,91.8783569336,0.0104783539542,941,892,18.5792224716,2,604.689134282,23.0875550981,41.6667775698,1.24265453699,0
138,914.4296875,10.3789025746,107.721618652,0.0113501373768,941,892,18.2233172644,22,254.138319042,33.1548960212,51.3782132856,1.81936666855,0
139,914.3125,9.69838098602,94.05859375,0.0106072934429,941,892,12.9042949797,31,535.941141302,29.6034903062,42.5077852859,2.2940804091,0
140,914.2265625,8.90506776693,79.3002319336,0.0097405480569,941,892,16.0325435744,31,274.891476534,18.1756915638,34.2082351382,1.13367485823,0
141,913.88671875,9.39907634336,88.3426361084,0.0102847280199,941,892,11.5291638762,25,343.294880563,30.3691026471,41.8982665233,2.63411145624,0
142,913.67578125,10.323306808,106.570663452,0.0112986543146,941,892,16.1046220163,26,431.139901806,40.4053099927,56.509932009,2.50892631642,0
143,912.60546875,9.70485388055,94.1841888428,0.0106342271802,931,892,13.3953191831,20,370.883494264,36.6013131612,49.9966323444,2.73239574667,0
144,912.12109375,8.65692598754,74.9423675537,0.00949098321139,931,882,10.7845007791,21,726.897171597,27.8579427965,38.6424435756,2.5831462547,0
145,912.31640625,9.00593794865,81.106918335,0.00987150717334,931,882,12.9123700966,20,294.825068568,27.9821505624,40.894520659,2.16708089631,0
146,912.16796875,9.43310687149,88.983505249,0.010341414295,931,882,8.34641956047,13,368.876543552,37.2595521985,45.6059717589,4.46413602006,0
147,912.71484375,9.39085816968,88.1882171631,0.0102889289398,931,882,12.535743724,12,432.238680713,32.6161762584,45.1519199824,2.60185410426,0
148,913.21875,9.35576151029,87.5302734375,0.0102448197765,941,882,15.499739012,10,263.728001795,29.9582350228,45.4579740349,1.93282190104,0
149,913.0625,8.83419315784,78.04296875,0.0096753433175,941,882,26.2546649568,6,465.813940213,30.35852586,56.6131908168,1.15630978,0
150,912.9453125,8.70507089445,75.7782592773,0.00953515043591,931,882,41.2397317505,2,545.579206841,23.4160986422,64.6558303926,0.567804339365,0
151,912.17578125,8.36125033725,69.9105072021,0.00916627091962,931,882,33.9572094461,1,963.398094767,27.5637965393,61.5210059854,0.811721486805,0
152,849.80859375,711.33332009,505995.09227,0.837051219912,931,-7166,174452.150847,2,1060199.16754,279872.478794,454324.629641,1.60429365551,0
153,912.0234375,1254.36208865,1573424.24945,1.37536168159,17408,-7166,359170.149712,11,3999111.80706,597064.334129,956234.483841,1.66234397432,0
154,1022.859375,1030.22340746,1061360.26929,1.00719945737,17408,522,183627.149736,4,1424756.97536,321556.492845,505183.642581,1.7511380714,0
155,1016.21484375,96.2921819823,9272.18431091,0.094755732584,1754,735,5779.39962201,8,84398.7199446,7251.26328634,13030.6629084,1.25467414621,0
156,1014.71875,130.699526437,17082.3662109,0.128803697022,1539,372,8856.46167342,14,179790.434821,13791.5447373,22648.0064107,1.55722965286,0
157,1009.3125,115.162741506,13262.4570312,0.114100183547,1539,372,4368.19299474,14,143912.633164,11197.7895449,15565.9825396,2.56348324315,0
158,1021.6875,173.125327166,29972.3789062,0.169450372218,1950,264,35951.6905548,7,456930.246514,17591.6895174,53543.3800722,0.489314667709,0
159,1105.8671875,324.395528519,105232.458923,0.293340404875,2117,225,145144.940622,10,3343604.05429,40216.3604064,185361.301029,0.277077245916,0
160,1126.9375,524.157325947,274740.902344,0.465116588938,4382,-882,189870.757685,11,5301899.66792,93640.9885709,283511.746256,0.493182782397,0
161,1040.9140625,457.206002314,209037.328552,0.439235109588,4382,-882,106572.801384,11,2227949.21141,78950.9552153,185523.756599,0.740817114595,1
162,1011.765625,90.2464494086,8144.42163086,0.0891969910607,1460,529,3194.32588914,24,82589.8656062,10100.2477832,13294.5736723,3.1619340461,1
163,1027.28125,159.787526769,25532.0537109,0.155544089575,2294,627,18826.4150802,7,412300.8646,9109.18251328,27935.5975935,0.483851146087,1
164,1057.04296875,363.457520554,132101.369247,0.343843657542,3852,-58,107624.788219,7,3524901.56135,46033.5006146,153658.288834,0.427722101724,1
165,1091.765625,435.21642397,189413.335693,0.398635397565,3852,-58,160841.812112,7,6271541.62535,70437.16995,231278.982062,0.43792822914,0
166,1108.68359375,455.66661063,207632.060043,0.410997883615,2911,-39,181895.613182,7,6674585.68503,104256.699112,286152.312295,0.573167748733,0
167,1039.109375,513.414941446,263594.9021,0.494091338023,2911,-411,102790.091272,12,6232059.35492,296255.188458,399045.27973,2.88213761455,1
168,995.90234375,423.085940584,179001.71312,0.424826734507,2578,-411,32492.3947874,13,3785400.74462,223337.64918,255830.043968,6.8735361195,1
169,1013.703125,265.588272737,70537.1306152,0.261998080293,2862,78,14644.6109283,15,650625.153369,65948.6717227,80593.282651,4.50327236727,1
170,1009.140625,168.764709284,28481.5270996,0.167236067108,2862,176,8714.18117683,13,203723.861754,27353.1637638,36067.3449406,3.13892529989,1
171,1039.2265625,218.350535795,47676.9564819,0.210108693979,2049,137,63749.5002787,7,889228.876716,20166.0645248,83915.5648035,0.316332903577,1
172,1077.625,463.648135713,214969.59375,0.430249980942,3450,-519,155572.105987,7,4969904.31272,128362.916865,283935.022851,0.825102392556,1
173,1052.22265625,434.958278839,189188.70433,0.413370949823,3450,-519,95237.8123623,12,3079874.19302,145345.35,240583.162362,1.5261307079,1
174,1011.7734375,172.483432848,29750.5346069,0.17047634031,2019,88,10609.3091037,13,438317.161658,37592.5871632,48201.896267,3.54335864812,1
175,1008.87890625,221.599170503,49106.1923676,0.219648928261,3284,450,23103.0128506,13,522246.186798,27902.1306144,51005.1434651,1.20772692267,1
176,1001.5625,237.048806617,56192.1367188,0.236678995687,3284,274,31169.9487671,6,730750.451269,29292.6617565,60462.6105236,0.939772534611,1
177,1005.19140625,198.754870431,39503.4985199,0.197728382072,1676,274,38156.2732609,7,600939.384806,22887.538244,61043.8115049,0.599836836462,1
178,1052.0859375,267.901014467,71770.9535522,0.254637957716,1970,245,68699.8971081,8,1838496.7164,46055.0272539,114754.924362,0.670379857795,1
179,1116.1796875,367.970275922,135402.123962,0.329669389296,2176,68,167654.00532,7,4558028.82483,57242.5158992,224896.521219,0.34143243873,1
180,1115.375,407.730255117,166243.960938,0.365554414539,2313,68,206316.079744,7,5261966.89347,60582.2477829,266898.327527,0.29363803276,0
181,1091.38671875,499.661724299,249661.83873,0.457822800768,3627,-647,208050.395641,7,6748749.82746,85879.2101135,293929.605754,0.41278080654,0
182,1055.3515625,494.234731837,244267.970154,0.468312882075,3833,-647,114913.879798,11,2781625.8377,163132.900594,278046.780392,1.41961006696,1
183,999.9765625,342.779036991,117497.468201,0.342787071063,3833,-372,30505.6065949,17,1758624.94999,125379.044331,155884.650926,4.11003282106,1
184,987.17578125,293.443437705,86109.0511322,0.297255507356,3578,137,32773.1913353,12,678544.598465,52540.7613975,85313.9527328,1.60316280645,1
185,996.08203125,258.087567484,66609.1924896,0.259102723859,3578,372,30764.0471039,10,599702.525164,30208.4630661,60972.51017,0.981940476298,1
186,1017.90234375,268.6690471,72183.0568695,0.263943833855,2656,-352,56360.4691033,9,1301878.83219,24739.1377087,81099.606812,0.438944850926,1
187,1021.28515625,282.941843238,80056.0866547,0.277044899268,2656,-352,64826.0732307,9,1799703.11416,28199.4281937,93025.5014244,0.435001331846,1
188,1014.01171875,243.625681156,59353.4725189,0.24025923631,2088,343,53463.6954041,11,1022383.38081,30843.4816458,84307.1770499,0.576905158026,1
189,1058.359375,317.125855694,100568.80835,0.299639104812,2107,196,99444.5740471,7,3721757.25036,37812.7106675,137257.284715,0.380239053059,1
190,1096.70703125,403.478135189,162794.605576,0.367899652042,2127,117,194353.128322,7,3872955.68641,77505.7736826,271858.902004,0.398788403109,1
191,1064.63671875,353.743878121,125134.731308,0.332267215559,3088,117,143005.68888,10,2405109.16598,42767.9952001,185773.68408,0.299064991995,1
192,1020.91015625,200.401909976,40160.9255219,0.196297302705,3088,470,11379.4460336,9,215388.680279,20797.294714,32176.7407476,1.82761925778,1
193,1015.0546875,124.009469686,15378.3485718,0.122170234977,2156,470,9556.55704233,10,143850.158903,7398.98189241,16955.5389347,0.774230913877,1
194,1013.703125,345.404876996,119304.529053,0.34073573266,4764,-1401,38097.6786465,9,838879.11732,39569.1843387,77666.8629852,1.03862454996,1
195,1016.796875,388.771851463,151143.55249,0.382349573471,4764,-1401,50808.4167839,13,1502463.99133,67755.3421465,118563.75893,1.33354562955,1
196,1023.40625,324.809473901,105501.194336,0.317380780019,2421,9,74447.1018724,10,1693736.11633,69177.8703045,143624.972177,0.929221804001,1
197,1046.421875,426.532807746,181930.236084,0.407610752352,4696,-343,94489.6248772,12,2089677.2418,95028.1829963,189517.807873,1.00569965348,1
198,1044.34765625,368.377089294,135701.679916,0.352734156187,4696,-343,70133.3648034,10,1693538.17588,62194.476653,132327.841456,0.886802976406,1
199,1021.1953125,323.708963582,104787.493103,0.316990256045,3401,-39,40848.5854618,11,840425.879351,77443.4591379,118292.0446,1.89586636262,1
200,1054.28515625,395.416573176,156354.266342,0.375056568739,3401,-39,92599.1671628,11,2298288.51586,107172.358574,199771.525737,1.15737929247,1
201,1100.12109375,405.426729499,164370.832993,0.368529184471,2245,166,176570.323377,7,6379789.74248,78167.513142,254737.836519,0.442699042777,1
202,1126.50390625,529.338753172,280199.51561,0.469895177669,4735,-352,218582.617377,7,7014495.81856,141582.710596,360165.327973,0.647730877667,0
203,1074.4609375,479.095475909,229532.475037,0.445893805152,4735,-352,95097.3403259,12,2576972.05121,161980.585793,257077.926119,1.70331352315,1
204,998.66796875,473.343290038,224053.870224,0.473974639069,3882,-549,22719.3641705,14,1186196.7264,146674.164501,169393.528672,6.45590974292,1
205,992.23828125,465.538013959,216725.642441,0.46917965448,3882,-549,33995.0195234,11,1348246.40412,137979.503492,171974.523015,4.0588152449,1
206,1033.06640625,271.190214257,73544.132309,0.262509953491,2401,323,55368.38666,9,1252074.58193,53715.7325535,109084.119213,0.970151665848,1
207,1053.3984375,421.26450902,177463.78656,0.399909942927,4539,-392,111884.257163,10,2347483.64238,88038.5714359,199922.828599,0.786871841205,1
208,1020.640625,379.915065228,144335.456787,0.372231964829,4539,-392,72577.5248012,9,1425243.83855,85655.6526242,158233.177425,1.18019528578,1
209,1002.6484375,200.324837367,40130.0404663,0.199795690967,2362,352,1795.43534679,25,694552.339452,49915.6199708,51711.0553176,27.8014020722,1
210,999.703125,334.634837345,111980.474365,0.334734211565,3147,98,37550.6965077,24,1159637.18427,94444.5834586,131995.279966,2.51512201483,1
211,994.296875,387.26244451,149972.200928,0.389483718844,3147,-274,45898.9391531,24,839346.770377,105160.79873,151059.737883,2.29113789273,1
212,1000.84765625,266.40558144,70971.9338226,0.26617995234,3039,-274,5468.7327552,15,344931.76297,54340.9032714,59809.6360266,9.93665364609,1
213,1003.23828125,270.178185307,72996.2518158,0.269306096424,3598,0,26989.681661,16,748966.288171,52166.5058324,79156.1874934,1.93283146084,1
214,1004.49609375,267.766456048,71698.8749847,0.266567941592,3598,0,26220.1619993,17,618132.38134,51549.761749,77769.9237483,1.96603521177,1
215,1016.6015625,97.2427567871,9456.15374756,0.0956547386648,1500,617,10055.8991109,6,116447.084992,5306.35565329,15362.2547642,0.527685848354,1
216,1038.75,264.706426419,70069.4921875,0.254831698117,2656,254,63840.9622013,6,1070317.69465,35394.7219954,99235.6841967,0.554420246421,1
217,1025.44921875,424.660044826,180336.153671,0.414120989183,4058,-156,91567.3845368,10,1475009.24282,87927.5498524,179494.934389,0.960249659824,1
218,1055.07421875,438.033797523,191873.607773,0.415168705423,4058,-156,126129.919522,11,2522687.31728,80565.675976,206695.595498,0.638751505445,1
219,1101.4765625,418.008559363,174731.155701,0.379498369365,3078,-98,175950.776345,11,3824199.01133,88492.9957555,264443.7721,0.502941774932,0
220,1054.65234375,325.950809044,106243.929916,0.309059957981,3078,-98,96134.5179931,10,1790501.67195,65573.4888611,161708.006854,0.682101395316,0
221,1018.703125,9.9865999086,99.7321777344,0.00980324852601,1049,1000,42.0032948211,10,618.124931123,31.0571386068,73.0604334278,0.739397676755,0
222,1020.0390625,12.1583962397,147.826599121,0.0119195398359,1058,980,50.3189092906,0,1436.17620357,41.8503803789,92.1692896694,0.831702852246,0
223,1016.86328125,133.268323887,17760.4461517,0.131058251728,2754,647,9634.44079952,8,138867.578826,6827.55663081,16461.9974303,0.708661433797,0
224,1009.1328125,140.930910106,19861.5214233,0.139655462948,2754,647,10419.8649155,8,215870.805453,8761.73003554,19181.5949511,0.840867910149,0
225,1008.45703125,261.040313034,68142.0450287,0.258851200343,3852,39,38987.6274842,10,718669.329252,22014.8105324,61002.4380166,0.564661456799,1
226,999.234375,311.686628593,97148.5544434,0.311925446512,3852,39,62099.3642102,11,1678578.68967,34555.8716878,96655.2358979,0.55646095781,1
227,1006.36328125,249.027085114,62014.4891205,0.247452475417,2460,382,43025.2360344,11,1232746.36326,37349.7743048,80375.0103393,0.868089933892,1
228,1021.234375,326.784547341,106788.140381,0.319989764682,3245,245,59893.4760439,10,1796865.3222,70516.2315537,130409.707598,1.17736081142,1
229,1013.1796875,314.812231576,99106.7411499,0.310717077592,3245,245,57529.2137277,14,1774473.49062,65989.2606774,123518.474405,1.14705653705,1
230,1054.8046875,269.526351292,72644.4540405,0.255522519463,2627,323,80911.7461453,6,1344014.61708,28588.2083459,109499.954491,0.353325811243,1
231,1060.1796875,415.015821114,172238.131775,0.391458000948,3598,-166,102460.404566,10,2522750.97903,81730.1879487,184190.592514,0.797675827021,1
232,1002.9921875,419.430556978,175921.992126,0.418179286145,3598,-166,82067.2373112,12,2504169.79526,103782.467952,185849.705263,1.26460292014,1
233,1007.8515625,271.247900045,73575.4232788,0.269134771565,3186,176,47376.7419364,11,1572786.41274,37695.5705214,85072.3124578,0.79565561034,1
234,1046.390625,253.453451544,64238.6520996,0.242216860022,2088,245,80194.7177123,9,982779.409395,27512.2284492,107706.946161,0.343067838307,1
235,1045.87109375,224.125424795,50232.2060394,0.214295457762,1852,245,63867.2473268,5,1218269.56162,22268.6054277,86135.8527545,0.348670192623,0
236,1031.51171875,183.140186709,33540.3279877,0.177545425204,2735,-127,5863.437817,13,122696.22631,10641.0812539,16504.5190709,1.81481949429,1
237,1034.8125,173.017012801,29934.8867188,0.167196485162,2735,-127,3917.07923807,11,84520.6318983,8434.95655045,12352.0357885,2.15337909646,1
238,1036.6484375,200.244853626,40098.0014038,0.193165634927,1823,205,42015.8606131,6,732229.992256,27382.1247382,69397.9853513,0.651709243573,1
239,1038.28125,259.325204181,67249.5615234,0.249763928782,2813,166,44634.6167889,6,732898.911782,41871.889526,86506.5063149,0.938103484208,1
240,1021.34375,211.607443066,44777.7099609,0.207185331154,2813,166,13577.3356727,15,289462.466287,31525.039644,45102.3753167,2.32188703321,1
241,1014.05859375,197.502888835,39007.391098,0.194764770056,2186,352,28185.1940092,10,564173.174761,33255.6993028,61440.8933119,1.17989960587,1
242,1037.765625,249.905262811,62452.6403809,0.240810889079,2186,372,64639.5019984,9,1108020.32404,44450.185796,109089.687794,0.687662875204,1
243,1064.82421875,234.752638179,55108.8011322,0.22046140015,1823,372,65937.8203036,6,1507858.21716,30676.9354873,96614.7557909,0.465240363513,0
244,992.3125,202.745077391,41105.5664062,0.204315754756,1745,186,37370.4918208,0,847566.235167,17502.2231852,54872.715006,0.468343399631,0
245,887.671875,130.462435289,17020.4470215,0.146971464302,1745,186,5377.41931795,1,171327.1018,13043.4102034,18420.8295213,2.42558919663,0
246,863.1484375,18.6405513279,347.470153809,0.0215959973025,970,833,189.801490766,0,7937.06085052,271.611750833,461.413241599,1.43103065069,0
247,854.97265625,9.21717329605,84.9562835693,0.0107806644209,872,823,17.9800959663,9,221.909460698,17.9473485892,35.9274445555,0.998178687303,0
248,853.875,9.10442886732,82.890625,0.0106624844003,882,823,14.1425086162,19,493.418300369,20.3950810173,34.5375896335,1.44211197396,0
249,852.3671875,8.91353526048,79.4511108398,0.0104573890117,882,823,15.1433757886,2,231.054014053,22.3832471759,37.5266229645,1.47808833963,0
250,851.984375,9.27360533231,85.9997558594,0.0108847129178,872,823,12.4676369758,24,229.619916456,29.2452714612,41.7129084369,2.34569481916,0
251,878.78515625,44.0190469957,1937.67649841,0.0500907948691,1058,803,1737.74682162,0,90114.525008,783.014662115,2520.76148374,0.450591911533,0
252,949.19921875,57.0078407383,3249.89390564,0.0600588786971,1058,803,3088.46122196,0,243185.273886,822.158168211,3910.61939017,0.266203170163,0
253,984.56640625,103.260003887,10662.6284027,0.104878658495,1372,480,16489.8379638,6,138685.823085,2726.85079374,19216.6887575,0.165365529954,1
254,1047.33203125,494.956858826,244982.292099,0.472588294884,3725,-88,235289.317159,5,2928713.83085,151303.503129,386592.820288,0.643053007914,1
255,1094.2890625,511.188881621,261314.072693,0.467142457271,3725,-88,236763.876364,8,3640502.98368,166690.806427,403454.682791,0.7040381708,1
256,1048.32421875,317.257622112,100652.398788,0.302633113342,2705,235,92326.9490385,10,1813775.31086,45663.3662603,137990.315299,0.494583290533,1
257,1019.8984375,277.889432257,77222.5365601,0.272467749767,2705,235,63088.3524513,9,1043029.23287,34771.7999813,97860.1524326,0.55116037478,1
258,1030.80078125,476.41596042,226972.167343,0.462180441736,4764,-441,44747.6604811,17,1537631.13217,127770.30276,172517.963241,2.85535157339,1
259,1026.59375,513.64709945,263833.342773,0.500341151941,4764,-441,59414.6415189,11,2562588.55689,159332.784596,218747.426115,2.68170909598,1
260,1052.5625,297.358428763,88422.0351562,0.282509046981,2333,127,76904.5897089,11,2044780.94684,56324.8257222,133229.415431,0.732398754553,1
261,1062.390625,415.362045284,172525.628662,0.390969230629,3450,-1078,163782.328495,10,3272549.32303,62378.8801093,226161.208604,0.380864533327,1
262,1020.27734375,428.405270071,183531.075424,0.419890996007,3450,-1078,113579.433656,11,2434459.65314,96389.7818785,209969.215535,0.848655243081,1
263,1003.20703125,243.801308921,59439.0782318,0.243021929998,2725,176,20755.445914,16,932636.993295,60889.0114891,81644.4574031,2.93364024754,1
264,984.99609375,150.292410249,22587.8085785,0.152581732255,1970,401,13781.2141428,12,534062.748084,17183.037584,30964.2517268,1.2468449736,1
265,989.52734375,197.045222131,38826.8195648,0.199130648967,2274,401,27471.1400057,11,548754.488485,28500.4907478,55971.6307535,1.0374702594,1
266,997.8203125,266.580705228,71065.2723999,0.267163037161,2647,205,39075.6383744,9,981717.356434,55122.0320181,94197.6703925,1.41064955843,1
267,1017.30859375,281.813883487,79419.0649261,0.277019072894,2647,205,59101.5920151,9,958265.07829,53278.3040977,112379.896113,0.901469863689,1
268,1049.0546875,266.580100785,71064.9501343,0.25411458903,2882,274,57491.9671106,10,730027.064922,47050.5743642,104542.541475,0.818385188901,1
269,1033.859375,344.352068982,118578.347412,0.333074378691,4294,-58,24120.6186559,15,584202.612706,60413.1672208,84533.7858767,2.50462760025,1
270,1006.0859375,277.371043441,76934.6957397,0.275693191906,4294,-58,6120.34366618,28,242405.835851,24552.0144733,30672.3581395,4.01154180426,1
271,1011.15625,21.3669346991,456.545898438,0.0211311898622,1107,931,241.187037108,0,8398.56860034,316.082094313,557.269131421,1.31052687617,0
272,1009.9921875,18.8814128567,356.507751465,0.0186946127805,1107,931,202.250917978,0,10579.1493054,209.948660212,412.19957819,1.03806035746,0
273,1006.296875,9.78428217778,95.7321777344,0.00972305730133,1039,970,46.3394862134,0,1891.41682072,19.0252575374,65.3647437509,0.4105625481,0
274,1012.39453125,8.9941717986,80.8951263428,0.00888405806331,1039,990,25.4384833276,0,875.190573936,26.2997221076,51.7382054352,1.03385574403,0
275,1013.2109375,9.19379235523,84.5258178711,0.00907391739958,1039,990,24.944203859,7,442.397040916,26.610156775,51.5543606341,1.06678717531,0
276,1011.05078125,9.30354851735,86.5560150146,0.00920186076692,1029,990,16.9266913511,0,512.738810559,17.8922239336,34.8189152847,1.05704201504,0
277,1011.32421875,9.55086912025,91.2191009521,0.00944392405835,1039,990,16.8978262975,7,360.366920779,21.6171552585,38.5149815561,1.27928615657,0
278,1014.953125,9.54459874664,91.0993652344,0.00940397986029,1039,990,22.4086051783,0,924.242348978,26.3903379124,48.7989430907,1.17768766518,0
279,1016.93359375,9.66789772701,93.46824646,0.00950691154902,1049,980,18.959931615,15,684.208382649,39.831643767,58.7915753821,2.10083267049,0
280,1016.8359375,10.5080157973,110.418395996,0.0103340326691,1049,980,21.0563846799,12,563.275895887,41.2749270565,62.3313117365,1.96020958412,0
281,1018.21875,9.91836798256,98.3740234375,0.0097409009435,1039,990,15.6466629678,22,512.691202933,30.2034967557,45.8501597235,1.93034750079,0
282,1019.796875,9.55073571692,91.2165527344,0.00936533142143,1039,990,15.5809354601,4,372.99991647,33.1843196466,48.7652551067,2.12980277927,0
283,1021.203125,9.93955118375,98.7946777344,0.00973317740655,1049,990,22.1198082517,14,556.112563308,35.7667981185,57.8866063702,1.61695787375,0
284,1025.51171875,10.4869645356,109.976425171,0.0102260796672,1058,1000,27.4070863904,0,1579.49833876,32.075805397,59.4828917874,1.17034714819,0
285,1030.91015625,9.68022581609,93.7067718506,0.0093899800651,1058,1000,21.2588242845,0,501.74267627,21.0531607665,42.3119850511,0.990325734139,0
286,1032.27734375,8.79259911484,77.3097991943,0.00851767131002,1058,1009,14.3375994882,9,304.98364666,19.2204219161,33.5580214043,1.34056066581,0
287,1030.875,8.63767185068,74.609375,0.00837897111743,1049,1009,9.26658040104,27,320.412298704,21.9051318652,31.1717122662,2.36388515689,0
288,1029.8203125,8.73385438408,76.2802124023,0.00848094981044,1049,1009,11.1858163521,27,218.578989766,22.9175991975,34.1034155495,2.04880881968,0
289,1029.125,9.18090749872,84.2890625,0.00892108101418,1049,1000,25.1929116308,4,483.555744178,29.0958122542,54.288723885,1.15492058562,0
290,1029.203125,9.51385451509,90.5134277344,0.00924390364156,1049,1000,30.8223356918,4,526.983531638,29.2344270701,60.0567627619,0.948481885424,0
291,1001.58984375,33.6658635059,1133.3903656,0.0336124250021,1049,921,1090.88582168,0,110797.582086,89.7002252048,1180.58604689,0.082226960349,0
292,993.953125,37.2628667742,1388.52124023,0.0374895614662,1088,862,1096.16576984,0,75925.8864859,345.451025183,1441.61679502,0.31514487561,0
293,1012.0546875,89.3144732632,7977.07513428,0.0882506393837,1372,539,4960.0188229,10,67503.0291088,4957.48855337,9917.50737627,0.99948986695,1
294,1020.14453125,156.539103196,24504.4908295,0.153447965853,1568,460,30283.8511776,6,446157.557926,10303.948843,40587.8000206,0.340245657087,1
295,1018.0546875,207.336487103,42988.4188843,0.203659478856,2068,156,43652.4269762,10,612490.121362,20667.466773,64319.8937491,0.473455159418,1
296,996.71484375,234.201970993,54850.5632172,0.23497389696,2068,156,28177.0939602,12,660670.989384,44873.0876264,73050.1815867,1.59253781422,1
297,1012.890625,329.397312678,108502.5896,0.325205214214,4617,-9,33542.6819126,11,925842.524742,64057.0101873,97599.6920999,1.90971641308,1
298,1074.58984375,385.052278987,148265.257553,0.358324882025,4617,-9,91452.2733816,11,2165017.82303,71619.0412898,163071.314671,0.783130245335,1
299,1098.0859375,410.476952523,168491.328552,0.373811318864,2480,88,194404.702182,7,4248909.64658,101161.581198,295566.28338,0.520365917401,0
300,1100.30078125,386.23823728,149179.975937,0.351029685575,2480,88,189463.63456,6,5489961.0399,81332.0945965,270795.729156,0.429275490178,0
301,1059.07421875,335.361171851,112467.115585,0.316655023712,2833,-19,83489.0836435,6,1913470.11151,62850.6840746,146339.767718,0.752801220613,1
302,989.52734375,280.102421339,78457.3664398,0.283066883505,2833,-19,28094.0251918,20,677569.328948,51446.4089605,79540.4341523,1.83122242574,1
303,921.109375,152.42258457,23232.6442871,0.165477182957,1960,284,11190.8618478,0,448424.398426,19286.2552493,30477.1170971,1.72339320345,1
304,868.4296875,49.3504185003,2435.46380615,0.0568271895936,1009,549,1782.95172638,13,26196.9509615,2404.31622472,4187.2679511,1.3485032652,0
305,869.05078125,10.4624215655,109.462265015,0.0120389070366,911,843,19.3950830208,0,554.249749695,46.4971684146,65.8922514354,2.39736887771,0
306,865.49609375,10.5918593619,112.187484741,0.0122379054491,911,843,9.55999572952,18,516.648561359,59.9266468606,69.4866425901,6.26848050523,0
307,864.3671875,9.74909538572,95.0448608398,0.0112788818533,892,843,11.7144229649,24,307.362480579,24.9830722312,36.6974951962,2.1326763005,0
308,864.53125,9.44717012854,89.2490234375,0.0109275056611,892,843,12.2862189637,31,261.435876751,27.9213978493,40.207616813,2.27257856397,0
309,864.28125,9.03373668188,81.6083984375,0.0104523113071,892,833,11.456700091,29,249.959836222,23.5186819311,34.9753820221,2.05283211957,0
310,863.50390625,8.47929373481,71.8984222412,0.00981963564199,882,833,10.1645213793,16,303.836273961,23.1378510732,33.3023724525,2.27633453754,0
311,863.43359375,8.4272787844,71.01902771,0.0097601933089,892,833,13.6263182569,3,197.200667521,22.456858928,36.0831771848,1.64805037609,0
312,863.23828125,9.18866167055,84.4315032959,0.0106444093944,892,833,20.7739212843,2,482.386073103,25.7818190852,46.5557403696,1.24106656285,0
313,863.1328125,9.69888129321,94.0682983398,0.011236835343,892,843,17.1383119325,2,310.048197379,18.0834435549,35.2217554873,1.05514729958,0
314,863.37109375,9.49706905728,90.1943206787,0.0109999849729,892,843,7.95869333925,17,321.677381574,18.9301789593,26.8888722986,2.37855363342,0
315,863.12109375,8.88407240818,78.9267425537,0.0102929617553,882,843,8.29023524375,14,274.760250153,28.4774500922,36.767685336,3.43505935054,0
316,862.76171875,8.60515489668,74.0486907959,0.00997396466448,882,843,17.4262187291,4,461.877058108,28.7945190949,46.220737824,1.65236759291,0
317,861.99609375,8.68929749699,75.5038909912,0.0100804372085,882,833,24.0334790927,4,510.804849165,20.5505594787,44.5840385714,0.855080506634,0
318,862.359375,9.40390076561,88.4333496094,0.0109048513163,892,833,18.4480547873,4,279.115425986,20.4852186076,38.9332733949,1.11042702571,0
319,862.984375,9.92234250867,98.4528808594,0.0114977081812,892,823,14.0929346314,20,360.309001848,29.5236285514,43.6165631829,2.09492411081,0
320,862.55078125,9.74545964871,94.9739837646,0.0112984184358,892,823,14.7638353267,7,359.158363486,25.9819301328,40.7457654595,1.7598360831,0
321,862.66015625,9.12102516034,83.1930999756,0.010573138326,892,833,15.4260119193,19,353.629663614,24.3161385113,39.7421504306,1.57630751477,0
322,862.85546875,8.73696626225,76.3345794678,0.0101256427973,892,833,12.394856605,19,339.087037622,20.7225564869,33.1174130919,1.67186738397,0
323,862.96484375,8.49372093302,72.1432952881,0.00984248778446,892,833,10.7647299162,26,259.577154883,17.7446704614,28.5094003777,1.64840832975,0
324,862.66015625,9.16375195952,83.9743499756,0.0106226674469,882,833,15.0571472934,21,402.499046038,23.999078348,39.0562256414,1.59386621386,0
325,863.09375,9.38827185575,88.1396484375,0.0108774647664,882,833,15.0468444678,22,328.485480274,24.1572015235,39.2040459913,1.60546628731,0
326,864.59765625,9.28657435532,86.2404632568,0.0107409201126,892,843,11.4983932219,31,264.029638889,23.5123806197,35.0107738416,2.04484054127,0
327,865.03125,9.33611728383,87.1630859375,0.0107928092584,892,843,9.75743671428,23,386.877489021,25.3334766645,35.0909133787,2.5963249782,0
328,864.83984375,8.62917326432,74.4626312256,0.00997777025038,882,843,13.7227940891,22,263.151262935,25.2601773008,38.9829713899,1.84074592512,0
329,864.95703125,8.74743876438,76.5176849365,0.0101131483396,882,843,12.9555918901,13,289.273964771,23.2907028055,36.2462946956,1.79773359666,0
330,864.60546875,9.30581814473,86.5982513428,0.0107630803656,882,833,16.7541351064,16,366.445654061,23.706980188,40.4611152944,1.41499277864,0
331,864.40234375,9.5622055906,91.4357757568,0.0110622161771,882,833,15.7507936811,16,319.879316399,33.3124761827,49.0632698637,2.11497127428,0
332,864.9453125,9.2540604211,85.6376342773,0.0106990121657,882,843,13.7372247026,17,394.669934724,29.607930881,43.3451555836,2.15530658645,0
333,864.70703125,9.09778204078,82.7696380615,0.0105212305579,901,843,20.3201058775,4,393.600698195,21.7365988285,42.0567047061,1.06970893555,0
334,864.3203125,9.60707225966,92.2958374023,0.0111151758448,901,833,22.9610341983,7,587.792932292,21.1792703803,44.1403045785,0.922400541603,0
335,863.9375,9.53713957379,90.95703125,0.0110391545381,892,833,21.3972279952,4,424.438812372,21.4192487943,42.8164767895,1.00102914261,0
336,863.96875,8.85026261969,78.3271484375,0.0102437300188,892,843,14.6085562368,9,239.783072365,20.8503099185,35.4588661553,1.42726697837,0
337,864.2421875,9.10378191824,82.8788452148,0.0105338318933,892,833,11.4816342173,31,211.553231177,19.1772683485,30.6589025658,1.67025599192,0
338,863.15234375,8.91037373693,79.3947601318,0.0103230603513,892,833,11.3454685639,1,240.582658072,21.5474482419,32.8929168059,1.89921184132,0
339,863.203125,9.21052334205,84.8337402344,0.0106701691355,892,843,15.0687899694,25,284.384939909,27.237154748,42.3059447174,1.80752102878,0
340,869.98828125,11.9296382561,142.316268921,0.0137124125844,901,843,57.5489859246,0,3662.71123547,64.4813621044,122.030348029,1.12046044024,0
341,876.28515625,10.1558526064,103.141342163,0.0115896663706,901,843,16.0978296981,15,617.83075556,70.2357341762,86.3335638742,4.36305610716,0
342,876.5234375,10.3315844953,106.741638184,0.0117870031231,901,843,14.0837644187,28,888.976191576,66.7139354017,80.7976998204,4.73693917467,0
343,876.640625,10.4864006985,109.964599609,0.0119620291365,901,843,15.6953520109,28,847.868103587,56.0631984195,71.7585504304,3.57196183816,0
344,931.125,59.182846966,3502.609375,0.063560582055,1039,852,3736.38873945,0,357755.037602,156.548035836,3892.93677529,0.0418982195785,0
345,997.765625,26.8214537425,719.390380859,0.0268815171323,1039,872,785.504331276,0,32283.1657196,62.1757300253,847.680061302,0.0791538983933,0
346,1009.38671875,9.79291733134,95.9012298584,0.00970184880525,1039,980,9.80901352234,23,313.238762072,36.9274393098,46.7364528322,3.76464353176,0
347,1008.375,10.0816975257,101.640625,0.00999796457242,1029,980,17.9170482545,26,421.188661446,36.6035067021,54.5205549566,2.04294291014,0
348,1007.1875,10.4236434969,108.65234375,0.0103492582035,1029,980,17.5786194789,0,613.223455767,29.1734634985,46.7520829774,1.65959923836,0
349,1006.984375,10.2267146904,104.585693359,0.0101557828943,1029,980,18.4237714118,2,414.708501265,29.3568387923,47.7806102041,1.59342178842,0
350,1009.484375,8.75980198745,76.7341308594,0.00867750131096,1029,980,12.795311221,0,493.615885372,25.0457556853,37.8410669064,1.9574166859,0
351,1011.51953125,8.20630053863,67.3433685303,0.00811284437433,1039,990,8.20568561184,15,256.04787386,20.8708180309,29.0765036428,2.54345816038,0
352,1012.91796875,9.37359934198,87.864364624,0.00925405573913,1039,990,22.4511027092,2,489.535861713,23.8743106304,46.3254133396,1.0633914485,0
353,1013.83203125,10.5678199147,111.678817749,0.0104236398032,1039,980,18.7140234729,7,435.714539457,33.2662794701,51.980302943,1.7776123621,0
354,1017.55078125,12.945399135,167.583358765,0.012722116059,1049,980,61.3640924985,0,3024.50021246,46.2676359081,107.631728407,0.75398549908,0
355,1023.5546875,25.2989342024,640.036071777,0.024716739136,1215,990,439.860732728,2,5251.41766931,423.414914485,863.275647214,0.962611306218,0
356,1023.19921875,152.957853159,23396.1048431,0.149489806439,1892,470,31848.9840029,8,531568.00526,5246.74514234,37095.7291452,0.164738226559,0
357,1037.1171875,312.329331423,97549.6112671,0.301151437067,3137,-382,65404.4871095,8,1664593.48494,44268.6758166,109673.162926,0.676844629061,0
358,1040.51953125,437.604246073,191497.476181,0.420563221478,4176,-382,81384.3216898,9,1656038.62689,109801.692764,191186.014454,1.34917500674,1
359,1023.91015625,394.861491408,155915.597397,0.385640760566,4176,-323,74205.1723819,10,2245885.70544,94594.1345186,168799.306901,1.27476470281,1
360,1014.48046875,348.508730961,121458.335556,0.343534194789,4539,98,35301.951269,11,1607317.71484,59310.4043463,94612.3556153,1.68008855642,1
361,1001.5546875,315.395419191,99474.2704468,0.31490583902,4539,98,17689.253762,17,1168067.31966,61718.4499813,79407.7037433,3.489036384,1
362,995.1015625,347.495129009,120752.864685,0.349205691262,3078,-215,24139.8142128,13,2630789.10061,120047.063303,144186.877516,4.97299035713,1
363,1022.08984375,429.651252715,184600.198959,0.420365445701,3098,-529,53720.9240858,13,4200077.20558,151869.965861,205590.889947,2.827017004,1
364,1033.890625,519.233249826,269603.167725,0.502212939426,4754,-774,61833.1631438,16,4085256.45603,171959.238849,233792.401993,2.7810196035,1
365,1024.8515625,534.362157592,285542.915466,0.521404442501,4754,-921,41486.2266662,16,3054322.80157,160887.004259,202373.230925,3.87808237065,1
366,1069.578125,385.8000334,148841.665771,0.360702995305,4274,-921,72995.9441265,11,2512811.3377,58805.00092,131800.945046,0.805592716467,1
367,1118.75390625,395.645474866,156535.341782,0.353648351666,2215,58,158977.455903,11,4848152.10263,89033.1873526,248010.643256,0.560036558937,1
368,1164.03515625,481.22389817,231576.44017,0.413410106719,2519,49,243076.885167,11,7152661.69345,120720.759206,363797.644373,0.496636112161,0
369,1124.97265625,503.886763416,253901.870346,0.447910231966,3480,-186,230846.371875,11,4790151.60083,120877.945801,351724.317676,0.523629393952,0
370,1033.921875,390.522368705,152507.720459,0.377709745918,3480,-186,112251.063873,9,2815780.95559,80458.3722821,192709.436155,0.716771578871,0
371,1007.12890625,209.888072349,44053.0029144,0.20840239124,2362,137,31295.8071004,9,528537.176503,27432.3065363,58728.1136367,0.876548939873,0
372,1001.98046875,123.760714535,15316.7144623,0.123516094769,1431,137,12588.7684821,8,175412.617358,8626.68160821,21215.4500903,0.685268111846,0
373,1005.1875,13.2147230864,174.62890625,0.0131465254854,1058,970,60.8274579739,3,748.603226425,57.977962917,118.805420891,0.953154460966,0
374,1004.98046875,10.1174552028,102.36289978,0.0100673152538,1039,980,16.2132175148,12,375.263351884,26.1808223681,42.3940398829,1.61478265152,0
375,1004.67578125,12.0639717113,145.539413452,0.0120078257449,1078,970,36.5048495865,13,695.170222669,60.6791211573,97.1839707438,1.66222082393,0
376,1001.94921875,13.6862641913,187.313827515,0.0136596385677,1078,970,45.4780225863,28,933.898539688,91.6600419632,137.138064549,2.01547993406,0
377,1000.0703125,11.4739403063,131.651306152,0.0114731336016,1068,970,26.7588945659,1,750.460018821,46.2626723555,73.0215669214,1.72887083364,0
378,999.171875,9.66558761713,93.4235839844,0.00967359856594,1029,970,11.1182512494,0,492.780373894,18.705838304,29.8240895534,1.68244428772,0
379,1012.15234375,56.674407894,3211.98851013,0.0559939501637,1235,803,4539.05417948,5,62902.8877206,1104.76241027,5643.81658976,0.243390443601,0
380,1061.9453125,247.598238351,61304.8876343,0.233155356906,2176,196,70189.7835034,6,1244592.33166,41978.2474605,112168.030964,0.598067772334,0
381,1151.35546875,409.306094642,167531.479111,0.355499327315,2411,147,201141.465952,10,3479406.43914,88369.0120553,289510.478007,0.439337615628,0
382,1203.14453125,491.84291371,241909.451767,0.408797863378,2411,147,277485.068738,7,11769612.0306,92295.4211441,369780.489882,0.332614008977,0
383,1201.84765625,502.12398501,252128.496323,0.417793372063,2352,147,303222.320818,7,12424169.4697,85512.05474,388734.375558,0.282011081866,0
384,1193.3828125,492.598374076,242653.158142,0.412774818705,2352,235,283099.646308,7,11712978.4351,75340.7567784,358440.403087,0.266128049826,0
385,1136.73046875,476.396075049,226953.220322,0.419093257501,3539,137,261440.470076,7,9673233.17864,60875.4581319,322315.928208,0.232846345917,0
386,1050.58203125,406.934434394,165595.633896,0.387341894578,3539,-392,140839.362039,11,3379142.34071,58533.7044554,199373.066494,0.415606145952,0
387,1007.17578125,414.841230406,172093.246445,0.411885629231,4676,-676,60085.6485517,9,1459846.39492,79407.0485635,139492.697115,1.32156430824,1
388,993.81640625,367.252544085,134874.431137,0.369537614569,4676,-676,34976.2423801,22,721470.425018,72365.9258887,107342.168269,2.06900229883,1
389,997.6484375,302.989353408,91802.5482788,0.303703531244,4215,264,46235.0041348,11,776691.681816,42506.3121031,88741.3162379,0.91935348333,1
390,1006.30859375,352.888098749,124530.010239,0.350675827416,4215,166,55907.8494436,12,1290053.32659,65449.7417461,121357.59119,1.17067178218,1
391,1004.1171875,459.597320711,211229.697205,0.457712831164,4441,-676,70914.3950326,14,2047064.77422,104831.19628,175745.591313,1.47827808771,1
392,1035.578125,501.667549114,251670.329834,0.48443235426,4441,-676,128369.207606,7,2624668.59974,115187.584271,243556.791877,0.89731475654,1
393,1117.7890625,474.015882717,224691.057068,0.424065593965,2843,78,245633.731196,7,8777188.30716,92564.6662865,338198.397483,0.376840207718,1
394,1178.75390625,511.274302204,261401.412094,0.433741342865,2637,68,311595.993564,7,11799719.1089,97086.9539203,408682.947484,0.311579596418,0
395,1195.33203125,535.147375939,286382.713974,0.447697678928,2637,68,343157.499879,7,14294345.654,93227.2061635,436384.706042,0.271674686395,0
396,1184.78515625,541.049938428,292735.035873,0.456665021143,2617,147,371118.901887,7,17526386.4602,69949.4725375,441068.374425,0.188482645809,0
397,1137.62890625,527.232714222,277974.334946,0.463448767278,3450,147,278065.821807,7,10162447.4972,83389.2987737,361455.120581,0.299890501579,0
398,1043.4921875,480.919496838,231283.562439,0.460875033468,4098,-784,129982.28464,8,1785480.84117,88706.77933,218689.06397,0.682452840214,0
399,991.02734375,423.309084811,179190.581284,0.427141680278,4098,-784,84248.3227257,10,1654096.27811,70453.8001269,154702.122853,0.836263534365,0
400,1007.46484375,425.465157594,181020.600327,0.422312659577,4637,-676,76673.7845731,10,1983098.49868,57142.7540304,133816.538604,0.745271077313,1
401,1061.99609375,557.125662567,310389.003891,0.524602365156,4637,-980,136793.486073,9,4052395.37968,107453.912058,244247.398131,0.785519216905,1
402,1144.16015625,572.443885192,327692.001694,0.500317968656,4460,-980,267630.167818,10,4075684.85861,121649.504046,389279.671864,0.454543316391,1
403,1173.23046875,526.999167614,277728.122665,0.449186397431,2490,88,341694.661044,7,15221450.1963,94859.1947956,436553.85584,0.277613921463,0
404,1177.14453125,541.255960029,292958.014267,0.459804166489,2490,107,347917.950476,7,15173662.7997,106950.98143,454868.931906,0.307402884169,0
405,1180.4296875,507.713004616,257772.495056,0.430108637551,2421,205,322671.73838,7,15044886.4359,69986.0379185,392657.776299,0.216895468657,0
406,1157.421875,475.457404923,226059.743896,0.410790062978,2500,-49,262080.520194,7,10365739.4886,71450.0151561,333530.53535,0.27262619558,0
407,1074.06640625,393.938525657,155187.561996,0.366772969869,3529,-49,144947.897501,8,2841368.61448,52871.3151163,197819.212618,0.364760828047,0
408,1008.0859375,463.343673532,214687.359802,0.459627157067,3529,-617,118080.947696,9,4120874.55433,146541.37434,264622.322036,1.24102471397,1
409,1026.5546875,435.275762244,189464.989197,0.424016145992,3078,-617,89938.5263545,12,2404586.49023,151489.153349,241427.679703,1.68436330335,1
410,1025.234375,301.352316244,90813.2185059,0.293935048992,3774,235,51164.5329402,7,1126788.87115,40766.4668382,91930.9997784,0.79677199215,1
411,1011.59765625,435.574672302,189725.295151,0.430580942542,4676,-764,52345.3308883,7,1107451.14635,70020.2381059,122365.568994,1.33765967122,1
412,1022.09765625,446.063443842,198972.595932,0.43641959368,4676,-764,48583.1022667,14,1428492.42238,110012.856301,158595.958568,2.2644263369,1
413,1087.5625,428.841658388,183905.167969,0.394314495386,3235,29,154974.095618,12,3872555.36304,99213.1952254,254187.290843,0.640192122625,1
414,1180.8828125,516.68255367,266960.861267,0.437539227602,2578,29,296689.268497,7,9533080.32637,109639.319413,406328.58791,0.369542585645,1
415,1199.6328125,555.19495972,308241.443298,0.462804079661,2578,68,336586.264596,7,9361056.43801,128819.510015,465405.774611,0.382723609264,0
416,1179.4375,526.937388803,277663.011719,0.446770082182,2568,68,323050.446221,7,14041822.2131,87563.5315763,410613.977797,0.271052192004,0
417,1144.80859375,472.759955033,223501.975082,0.412959823689,2705,156,269949.981521,7,9350397.64677,75111.5657302,345061.547251,0.278242529624,0
418,1086.53125,451.664325673,204000.663086,0.415693819826,4029,-411,140567.176205,8,3468119.96979,77289.6734161,217856.849621,0.549841545536,0
419,1057.41796875,367.159388697,134806.016708,0.347222573805,4029,-411,76435.8166207,10,2299369.41462,43559.6659586,119995.482579,0.569885531214,0
420,1120.77734375,401.142228072,160915.087143,0.357914290746,2539,39,145495.325016,7,3661034.56141,98280.7263648,243776.051381,0.675490613556,0
421,1176.16015625,514.314434593,264519.337631,0.437282653949,2539,39,256547.492629,7,9485526.11969,139945.997785,396493.490414,0.545497429542,0
422,1177.34765625,521.232613838,271683.437729,0.442717672279,2460,39,293885.069537,7,10636865.1032,122286.913023,416171.98256,0.416104544595,0
423,1180.8359375,526.881209592,277603.809021,0.446193406603,2460,39,314959.925179,7,11991068.2226,88329.8657792,403289.790958,0.280447951367,0
424,1175.2890625,516.398490333,266667.400818,0.439379984728,2421,147,307273.986766,7,14015421.9923,80333.8571199,387607.843886,0.26144047521,0
425,1095.65625,384.816127714,148083.452148,0.351219762324,2313,166,178890.749292,7,3513912.68346,49075.8545057,227966.603798,0.274334221864,0
426,1008.97265625,140.396353126,19711.1359711,0.139147827502,1931,470,3811.14873767,21,95711.1017517,8282.96522008,12094.1139578,2.17335134108,1
427,1000.84375,287.545212138,82682.2490234,0.2873028004,3225,-549,26240.5866047,16,607894.236143,54532.9441338,80773.5307386,2.07819074151,1
428,1021.94140625,495.806020383,245823.609848,0.485160907808,4088,-754,105022.089307,10,2699468.00768,119820.746823,224842.836131,1.14090995155,1
429,1014.0703125,434.866469872,189108.846619,0.428832660331,4088,-754,92277.3076482,7,2062028.02596,83580.6479237,175857.955572,0.905755164015,1
430,1013.125,505.982236287,256018.023438,0.499427253583,4431,-1813,103398.940544,8,1670834.23027,101051.00862,204449.949164,0.977292495335,1
431,1019.59765625,745.827774079,556259.068588,0.731492240599,4754,-1813,224064.330523,9,3741985.40978,257725.122737,481789.45326,1.15022824979,1
432,991.03125,614.180550835,377217.749023,0.619738833497,4754,-1431,165678.702491,10,4190348.95306,193437.961714,359116.664205,1.16754874831,1
433,1008.06640625,559.251606052,312762.358871,0.554776552997,4735,-2039,83879.6126829,12,4335603.37603,141142.362288,225021.974971,1.68267780183,1
434,1046.3359375,548.959979435,301357.059021,0.524649837361,4735,-2039,97415.2212421,8,1727559.29297,124374.59996,221789.821203,1.2767470871,1
435,1062.78125,368.250879104,135608.709961,0.346497342801,3823,-176,93202.2339748,10,1570338.12423,52733.4909924,145935.724967,0.565796427226,0
436,1110.12890625,467.663777905,218709.409164,0.421269796032,3823,-176,188468.349881,7,7596333.34415,85838.7928353,274307.142717,0.45545468451,0
437,1160.5,501.628893581,251631.546875,0.432252385679,2382,49,297162.156819,7,12025942.0777,90886.8110767,388048.967896,0.305849210578,0
438,1180.4140625,509.54600699,259637.13324,0.431667177796,2382,107,304408.658182,7,12883984.5845,93719.0303114,398127.688494,0.307872420157,0
439,1148.00390625,506.048374186,256084.957016,0.440807188399,3460,88,296056.022634,7,11819205.5727,70367.586553,366423.609187,0.237683347655,0
440,1065.4296875,356.100060192,126807.252869,0.334231403883,3460,88,140647.300131,7,2280654.98348,39419.0247223,180066.324854,0.280268620056,0
441,1025.48828125,73.8422083748,5452.67173767,0.0720068768458,1401,833,1118.40253864,14,70111.6367609,5830.0681809,6948.47071954,5.21285313605,0
442,1015.96484375,33.0001588297,1089.01048279,0.032481595237,1166,892,480.526035247,18,7916.0083495,842.792664926,1323.31870017,1.7538959455,0
443,1008.68359375,29.0563414909,844.270980835,0.0288062001513,1166,892,442.828655274,17,8978.49504366,708.080345384,1150.90900066,1.59899396065,0
444,1004.72265625,84.8745238525,7203.68479919,0.0844755747515,1352,529,4782.80985245,12,111382.017712,6580.72761691,11363.5374694,1.37591244894,0
445,1026.171875,157.340202139,24755.939209,0.153327338209,1578,529,24968.6612282,8,576699.839705,16553.5275364,41522.1887646,0.6629721708,0
446,1051.73828125,277.708884395,77122.224472,0.264047519565,2549,88,83329.1200875,8,1294613.48699,31804.6741693,115133.794257,0.381675387139,0
447,1006.65625,255.774068317,65420.3740234,0.254082829483,2549,88,60469.4370473,10,895579.439142,31582.5877771,92052.0248244,0.522290090983,0
448,900.76171875,98.8190515073,9765.2049408,0.109706095908,1127,617,12023.4204693,0,433127.68741,1849.0488094,13872.4692787,0.153787253313,0
449,839.44140625,71.1816317021,5066.82469177,0.0847964267334,1039,617,5769.97089447,0,176670.064921,1295.49662238,7065.46751685,0.224523944067,0
450,879.94921875,65.1338267724,4242.41539001,0.074019983636,1068,715,5024.70930208,0,304589.310155,572.417093006,5597.12639509,0.11392043969,0
451,918.828125,19.0129928334,361.493896484,0.0206926543889,1068,862,220.662160523,17,2153.24678777,211.179330384,431.841490907,0.957025571958,0
452,915.1640625,10.2139437044,104.324645996,0.0111607788405,941,882,17.8692483732,31,346.058780686,34.8752263288,52.7444747019,1.95168960666,0
453,913.46875,10.3741998938,107.624023438,0.0113569291712,941,882,18.054383075,19,500.386750864,39.0267758563,57.0811589312,2.16162334067,0
454,960.43359375,50.1682665159,2516.85496521,0.0522350184775,1029,892,2689.62180401,0,245553.314281,173.474384211,2863.09618822,0.0644976866089,0
455,1009.2890625,15.9800424083,255.361755371,0.01583296897,1039,892,89.5090521026,1,2249.14289172,137.138031674,226.647083777,1.53211355112,0
456,1008.484375,10.8792982705,118.359130859,0.0107877707778,1039,980,46.5529615732,1,1608.26842652,29.1171598418,75.670121415,0.625463103911,0
457,1010.40625,43.8893205796,1926.27246094,0.0434373011643,1333,960,2044.19411183,0,18129.8440378,1075.15596867,3119.3500805,0.525955907243,0
458,1029.01953125,211.37909242,44681.1207123,0.205417959524,1980,294,64790.5346669,7,1219490.92132,15253.1540828,80043.6887497,0.235422568455,0
459,1060.56640625,358.646647085,128627.417465,0.338165196419,2088,147,183428.41279,10,3863680.85536,38966.5469455,222394.959735,0.212434629689,0
460,1081.2109375,519.585293653,269968.87738,0.480558673273,4813,-1068,210563.066026,7,5288373.16798,105661.861397,316224.927423,0.501806244519,1
461,1054.6875,433.887482714,188258.347656,0.41138961324,4813,-1068,76386.2174648,12,1925465.08332,92210.3097174,168596.527182,1.20715899776,1
462,1016.640625,137.409017306,18881.2380371,0.135159872552,1725,362,12352.6704695,8,147354.829819,15528.3496698,27881.0201393,1.25708442625,1
463,1017.5859375,186.096624237,34631.9535522,0.182880499208,2431,362,16746.7761499,12,384459.608793,29953.8682976,46700.6444475,1.7886349008,1
464,1034.546875,222.979919898,49720.0446777,0.21553389729,2696,-127,25068.1843396,10,412084.967329,22598.2852578,47666.4695973,0.901472757326,1
465,1063.7890625,315.943135517,99820.0648804,0.296997916838,2754,-127,62476.2172379,7,1056235.06834,59239.6454501,121715.862688,0.948195138392,1
466,1037.69921875,497.372619685,247379.522812,0.479303261193,4078,-666,92433.0290774,14,2060936.30959,138706.419651,231139.448728,1.50061532155,1
467,995.84765625,558.53295931,311959.066635,0.560861850509,4754,-686,50695.7718508,13,2501211.881,186838.406771,237534.178622,3.68548302846,1
468,1009.97265625,399.090884898,159273.534409,0.395150187907,4754,-686,22435.3274711,12,1884793.65068,109452.800865,131888.128336,4.87859163213,1
469,1061.4609375,294.781418023,86896.0844116,0.277712921511,2058,196,92093.7255792,7,1530866.76603,44169.7569612,136263.48254,0.479617440639,1
470,1118.55859375,485.129264028,235350.402817,0.433709299396,3823,-88,210249.770293,11,6336413.9822,94155.8555113,304405.625804,0.447828577317,0
471,1076.890625,505.565234947,255596.206787,0.469467579353,4205,-147,174441.4982,11,3448951.46408,114004.59745,288446.09565,0.653540577366,1
472,999.8203125,333.47151147,111203.248962,0.333531442902,4205,-147,27153.3341305,20,918290.60578,68727.3489399,95880.6830703,2.53108324045,1
473,999.90625,262.701141315,69011.8896484,0.262725771857,2470,313,25165.2970006,13,909663.694561,62855.2179442,88020.5149448,2.49769426296,1
474,1029.26171875,393.583067118,154907.630722,0.382393573907,4049,-205,34726.4026233,15,775375.9206,90839.7243871,125566.12701,2.61586912334,1
475,1017.83203125,476.918951846,227451.68663,0.468563512646,4049,-205,43480.288772,14,1904797.69697,137273.928585,180754.217357,3.15715310229,1
476,1010.54296875,494.708008606,244736.013779,0.489546732701,4127,-147,40861.3798432,14,3498434.07885,174256.692858,215118.072701,4.26458170348,1
477,1020.69140625,414.28403329,171631.260239,0.405885687636,4127,39,34746.836688,13,1566032.10684,103134.493855,137881.330543,2.96816929785,1
478,1042.234375,343.661260918,118103.062256,0.329735104849,3019,107,78152.104412,10,1344920.79106,57831.5546928,135983.659105,0.739987171527,1
479,1104.6328125,437.485551031,191393.607361,0.396046130515,3019,156,188187.887001,7,4461794.00939,86884.0815582,275071.968559,0.461687959532,0
480,1086.1328125,511.372912656,261502.255798,0.470819872828,4754,-549,231233.594622,7,7244097.43285,88677.2847006,319910.879322,0.383496545325,1
481,1022.05859375,431.002021643,185762.742661,0.421699914544,4754,-549,98423.6521143,6,1710640.45622,71827.7358472,170251.387962,0.729781249773,1
482,1006.0703125,274.786499043,75507.6200562,0.273128523552,2392,-19,19701.3824348,15,577523.40281,75001.7554713,94703.1379061,3.80692856045,1
483,1011.96484375,222.104816574,49330.5495453,0.219478787179,2392,-19,20904.9358895,15,791442.972629,55274.8567654,76179.792655,2.6441055384,1
484,1046.21875,272.674727168,74351.5068359,0.260628790267,2225,107,67456.1923189,7,1190635.23315,50291.1131843,117747.305503,0.745537384419,1
485,1054.3359375,439.116732013,192823.504333,0.416486545127,4107,-127,91977.9700449,8,3040527.18383,118550.187712,210528.157757,1.28889763119,1
486,1028.3671875,483.669306433,233935.997986,0.470327439763,4764,-892,56852.7579382,14,2049882.56989,117749.869079,174602.627017,2.07113732647,1
487,1014.9296875,547.014427706,299224.784119,0.538967806778,4764,-1117,39749.7849769,14,2865940.84911,180868.757406,220618.542383,4.55018203271,1
488,1009.42578125,617.226269636,380968.267929,0.611462755461,4647,-1117,90150.3751109,14,2632634.57368,219997.511143,310147.886254,2.44033938708,1
489,1015.8203125,574.127462078,329622.342712,0.565186042269,4696,-588,68913.9060553,10,2328730.844,191338.39467,260252.300726,2.77648453879,1
490,1069.34375,456.877581003,208737.124023,0.427250433739,4696,-78,107800.241416,9,2802323.62295,129480.512795,237280.75421,1.20111523958,1
491,1094.875,429.759852999,184693.53125,0.392519559766,3343,78,175864.790682,7,4346013.14888,76374.7575879,252239.54827,0.434281116145,1
492,1051.578125,417.322166643,174157.790771,0.396853221574,3794,78,115861.510061,7,2627610.78911,80881.5218756,196743.031936,0.698087931301,0
493,1039.09375,391.177537968,153019.866211,0.376460293374,4666,-254,55307.8943705,9,1633486.93459,55271.3061541,110579.200525,0.99933846304,0
494,1041.30859375,332.39605178,110487.135239,0.319209938125,4666,-254,35496.5212288,9,656357.116132,27218.6374342,62715.158663,0.766797322442,1
495,1028.14453125,138.477712167,19176.076767,0.134687009421,1970,588,1502.69810901,13,87761.212607,11093.7043555,12596.4024645,7.3825236679,1
496,1019.25390625,90.5500659186,8199.31443787,0.088839557409,1901,607,717.345928901,13,47796.8175276,7895.17358927,8612.51951817,11.0060896301,1
497,1007.73828125,78.2002503803,6115.27915955,0.0775997616001,1705,647,977.187300874,22,52412.1400906,5743.72324236,6720.91054323,5.87781199901,1
498,1003.40234375,180.602545734,32617.2795258,0.179990157348,2303,362,18987.4660525,11,497436.820968,22110.1554978,41097.6215503,1.16446056766,1
499,1005.84375,347.548365283,120789.866211,0.345529179142,3725,-176,47236.8572415,13,1482227.31226,92564.9393659,139801.796607,1.95959140323,1
500,1047.94140625,362.815919025,131635.391098,0.346217753074,3725,-176,80102.4474811,12,1259391.96596,87170.6260628,167273.073544,1.08823923368,1
501,1105.1328125,365.238061729,133398.841736,0.330492459909,2098,88,201533.144394,6,5014610.66154,40680.2792287,242213.423623,0.2018540392,1
502,1098.53515625,479.078158108,229515.881577,0.436106350701,3196,-372,270550.840252,7,5832105.31079,81256.2075145,351807.047767,0.300336186126,0
503,1045.66015625,473.499840919,224202.09935,0.452823833909,3549,-921,135073.004003,10,2722675.3573,123938.981787,259011.985789,0.917570336884,1
504,1021.8046875,430.682789275,185487.664978,0.421492281787,3774,-921,48256.0433536,15,1975459.78544,146142.083461,194398.126814,3.02847215197,1
505,1020.0390625,494.155109163,244189.271912,0.48444724063,4754,-862,100009.750542,8,3630547.80354,134781.753183,234791.503725,1.34768612513,1
506,1055.328125,423.537845294,179384.306396,0.40133285114,4754,-862,79356.0451135,8,2913904.48136,99292.2932042,178648.338318,1.25122532332,1
507,1051.43359375,354.881631185,125940.972153,0.337521678302,4147,-205,40137.2418843,9,915604.764326,49711.9390079,89849.1808922,1.23854895538,1
508,1016.87109375,454.905487892,206939.002914,0.447358067987,4725,-205,43623.1870363,8,1573235.12278,86893.4648771,130516.651913,1.99191005473,1
509,1019.49609375,465.229916262,216438.874985,0.456333201386,4725,-460,54658.9228127,13,1196419.97457,112072.98133,166731.904143,2.05040596417,1
510,996.16796875,413.199046774,170733.452255,0.414788529381,4666,-460,42922.9189815,14,2093218.99078,125673.018415,168595.937397,2.92787679397,1
511,997.96484375,362.55033424,131442.744858,0.363289685514,2960,88,45345.0644519,15,1945150.88847,119485.132935,164830.197387,2.63501958546,1
512,1006.08203125,397.867014516,158298.16124,0.395461803469,4725,-333,50513.8782679,11,1745915.07897,74107.9417197,124621.819988,1.46708081543,1
513,988.9765625,443.842850582,196996.476013,0.448790059757,4725,-333,59539.0944483,16,1683727.93025,104823.881002,164362.97545,1.76058910491,1
514,1003.26953125,404.530198204,163644.681259,0.403211884348,4156,107,46253.3941708,15,1701928.00311,132126.395833,178379.790003,2.85657729992,1
515,1062.578125,347.03144241,120430.822021,0.3265938139,2990,107,91768.8701314,7,1770589.42217,68525.6159903,160294.486122,0.746719621722,1
516,1078.55859375,334.315153062,111766.621567,0.309964757593,2558,205,148471.091599,6,3081198.00958,38293.9949038,186765.086503,0.257922229112,1
517,1043.15234375,225.183875028,50707.7775726,0.215868637383,2558,205,65893.6222358,7,786753.273642,15409.5763824,81303.1986183,0.233855354427,0
518,1029.9375,9.88626730622,97.73828125,0.00959890023057,1058,1000,15.8543725514,27,277.343236962,24.1846017248,40.0389742761,1.52542156093,0
519,1029.98046875,9.79455013159,95.9332122803,0.00950945229425,1058,1000,17.3792347722,11,335.28975615,28.5257339807,45.904968753,1.64136881483,0
520,1029.44140625,9.61629498676,92.4731292725,0.00934127472276,1049,1000,23.1491122746,29,631.401524389,39.4668483708,62.6159606453,1.70489684022,0
521,1028.03515625,9.4133971173,88.6120452881,0.00915668794017,1049,1000,12.8910434605,19,602.579276872,35.4832338062,48.3742772667,2.75254938941,0
522,1027.09375,37.5182117236,1407.61621094,0.0365285172104,1284,882,722.638231129,11,15259.6442376,1284.29728647,2006.9355176,1.77723407253,0
523,1029.0,97.5715682845,9520.2109375,0.0948217378858,1470,578,842.602887455,15,89427.5693058,7956.19405438,8798.79694183,9.44240065258,0
524,1023.68359375,101.68996561,10340.8491058,0.0993373013216,1470,578,1084.63952728,15,83399.5918924,8048.6082859,9133.24781318,7.42053749977,0
525,1022.90234375,47.3856583737,2245.40061951,0.0463247138529,1215,617,553.148117299,26,14299.2019648,1617.84278489,2170.99090219,2.92479127071,0
526,1029.46484375,10.4447361881,109.092514038,0.0101457920117,1078,1000,14.1856602684,11,386.549061632,36.3213973902,50.5070576585,2.56043051244,0
527,1030.19921875,34.882998626,1216.82359314,0.0338604397976,1254,882,698.281600779,12,12315.3179793,987.868397643,1686.14999842,1.41471348599,0
528,992.54296875,91.5943743015,8389.52940369,0.0922825279966,1323,529,5241.61334246,0,240261.871878,5863.65642531,11105.2697678,1.11867397349,0
