,0,1,2,3,4,5,6,7,8,9,10,11,12
0,1054.16796875,206.066677784,42463.4756927,0.195478029965,1921,235,62762.8893744,6,944310.067968,13786.7589764,76549.6483509,0.219664185538,0
1,1096.30859375,413.109883522,170659.775864,0.376818977683,2245,49,261560.808611,6,7108437.84812,53141.5539907,314702.362602,0.203170934793,0
2,1134.5703125,519.697142628,270085.120056,0.458056355699,2392,-19,418094.867423,10,10462511.9586,80127.1391165,498222.006539,0.191648224745,0
3,1147.55078125,539.719644164,291297.294296,0.470323102892,2401,-98,441536.146744,7,10333421.9512,86170.1283984,527706.275142,0.195159850522,0
4,1157.03125,553.910888556,306817.272461,0.478734596456,2431,-98,437341.933147,7,12666204.0655,95596.6935913,532938.626738,0.218585702275,0
5,1147.375,550.505442469,303056.242188,0.479795570296,2431,39,383596.009933,7,14127049.8303,104048.570467,487644.5804,0.271245184446,0
6,1131.76953125,524.626814546,275233.29454,0.463545624847,3774,39,340781.056843,10,7734076.29047,98362.7347524,439143.791595,0.288639091808,0
7,1096.65234375,413.032525858,170595.867416,0.376630322464,3774,78,194802.821693,6,3425836.78156,58471.1222073,253273.9439,0.30015541715,0
8,1103.671875,440.961478075,194447.025146,0.399540377955,2313,19,256207.421585,7,7291869.44117,67628.9841962,323836.405781,0.26396184692,0
9,1154.91015625,543.329582203,295207.034897,0.470451817626,2382,-9,373714.383348,7,14193609.8582,90564.6772186,464279.060567,0.242336611204,0
10,1155.96875,544.88821155,296903.163086,0.471369326852,2500,-88,396192.298612,7,11913708.723,108444.150434,504636.449046,0.273715947569,0
11,1175.07421875,572.993344986,328321.373398,0.487623109964,2558,-88,392481.635736,7,14328090.3544,124634.518156,517116.153892,0.31755503139,0
12,1205.265625,574.873783489,330479.866943,0.476968538358,2558,58,404821.368213,7,15585589.3794,120598.868721,525420.236934,0.297906380913,0
13,1138.890625,448.53111365,201180.159912,0.393831596998,2519,78,247581.253732,7,6174510.74896,73179.3509526,320760.604685,0.295577107917,0
14,1070.75390625,297.918609744,88755.4980316,0.278232568665,1980,107,81683.819332,9,1159467.92592,48176.5751833,129860.394515,0.589793371286,0
15,1100.05859375,410.965574712,168892.703598,0.373585168141,2725,107,186297.321567,7,3069002.41434,80006.8010005,266304.122568,0.429457602114,0
16,1137.1875,511.279472714,261406.699219,0.449599976006,2725,-29,329931.111071,7,13134547.9901,78735.4634609,408666.574532,0.238642131096,0
17,1172.88671875,542.60796634,294423.405136,0.462626064108,2372,-29,395944.585382,7,15980546.5405,83377.0912832,479321.676665,0.210577677689,0
18,1184.796875,562.079507546,315933.372803,0.474410018633,2441,-29,409258.902977,7,12864797.8259,113078.321339,522337.224316,0.276300211227,0
19,1172.47265625,562.323006212,316207.163315,0.479604367073,2519,0,461600.568688,7,7796978.8017,85158.593018,546759.161706,0.184485459496,0
20,1118.4375,477.079964963,227605.292969,0.4265593428,2519,19,323058.603352,7,6717201.93649,63688.0708154,386746.674167,0.197140921662,0
21,1056.9609375,305.144648137,93113.2562866,0.288700024108,2186,78,114630.026579,7,2848078.34511,33922.6975248,148552.724104,0.295932039249,0
22,1107.546875,410.831128997,168782.216553,0.370937915379,2323,19,227778.538358,7,5456192.27213,68161.8281893,295940.366548,0.299246051365,0
23,1171.69921875,562.767699632,316707.483749,0.480300482092,2578,19,390026.6754,7,17614610.2322,112063.151559,502089.82696,0.287321761888,0
24,1171.69921875,587.268943393,344884.811874,0.501211346731,2578,-9,441233.008035,7,20663375.4806,98845.6009178,540078.608953,0.224021320069,0
25,1163.27734375,598.877176305,358653.872299,0.514818911864,3313,-117,433430.769522,7,20009796.8698,98815.0495699,532245.819092,0.227983467069,0
26,1148.18359375,560.302395932,313938.774887,0.487990247363,3313,-117,374183.571419,7,16738620.3021,89637.907837,463821.479256,0.239555968471,0
27,1114.828125,475.900923732,226481.689209,0.426882775075,2519,9,300687.297973,7,8524215.97322,64471.5901308,365158.888104,0.214414079229,0
28,1073.57421875,359.163288671,128998.267929,0.334549100005,2372,9,163663.372751,8,3382413.99896,46763.8194049,210427.192156,0.285731734711,0
29,1107.734375,432.679045027,187211.156006,0.390598192845,2431,-107,227673.522723,8,4090392.72437,72858.9252935,300532.448017,0.320014924977,0
30,1172.87109375,589.335950277,347316.862289,0.502472908931,2588,-107,418960.437484,7,18133519.3128,104555.022983,523515.460468,0.249558224664,0
31,1181.171875,593.342717014,352055.579834,0.50233393596,2588,0,440088.788753,7,19749225.0105,88815.7638278,528904.552581,0.201813284268,0
32,1183.77734375,585.615062311,342945.001205,0.494700346651,2666,-78,440327.186245,7,19658623.8126,88281.6766653,528608.86291,0.200491088044,0
33,1178.17578125,591.081018036,349376.769882,0.501691706316,2666,-78,460590.812653,7,21927490.1735,84497.3191983,545088.131851,0.183454200295,0
34,1124.76953125,497.438600963,247445.161728,0.442258246816,3058,49,332597.722233,7,10406105.7096,69797.8993055,402395.621539,0.209856816928,0
35,1074.41796875,339.058682452,114960.790146,0.31557428516,3058,78,154694.016906,6,2620464.25545,37230.8932766,191924.910182,0.240674423105,0
36,1119.6171875,442.20936114,195549.11908,0.394964784461,2362,88,271034.090055,7,7792121.62021,52711.8843595,323745.974415,0.194484333498,0
37,1182.10546875,575.170090849,330820.633408,0.486564106211,2509,0,424652.257847,7,19768761.2901,83851.7063689,508503.964216,0.19745969748,0
38,1197.1015625,595.879140953,355071.950623,0.497768242578,2588,0,453495.828889,7,21258657.4323,89701.1108444,543196.939734,0.197799197104,0
39,1191.60546875,600.460347984,360552.629501,0.503908687675,2588,39,455840.404598,7,20766064.2743,102126.51712,557966.921718,0.224040072118,0
40,1190.15625,594.164637294,353031.616211,0.499232464052,3941,107,443729.83135,7,12087975.436,128899.813565,572629.644915,0.29049165609,0
41,1118.25390625,517.928032887,268249.44725,0.463157812365,3960,-441,244455.895241,7,4840652.40072,135347.062628,379802.957869,0.553666592882,0
42,1029.58984375,545.189975252,297232.109116,0.529521516322,4813,-2078,67354.6766042,14,1943785.03038,149789.271729,217143.948333,2.22388821802,0
43,1008.1484375,698.219102765,487509.915466,0.692575693017,4813,-2117,111222.532418,10,3660539.73777,227669.424104,338891.956522,2.04697213015,0
44,1011.60546875,658.946718589,434210.777939,0.651387066346,4784,-2117,120464.862053,16,3528484.10771,251857.32911,372322.191163,2.09071197043,1
45,1054.40625,542.715293361,294539.889648,0.514711756841,4617,-931,131121.845777,7,3560651.24578,171924.203417,303046.049194,1.31117894503,1
46,1108.23046875,544.006912734,295943.521103,0.490878863264,4617,-931,292176.444903,7,11728491.2057,88866.7110206,381043.155923,0.304154262162,1
47,1158.14453125,591.811036843,350240.303329,0.510999293158,2676,-19,438154.757547,7,19459694.6544,97512.5827023,535667.340249,0.222552833269,1
48,1204.515625,640.788411895,410609.788818,0.531988459589,2676,-58,519325.273084,7,12049038.5379,154596.037923,673921.311007,0.297686336359,1
49,1205.55859375,622.512051594,387521.254379,0.516368142387,2588,-58,503800.854195,7,16813363.803,151259.90412,655060.758315,0.30023749039,0
50,1141.34765625,530.817839144,281767.578354,0.46507988713,2686,-156,330638.006647,7,11738777.779,84062.9204171,414700.927064,0.254244577838,0
51,1078.83984375,568.588124057,323292.454819,0.527036637876,4764,-1892,148325.356495,9,3777373.29942,191055.054677,339380.411172,1.28808087297,0
52,1021.6796875,661.189185927,437171.139587,0.647158981447,4764,-1980,116489.739333,12,3201452.82727,228294.700605,344784.439938,1.95978377076,0
53,1008.4765625,592.976554986,351621.194763,0.587992400652,4696,-1980,76744.2722584,12,2603119.48426,161335.988668,238080.260926,2.10225446044,0
54,1017.9140625,535.59463927,286861.617615,0.526168818176,4568,-705,103918.16341,9,2355929.22847,210888.964971,314807.128381,2.02937540513,1
55,1057.4375,602.698848799,363245.902344,0.569961675086,4294,-480,223620.480391,8,4155740.916,229397.075445,453017.555836,1.02583213775,1
56,1139.1796875,631.953215159,399364.86615,0.554744104107,4294,-480,421899.416928,7,17981821.6075,102545.761354,524445.178282,0.243057366849,1
57,1185.38671875,634.376473874,402433.510605,0.535164148408,2705,-9,509912.702607,7,22915354.592,95815.8403302,605728.542937,0.187906360913,1
58,1206.1171875,673.341470776,453388.736267,0.558272013495,4735,-745,488205.837319,7,20133206.3072,111043.083921,599248.92124,0.227451364636,0
59,1175.59765625,675.272582574,455993.060776,0.574407901363,4735,-745,439541.608956,7,16322529.3188,125779.520045,565321.129001,0.286160667119,0
60,1091.07421875,558.493095266,311914.53746,0.511874522987,4529,-333,258641.493152,8,7060916.35941,147301.075792,405942.568944,0.569518347567,0
61,1032.4375,356.823348933,127322.902344,0.345612542099,4529,-205,39086.6610788,12,1177713.67251,87044.6432966,126131.304375,2.22696543768,0
62,1036.046875,251.109269025,63055.8649902,0.24237249789,2666,29,5179.4242108,11,217395.617594,16685.2905569,21864.7147677,3.22145664805,0
63,1034.96484375,197.787515045,39119.9011078,0.19110553971,2666,372,7752.38023176,8,156945.257954,15000.6291842,22753.009416,1.93497077488,0
64,1024.625,34.776294009,1209.390625,0.0339405089755,1196,784,643.054869209,7,7106.27075764,584.417502407,1227.47237162,0.908814364667,0
65,1025.33984375,10.1082874403,102.177474976,0.00985847521864,1058,1000,15.2608158867,29,677.928290388,37.6057280823,52.866543969,2.46420167582,0
66,1024.97265625,12.9459224688,167.596908569,0.0126305052041,1088,990,33.6376630459,29,1136.59655735,84.2441416675,117.881804713,2.5044588131,0
67,1024.51171875,12.8083781241,164.054550171,0.0125019342285,1088,990,43.7739707645,18,930.35079016,84.6989253504,128.472896115,1.93491529032,0
68,1023.41015625,11.6411067172,135.515365601,0.0113748203944,1058,990,45.1173064973,7,920.340510974,47.418357512,92.5356640093,1.05100151568,0
69,1021.74609375,11.7434316904,137.908187866,0.0114934931116,1058,990,41.4262486712,7,933.549458191,64.7692040692,106.19545274,1.56348224005,0
70,1020.4765625,9.68847966317,93.8666381836,0.00949407367028,1049,1000,24.1269514055,20,1025.5331967,52.583904338,76.7108557435,2.17946741195,0
71,1021.76953125,8.80283209571,77.4898529053,0.00861528145681,1068,1009,29.0463374895,0,937.71665224,36.6216925893,65.6680300788,1.26080241967,0
72,1092.5078125,1102.228056,1214906.68744,1.00889718443,18693,1000,208725.261117,0,1244796.58762,361579.902672,570305.163788,1.73232459136,0
73,1095.00390625,1102.58432748,1215692.1992,1.00692273442,18693,872,207590.355742,24,1368340.59915,363903.343504,571493.699246,1.75298771566,0
74,1028.53125,35.0589765386,1229.13183594,0.0340864475811,1362,872,116.850794113,23,4708.79653241,842.337263301,959.188057414,7.20865672924,0
75,1028.74609375,31.061965293,964.845687866,0.030194005578,1352,980,767.767299003,5,7192.14425701,211.794689422,979.561988425,0.275857919056,0
76,1025.42578125,196.428368284,38584.1038666,0.191557860038,2500,225,27980.8325146,7,425072.747865,18415.1881503,46396.0206649,0.658135819964,0
77,1021.71875,216.678673295,46949.6474609,0.212072718931,2500,225,30396.043653,7,492259.744716,28667.0363697,59063.0800227,0.94311735754,0
78,1042.3671875,262.005497649,68646.8807983,0.251356240671,2578,235,75432.9579445,9,1379204.29679,28896.6975651,104329.65551,0.383077879385,1
79,1103.4296875,449.492173242,202043.213806,0.407359144252,2823,68,278622.684703,6,8084201.11846,62383.9803166,341006.665019,0.223901296419,1
80,1087.18359375,512.749132934,262911.673325,0.471630675703,3941,-39,315144.695081,10,5722198.95643,86605.0727222,401749.767803,0.274810504743,1
81,1022.6328125,349.579778339,122206.021423,0.341842911811,3941,-39,105033.340315,9,1891480.80734,55988.7564195,161022.096735,0.533056991727,1
82,1022.13671875,289.05712978,83554.0242767,0.282796933598,3862,205,46742.4267527,9,848189.589687,43532.1936824,90274.620435,0.931320787273,1
83,1053.984375,507.135429157,257186.343506,0.481160291543,4764,-1343,151145.098549,7,2713782.61284,99582.766319,250727.864868,0.658855412945,1
84,1041.09765625,550.569976531,303127.299057,0.528836054164,4764,-1343,130343.808597,11,2503672.41375,87018.0008962,217361.809493,0.667603638661,1
85,1030.58203125,443.226118035,196449.391708,0.430073593945,4362,-362,24688.0643589,12,682433.385584,76802.3561124,101490.420471,3.11091039767,1
86,1044.0703125,269.2644548,72503.3466187,0.257898775184,3911,352,9543.87256049,28,219076.003896,34931.9640232,44475.8365837,3.66014569052,1
87,1035.28125,170.097946853,28933.3115234,0.164301195306,3019,254,1109.01467264,30,116340.645523,11397.2348701,12506.2495427,10.2769017861,1
88,1027.1015625,175.677253785,30862.4974976,0.171041754973,3019,254,1752.74703055,23,200085.449934,11537.8543459,13290.6013765,6.58272651149,1
89,1015.90625,88.7585328204,7878.07714844,0.0873688224877,1411,647,2777.93596537,23,47296.1502105,4508.33373226,7286.26969764,1.62290772302,1
90,1024.12890625,114.127785188,13025.1513519,0.111438886737,1892,647,1712.29388126,23,45613.7352545,5405.16873731,7117.46261857,3.15668285478,1
91,1018.85546875,403.240882822,162603.209579,0.395778297502,4647,-2470,8534.44428023,15,237486.393733,30701.8449333,39236.2892135,3.59740411036,1
92,1012.30078125,409.317227984,167540.593124,0.404343487198,4647,-2470,12055.6369364,12,341723.659286,35975.6834577,48031.3203941,2.98413793047,1
93,1036.96875,252.265189009,63637.7255859,0.243271736983,2117,98,46892.5637566,9,1070043.02865,49263.4949293,96156.0586858,1.05056092017,1
94,1093.30859375,442.738056644,196016.986801,0.404952507622,2274,0,259680.773341,6,6067295.51429,67805.7483716,327486.521712,0.261111931774,1
95,1131.58203125,549.908445069,302399.297958,0.485964278225,3519,0,365732.216041,7,10387024.4409,106507.680289,472239.89633,0.291217660401,1
96,1086.54296875,567.025226536,321517.607529,0.521861760505,4578,-186,237223.9048,8,3758977.77924,157568.578721,394792.483521,0.664218805664,1
97,1025.30859375,506.743442472,256788.916489,0.494235048415,4578,-186,79543.1742886,16,2646961.8813,198853.304464,278396.478752,2.4999417768,1
98,994.7578125,324.251897308,105139.292908,0.325960644122,3284,-117,40297.0562156,14,2436525.0649,118147.91758,158444.973796,2.93192428123,1
99,991.6328125,143.932458721,20716.5526733,0.145146930301,1490,490,7077.9127618,17,350314.661623,21768.0794782,28845.99224,3.07549417615,1
100,1015.1484375,210.721661419,44403.6185913,0.20757719131,2637,343,2631.03615945,23,572552.569481,39183.6965942,41814.7327537,14.8928765017,1
101,1014.71875,206.527008581,42653.4052734,0.203531282517,2637,343,3647.96921418,23,474508.36613,34261.257803,37909.2270171,9.39187141981,1
102,1010.421875,94.9546445493,9016.38452148,0.0939752462795,1823,676,2758.68540169,7,49188.7213186,5388.8676286,8147.55303028,1.95341869185,1
103,1019.0390625,69.009668972,4762.33441162,0.0677203372388,1441,470,163.1609733,19,21948.0719314,3231.43258777,3394.59356107,19.8051808739,1
104,1023.4140625,243.94208865,59507.7426147,0.238361087255,2725,352,33499.947992,5,648173.449582,36243.8890485,69743.8370405,1.08190881541,1
105,1022.50390625,304.617767636,92791.9843597,0.297913549058,2725,245,53133.475302,6,1282837.64915,58760.9529714,111894.428273,1.10591209473,1
106,1011.4375,456.420143789,208319.347656,0.451258870458,4735,-1088,84519.5453768,15,2734219.24004,118403.097454,202922.642831,1.40089605222,1
107,1004.4453125,431.920055692,186554.934509,0.430008533384,4735,-1088,65940.1722263,7,2297650.06591,105977.113477,171917.285704,1.60717071095,1
108,993.49609375,509.364355702,259452.04686,0.51269890129,4794,-2235,76397.9884411,8,1356158.17653,78235.9188362,154633.907277,1.02405731398,1
109,989.65234375,503.855983185,253870.851791,0.509124225661,4794,-2235,62649.0897074,8,1008645.23926,79091.0857209,141740.175428,1.26244588852,1
110,1003.03515625,320.784089939,102902.432358,0.31981340628,3441,-254,77375.4731258,10,1365240.63656,62793.8311815,140169.304307,0.81154697535,1
111,1074.5703125,491.693632121,241762.627869,0.457572321142,3441,-254,245232.813541,7,4526939.12411,122548.468354,367781.281895,0.499722963597,1
112,1128.03125,656.869623402,431477.702148,0.582315094021,4362,-676,296837.670823,12,6418584.68217,270113.539518,566951.210341,0.909970553163,1
113,1069.75,555.571320523,308659.492188,0.519346875927,4362,-676,146198.628178,17,2792453.08376,209973.118504,356171.746682,1.43621811724,1
114,1007.06640625,221.52466947,49073.179184,0.219970270178,2215,186,11674.4556923,27,605864.812856,54511.5365269,66185.9922192,4.6693000482,1
115,999.24609375,421.484594803,177649.263657,0.421802594416,2637,-941,66433.5394351,18,2621284.09783,175677.043022,242110.582458,2.64440288018,1
116,1030.47265625,497.591424579,247597.225815,0.482876883303,4725,-1647,74591.0442567,20,1974596.38855,152050.186671,226641.230928,2.03845097205,1
117,1065.1484375,416.536942949,173503.024841,0.391059995287,4725,-1647,60520.1610924,10,1455850.60227,61033.5829504,121553.744043,1.00848348466,1
118,1102.953125,396.050656864,156856.122803,0.359082038835,3490,-245,160587.678585,6,3357911.911,70256.8059364,230844.484521,0.437498110413,1
119,1147.45703125,468.621455405,219606.068466,0.408400003349,2411,88,317665.691425,6,9770261.75243,86669.9553405,404335.646765,0.272833855465,0
120,1097.39453125,868.425423073,754162.715439,0.791352060123,4705,-4666,278441.309144,21,5891321.63392,274946.828828,553388.137972,0.987449849568,0
121,1040.17578125,832.480867577,693024.394882,0.800327101038,4705,-4666,186589.985204,9,3900110.54687,251730.431058,438320.416262,1.34911008639,1
122,1029.296875,410.704194406,168677.935303,0.3990143217,4333,-274,103659.301164,5,2145811.75199,76283.0900108,179942.391175,0.73590202861,1
123,1006.65625,390.457862993,152457.342773,0.387876062949,4333,-274,44967.3848694,13,1558940.76636,98171.4116671,143138.796536,2.18316924483,1
124,1006.0703125,355.266629264,126214.377869,0.353123061927,3598,88,53365.8121104,17,2300103.71848,126731.140465,180096.952575,2.37476270768,1
125,1006.6875,271.017476662,73450.4726562,0.26921708739,2813,88,27570.664875,17,1623252.87556,81487.8342658,109058.499141,2.95559917163,1
126,1030.62890625,352.806990358,124472.772446,0.342322040667,4529,-676,53949.1692789,12,1171066.86912,51135.7400391,105084.909318,0.947850369572,1
127,1090.91796875,478.189976293,228665.653427,0.438337244404,4529,-676,214740.277405,7,3563813.66016,93314.8339926,308055.111397,0.434547422218,1
128,1119.234375,561.220537706,314968.491943,0.501432541961,3539,19,334229.897768,7,14470951.8223,125354.286238,459584.184006,0.375054078271,1
129,1084.50390625,529.400220754,280264.593735,0.488149667054,3539,-166,252660.54503,7,4886122.26736,130988.177525,383648.722555,0.518435426908,1
130,1041.8828125,293.134158202,85927.6347046,0.281350411663,3137,-166,53135.7193328,12,966074.001863,46170.6945244,99306.4138572,0.8689200994,0
131,1025.66796875,178.943981036,32020.948349,0.174465798375,3000,176,2263.00572329,17,144457.807947,8708.22730192,10971.2330252,3.84808010527,1
132,1019.1796875,173.725512375,30180.5536499,0.17045621543,3000,176,1887.66421904,27,77178.8193108,7269.99191483,9157.65613387,3.85131626774,1
133,1004.54296875,213.695968384,45665.9669037,0.21272954471,2872,176,28087.2799372,12,603195.876769,32435.5022702,60522.7822074,1.15481108683,1
134,999.17578125,326.366568554,106515.13707,0.326635787895,3215,68,64831.1405441,11,1460935.36954,77090.313382,141921.453926,1.18909389431,1
135,1046.34765625,405.344202011,164303.922104,0.387389601907,3215,68,142990.7342,11,2926510.99041,90830.2486995,233820.9829,0.635217723774,1
136,1108.9765625,565.627188737,319934.116638,0.510044312805,4098,-401,298947.554734,7,7294547.63779,161147.966094,460095.520828,0.539050959081,1
137,1073.86328125,472.787727436,223528.235214,0.440268082251,4098,-401,168565.177085,8,3615954.9567,127598.322057,296163.499141,0.756967270841,1
138,1021.94921875,20.3214730031,412.962265015,0.0198850125136,1117,823,75.0495189146,20,2175.06999309,265.684898281,340.734417196,3.54012793318,0
139,1024.0,10.0991181546,101.9921875,0.00986242007282,1049,1000,19.4887473039,25,491.053905549,51.0750284663,70.5637757702,2.6207445594,0
140,1025.19140625,9.72103491905,94.4985198975,0.00948216582756,1049,1000,23.8046104901,3,624.730197854,40.2252004595,64.0298109496,1.68980712691,0
141,1026.12109375,9.53637077476,90.9423675537,0.00929361147807,1049,990,21.3360305743,20,399.71737653,30.2803353128,51.6163658871,1.4192112824,0
142,1026.671875,9.95231550868,99.0485839844,0.00969376463019,1049,990,27.4048378168,5,647.926800845,29.7669553591,57.1717931759,1.08619345088,0
143,1027.09765625,9.35342488112,87.4865570068,0.00910665585128,1049,1000,31.735218061,6,560.501800859,28.9999865987,60.7352046596,0.913810850235,0
144,1027.1796875,9.4818359194,89.9052124023,0.00923094180578,1049,1000,25.5597682816,10,499.501237248,27.984772025,53.5445403066,1.09487581095,0
145,1026.82421875,10.1571806965,103.168319702,0.00989183982133,1049,1000,27.7840323568,10,605.778954884,29.673925491,57.4579578478,1.06802083693,0
146,1025.2578125,10.3340654011,106.792907715,0.0100794797905,1058,990,29.5095103806,0,522.298913096,26.2275293747,55.7370397553,0.888782261599,0
147,1024.28515625,10.2838966187,105.758529663,0.0100400719037,1058,990,26.266001601,31,791.146459651,27.9137767746,54.1797783756,1.06273414578,0
148,1024.71484375,9.62625470591,92.6647796631,0.00939408145068,1049,1000,28.3527222465,1,542.994771384,35.9082778055,64.261000052,1.26648430769,0
149,1024.55859375,9.00805219082,81.1450042725,0.00879212984574,1049,1000,28.2376492232,12,517.473030829,39.3656247366,67.6032739598,1.39408292898,0
150,1024.984375,9.36539872933,87.7106933594,0.00913711365535,1049,1000,26.1111425885,4,603.980847377,29.2728762785,55.384018867,1.12108752726,0
151,1025.21875,9.54466269375,91.1005859375,0.00930987917823,1049,1000,12.5921870361,13,306.711007522,21.8955748466,34.4877618827,1.73882223825,0
152,1024.71484375,9.58558968781,91.8835296631,0.00935439722209,1049,1000,12.475035208,31,257.296137094,24.0038028633,36.4788380713,1.92414710363,0
153,1025.33203125,10.0239512668,100.479598999,0.00977629778577,1068,1000,18.5120600035,7,350.208656454,33.7326243101,52.2446843136,1.8221972219,0
154,1020.1328125,124.688040168,15547.1073608,0.122227261627,2607,450,1092.25503045,20,61236.3326747,12870.1339942,13962.3890246,11.7830851178,0
155,1016.2109375,145.838799725,21268.9555054,0.143512330308,2607,450,7671.02059495,12,159835.653925,16329.3629157,24000.3835106,2.12870800092,1
156,1074.05859375,308.909435815,95425.0395355,0.287609482027,2519,117,124529.996979,7,1822284.80118,39600.6921614,164130.68914,0.318001229601,1
157,1132.33984375,467.869595854,218901.958725,0.413188318363,2519,-9,290744.14166,7,7704231.86821,79976.8992013,370721.040862,0.275076563004,1
158,1141.82421875,526.585771332,277292.57457,0.461179367792,2372,-29,385560.446278,7,10609133.876,77289.5410578,462849.987335,0.200460243793,1
159,1157.50390625,564.329116338,318467.351547,0.487539707893,2607,-29,442382.300683,7,12489078.1422,92541.4806826,534923.781366,0.209188931247,0
160,1101.4375,424.063927779,179830.214844,0.385009524171,2607,-19,247453.195766,7,4498004.0902,57407.3018803,304860.497647,0.231992566119,0
161,1044.7109375,273.926317429,75035.6273804,0.262202976533,2313,117,76773.5255768,6,1452303.30855,50742.1435893,127515.669166,0.660932830792,0
162,1088.68359375,359.540795294,129269.583481,0.330252790947,2313,117,159207.049165,6,4807718.88264,65424.432298,224631.481463,0.410939293462,0
163,1072.0234375,290.449004906,84360.6244507,0.270935312369,2068,58,99160.8298587,6,2317929.04796,34826.897688,133987.727547,0.351216279025,0
164,969.84765625,174.370643523,30405.1213226,0.179791787297,1686,58,20844.332899,0,440916.582275,18493.1986882,39337.5315871,0.887205111231,0
165,927.8515625,40.1229730492,1609.85296631,0.0432428792178,1088,794,1190.27824446,0,51658.651525,847.97150511,2038.24974957,0.712414520771,0
166,938.58984375,13.2042153535,174.351303101,0.0140681421618,970,892,84.9128897438,0,5554.77300314,92.0657160877,176.978605831,1.08423722671,0
167,940.90625,8.63128167988,74.4990234375,0.00917337054556,960,911,17.7066862357,10,360.711517587,25.6148190936,43.3215053293,1.44661845546,0
168,939.0234375,9.39910637686,88.3432006836,0.0100094481155,960,911,29.4602363818,0,581.650264524,29.573506603,59.0337429848,1.00384485107,0
169,937.32421875,9.78920200793,95.8284759521,0.0104437736827,960,911,23.4053471834,7,604.30821092,36.4434023821,59.8487495655,1.55705455239,0
170,936.34765625,9.29130528407,86.3283538818,0.00992292256199,960,911,15.9658948918,8,331.689571721,24.7258107228,40.6917056145,1.5486642553,0
171,934.453125,8.31589157784,69.1540527344,0.0088992067717,960,911,13.9777679168,25,186.856759518,17.5112057709,31.4889736877,1.25278984993,0
172,933.890625,8.47121447075,71.7614746094,0.00907088500942,950,911,10.8203175802,25,232.023708111,19.7118347817,30.5321523619,1.82174272018,0
173,933.671875,9.08906397735,82.6110839844,0.00973475181241,950,911,17.7371233417,10,427.075005286,26.1990600409,43.9361833827,1.47707491999,0
174,932.56640625,9.52194650321,90.66746521,0.0102104755644,960,901,15.4410335049,21,392.866551612,33.0418122084,48.4828457133,2.13987050788,0
175,932.53515625,9.39449714131,88.2565765381,0.0100741479593,960,901,10.5100398298,14,274.278515298,30.8993348199,41.4093746497,2.93998265662,0
176,933.06640625,8.39872365065,70.53855896,0.0090012067677,960,911,5.71266953384,17,385.425972961,28.7778258799,34.4904954138,5.03754430559,0
177,932.6796875,8.12205099728,65.9677124023,0.00870829622016,950,911,10.3683905217,28,259.563431167,20.2635832132,30.631973735,1.9543614962,0
178,930.87890625,9.04572717109,81.8251800537,0.0097174048207,960,911,19.5139413649,10,469.422037209,24.3815379271,43.895479292,1.24944200001,0
179,930.6328125,9.87806209941,97.5761108398,0.0106143496841,960,901,21.1489114583,9,415.852580426,32.6498452049,53.7987566631,1.54380736187,0
180,931.5078125,9.16940913935,84.0780639648,0.00984362022122,960,901,13.521332752,30,347.295293942,25.3168811182,38.8382138703,1.87236580761,0
181,931.375,8.2934462077,68.78125,0.00890451881111,950,911,12.2140737106,18,175.159806813,13.4058659498,25.6199396604,1.09757532724,0
182,934.43359375,15.074926292,227.25340271,0.0161326887142,1000,872,126.807134358,0,2617.52749929,145.812535619,272.619669977,1.14987643524,0
183,948.9453125,22.5978112165,510.661071777,0.023813607506,1000,872,390.852664392,0,16703.2930887,163.899866344,554.752530736,0.419339258181,0
184,965.67578125,31.5111643065,992.953475952,0.0326312049223,1049,803,909.770262046,1,36840.7642588,314.839234547,1224.60949659,0.346064548031,0
185,984.74609375,296.809417072,88095.8300629,0.301407051987,4558,-1156,35440.739767,7,398120.911997,18325.9171665,53766.6569334,0.517086191963,0
186,1015.46484375,324.622471132,105379.748764,0.319678690139,4558,-1156,63269.3308883,5,748823.719999,22637.4665975,85906.7974857,0.357795258455,0
187,1036.34765625,191.878115392,36817.2111664,0.185148404818,1656,392,56401.1927624,6,881792.771152,9111.1865119,65512.3792743,0.161542443797,0
188,1035.69140625,437.044238595,191007.666489,0.421983069433,3950,-803,76360.9892439,13,2090049.09343,114121.564387,190482.553631,1.49450086381,0
189,1011.56640625,542.183457734,293962.90184,0.535984048486,4686,-1921,67540.2388393,15,1489318.91896,134609.413254,202149.652093,1.99302542554,1
190,990.8671875,524.176614307,274761.122986,0.529007944676,4686,-1921,44442.8603846,12,1427958.8806,96732.4106121,141175.270997,2.17655681419,1
191,1024.28125,522.349932659,272849.452148,0.509967289413,4519,-529,72288.4112449,13,2596642.2682,171986.032852,244274.444097,2.37916465295,1
192,1074.890625,450.755844984,203180.831787,0.419350429244,4058,-529,165403.663406,9,3832025.10687,140769.256385,306172.919792,0.85106492496,1
193,1075.62890625,612.640110716,375327.905258,0.569564565582,4333,-823,182196.589612,6,6041121.04993,236130.87731,418327.466923,1.29602248765,1
194,1033.25,572.990939883,328318.617188,0.554552083119,4333,-823,94757.2664496,12,6960538.39662,198776.820536,293534.086986,2.09774751831,1
195,1015.48828125,239.914177077,57558.8123627,0.236254993294,2764,137,40098.6379069,5,817057.790496,29992.2171171,70090.855024,0.747960995253,1
196,1045.65625,232.425288315,54021.5146484,0.222276956041,1970,215,73627.2360528,6,1271413.28314,14790.9641108,88418.2001635,0.200889845982,1
197,1039.3984375,187.674412208,35221.6849976,0.18056060644,1803,215,52375.6505032,7,687183.025291,10649.7268915,63025.3773947,0.203333548876,1
198,1016.8515625,39.8536560909,1588.31390381,0.0391931896066,1176,823,1550.90833622,10,24767.0684992,844.389160039,2395.29749626,0.544448140692,0
199,1022.05859375,19.8598724951,394.414535522,0.019431246522,1098,823,91.1238078319,29,2651.30504707,207.050930686,298.174738518,2.27219357501,0
200,1023.10546875,13.7761331691,189.781845093,0.0134650176251,1098,990,27.0847430499,30,892.344226038,102.842041039,129.926784089,3.79704695183,0
201,1022.7265625,9.97474533177,99.4955444336,0.00975309109737,1058,1000,11.9998439513,21,387.490797611,35.1308373578,47.1306813091,2.9276078506,0
202,1021.99609375,8.93312744738,79.8007659912,0.00874086261387,1049,1000,20.2882873801,19,368.861700585,31.0730670636,51.3613544437,1.5315766423,0
203,1021.49609375,9.26055059061,85.7577972412,0.00906567401214,1049,1000,17.0778662081,7,406.429993098,35.06523729,52.1431034981,2.05325635315,0
204,1021.13671875,9.26144031635,85.7742767334,0.00906973586034,1039,1000,21.2305055216,29,335.8512249,38.5263253413,59.7568308629,1.81466829898,0
205,1018.46875,11.1298707736,123.874023438,0.0109280434708,1049,990,49.2477766011,0,2053.06053589,35.250708289,84.4984848902,0.715782736234,0
206,1016.96875,33.812774375,1143.30371094,0.0332485874075,1215,862,410.710892856,11,8094.69788225,527.374340718,938.085233575,1.28405248045,0
207,1010.45703125,37.3058268396,1391.72471619,0.0369197557995,1215,862,505.879510728,11,15091.9930905,688.905886441,1194.78539717,1.36179835679,0
208,998.8203125,146.722257471,21527.4208374,0.146895548313,2049,186,15243.8268802,10,197083.089215,14986.8632942,30230.6901744,0.983143105204,0
209,988.30859375,243.45362287,59269.6664886,0.246333609168,2107,9,39462.953799,13,1172002.04166,50008.4074206,89471.3612196,1.26722413318,1
210,1000.0546875,340.386678293,115863.090759,0.340368064414,2745,-78,81444.6473461,10,1089832.72302,76537.6868612,157982.334207,0.93975097634,1
211,1011.21484375,477.950291543,228436.481186,0.472649600129,4803,-1127,126303.259385,13,2329290.11164,112717.154533,239020.413919,0.892432666281,1
212,1026.61328125,408.173316028,166605.455917,0.39759208602,4803,-1127,77354.0313175,12,2169351.15696,79594.0513315,156948.082649,1.02895802553,1
213,1036.48828125,189.982317895,36093.2811127,0.183294226603,1843,343,46712.3393181,7,955186.872849,17021.1825062,63733.5218243,0.364383003607,1
214,1025.81640625,143.901799892,20707.7280121,0.140280267517,1843,343,26862.7897736,5,284838.383961,9101.27654979,35964.0663234,0.338806081814,0
215,1023.07421875,17.068976546,291.349960327,0.0166840061387,1058,950,118.979514673,0,3725.1059848,85.7321348819,204.711649555,0.72056214986,0
216,1042.6953125,177.870654312,31637.9696655,0.170587373109,1872,431,31879.7270257,8,487536.515798,20785.8392672,52665.5662929,0.652008069281,0
217,1088.234375,343.006616289,117653.538818,0.315195535235,2254,117,163990.665516,6,3301229.85072,33283.0630276,197273.728544,0.202957058091,0
218,1124.9453125,455.341763963,207336.122009,0.404767910852,2500,-19,262416.844881,7,7352608.3673,87221.5244095,349638.36929,0.332377765036,0
219,1071.65625,558.23651514,311628.006836,0.520910054078,4764,-1637,202251.481894,10,4836818.92212,145422.17287,347673.654764,0.719016600066,0
220,1002.62109375,445.518712106,198486.922836,0.444354018565,4764,-1637,93332.5783283,10,1877921.31307,63828.9728481,157161.551176,0.683887384141,1
221,1004.8984375,222.498063188,49505.3881226,0.22141348308,2529,215,37463.3423102,9,763870.603437,42739.1918488,80202.5341591,1.14082698481,1
222,1030.6640625,246.12232659,60576.199646,0.238799755948,2529,215,55065.6817706,10,1158737.31922,42212.5834789,97278.2652495,0.766586049997,1
223,1039.6484375,213.52091488,45591.1810913,0.205377998156,1784,392,55636.8461553,10,1046013.3872,15851.8507153,71488.6968705,0.284916414403,1
224,953.78515625,171.513588014,29416.9108734,0.179824132185,1784,392,28162.8081378,0,971850.666433,10356.1555146,38518.9636524,0.367724534567,1
225,883.2734375,42.7039618412,1823.62835693,0.0483473860168,1029,617,980.249805257,14,21127.093725,1955.96874988,2936.21855513,1.99537785102,0
226,882.57421875,9.71640643845,94.4085540771,0.0110091664044,911,852,23.6821705706,1,371.975566014,27.6241250566,51.3062956272,1.16645241509,0
227,880.1015625,9.44212622022,89.1537475586,0.0107284506954,911,852,17.6440263913,24,299.526677231,25.6740683556,43.3180947469,1.4551139171,0
228,879.0859375,9.83697373414,96.7660522461,0.0111900023815,911,852,19.2776475941,10,442.771559336,27.4543208721,46.7319684662,1.42415306318,0
229,878.5546875,9.11798411258,83.1376342773,0.0103783910579,901,852,18.0510027207,1,313.801882181,20.2546697726,38.3056724933,1.12208003544,0
230,878.1953125,8.48671626881,72.0243530273,0.00966381412883,901,852,13.6920597509,11,273.391888225,28.9831801398,42.6752398906,2.1167874423,0
231,877.2578125,8.83595822279,78.0741577148,0.0100722479719,901,852,12.1335075131,28,389.793376211,36.6476059854,48.7811134985,3.02036372795,0
232,877.14453125,8.93720548985,79.8736419678,0.0101889770402,901,852,10.7720276819,12,326.72884912,29.6527283449,40.4247560268,2.75275270549,0
233,877.296875,8.8788366487,78.8337402344,0.0101206751121,901,852,4.73697205925,13,340.750064553,27.1063952229,31.8433672821,5.72230422385,0
234,876.63671875,9.39980361409,88.3563079834,0.0107225757409,901,852,6.34688022134,16,268.163949598,27.3374371169,33.6843173382,4.30722436276,0
235,877.6484375,9.51527541948,90.5404663086,0.0108417847203,901,843,9.50963149604,20,332.385322753,29.9217562119,39.4313877079,3.14646852765,0
236,877.29296875,9.48169027977,89.9024505615,0.0108078949878,901,843,25.946151194,20,427.857003255,31.8922309785,57.8383821725,1.22917001216,0
237,876.20703125,9.18006232612,84.2735443115,0.010477047089,901,843,23.4828415105,11,343.014968861,25.2605059106,48.7433474212,1.07570056627,0
238,876.72265625,8.79748467997,77.3957366943,0.0100345127587,901,843,8.64624969685,18,382.650167422,37.7131312001,46.3593808969,4.36179066328,0
239,876.44921875,8.98639158754,80.7552337646,0.010253179985,901,852,10.1559272516,13,317.896915368,41.2771822721,51.4331095237,4.06434402782,0
240,876.63671875,9.18967126634,84.4500579834,0.0104828728592,901,852,19.7834707971,26,271.709090235,26.426599236,46.210070033,1.33579185913,0
241,878.00390625,8.74888298534,76.5429534912,0.00996451487637,901,852,18.0932177829,25,236.014240215,18.0431822467,36.1364000296,0.997234569508,0
242,877.30859375,8.41469628967,70.8071136475,0.00959148964187,901,852,8.65818721952,0,264.410205086,19.7173172772,28.3755044968,2.27730317875,0
243,876.28125,9.19658351985,84.5771484375,0.0104950134672,911,852,8.25746651053,17,595.622129836,31.449467351,39.7069338615,3.80860973652,0
244,876.75390625,9.01766844124,81.3183441162,0.0102852902929,911,852,12.7122329919,17,272.275445889,26.9548713992,39.6671043911,2.12038840198,0
245,877.1484375,8.68195852378,75.3764038086,0.00989793534664,901,852,15.2866875482,6,396.66173397,18.3023407732,33.5890283213,1.19727316435,0
246,877.953125,9.61635925048,92.4743652344,0.0109531579496,901,852,22.3083096565,6,417.118197949,25.3355489009,47.6438585574,1.1357000728,0
247,878.26953125,10.7144037004,114.798446655,0.012199448255,901,843,45.6774742069,1,871.572751389,49.2156550906,94.8931292975,1.07746008169,0
248,868.0703125,15.6675339046,245.471618652,0.0180486922304,901,813,162.95852078,0,16656.2196004,54.1735852256,217.132106006,0.332437880303,0
249,870.89453125,19.2818478781,371.789657593,0.0221402789731,960,813,267.729756128,0,21873.9010926,50.0221730934,317.751929222,0.186838302237,0
250,880.66015625,13.8929267066,193.013412476,0.0157755822243,960,823,78.816359095,0,1235.46660097,44.9026749785,123.719034074,0.569712626846,0
251,877.05859375,9.87739707729,97.5629730225,0.0112619580353,911,823,19.9683475465,5,229.001791684,26.0515907251,46.0199382715,1.3046442959,0
252,876.421875,9.26528245573,85.8454589844,0.0105717151979,892,843,20.4178009451,0,304.346171768,19.8105072675,40.2283082126,0.970256655982,0
253,876.7265625,9.54939039592,91.1908569336,0.0108920965833,901,843,15.9681185476,11,527.198498882,23.6840088601,39.6521274077,1.4832059763,0
254,876.28125,10.0529360605,101.061523438,0.0114722711008,901,852,20.1196832368,10,427.352289464,34.9186000383,55.0382832751,1.73554422439,0
255,876.484375,9.92824598604,98.5700683594,0.0113273507997,901,852,24.0825967096,10,553.061999352,34.4475231484,58.530119858,1.43039073252,0
256,876.41015625,8.85250970633,78.3669281006,0.0101008753073,901,852,15.3180627693,22,271.006819412,20.7644121443,36.0824749136,1.35555079366,0
257,874.33984375,9.23254975484,85.2399749756,0.0105594521636,901,843,16.8424585172,0,423.243746946,26.2303441977,43.0728027149,1.55739402124,0
258,873.7578125,9.59959804965,92.1522827148,0.0109865661998,901,843,15.091997247,27,283.502687433,40.030537904,55.122535151,2.65243474729,0
259,875.3203125,8.7226658713,76.0848999023,0.0099651130526,892,852,10.5212799672,26,289.973927523,32.2959949241,42.8172748913,3.06958801827,0
260,875.7890625,8.48358004448,71.9711303711,0.00968678464682,892,852,12.1077407508,17,243.915102375,27.2536869196,39.3614276705,2.25093082851,0
261,875.2421875,8.5716156712,73.4725952148,0.00979342151649,892,862,12.4744337034,30,280.242427135,27.1950303378,39.6694640412,2.18006131456,0
262,874.69140625,8.78711349918,77.2133636475,0.0100459584219,911,852,12.2899999417,11,409.279326113,24.6473099703,36.937309912,2.00547681751,0
263,828.31640625,87.212280777,7605.98191833,0.105288607251,911,539,10791.6202083,0,402508.454792,622.36282384,11413.9830321,0.0576709346538,0
264,687.37890625,120.820376846,14597.5634613,0.175769689392,892,539,17294.8575158,0,1368458.49493,574.561931888,17869.4194477,0.0332215475822,0
265,591.92578125,10.6322750542,113.045272827,0.0179621759872,637,568,60.8211126253,0,889.043597634,39.3516807036,100.172793329,0.647006919226,0
266,591.44921875,8.85899521755,78.4817962646,0.0149784545092,607,568,17.5621460252,9,450.030953705,31.2036086678,48.765754693,1.77675374199,0
267,592.1015625,9.32975736869,87.0443725586,0.0157570220374,617,568,11.7154603911,16,255.947813687,31.7778082192,43.4932686104,2.71246772711,0
268,592.453125,9.30671747902,86.6149902344,0.0157087828324,617,558,8.96726017655,15,262.809982593,28.4433361545,37.410596331,3.17190932286,0
269,592.2421875,9.19769510339,84.5975952148,0.0155302936831,617,558,9.77752825489,17,416.370030723,37.544173528,47.3217017829,3.83984301035,0
270,592.6171875,9.07660203985,82.3847045898,0.015316130263,617,558,17.6923090091,8,432.526957964,33.4456074392,51.1379164484,1.89040375804,0
271,592.3671875,8.58311486815,73.6698608398,0.0144895177337,607,558,13.4742603183,8,359.127686391,21.4327687545,34.9070290728,1.59064529319,0
272,592.4453125,8.57941631332,73.6063842773,0.0144813641568,617,568,11.1434190268,0,268.817413454,20.2488237262,31.3922427531,1.8171105006,0
273,592.6953125,8.905807966,79.3134155273,0.0150259463474,617,568,15.7091002394,31,310.296985584,24.5637656236,40.272865863,1.56366470704,0
274,592.1796875,9.12108956772,83.1942749023,0.0154025708079,617,568,12.5229126662,19,368.905275798,33.6770096498,46.199922316,2.68923137512,0
275,591.71484375,9.41163334194,88.5788421631,0.0159056907924,617,558,22.7539211208,28,502.422144914,38.6932645462,61.447185667,1.70050974251,0
276,591.71875,8.75396115696,76.6318359375,0.0147941250078,617,558,27.557167255,4,388.579242864,26.7415469721,54.2987142271,0.970402607957,0
277,591.5078125,9.70904547136,94.2655639648,0.016414061262,617,558,24.6285299892,4,500.986024479,28.7971893802,53.4257193693,1.16926139696,0
278,590.81640625,10.3641455067,107.415512085,0.0175420746565,617,558,19.3547541495,31,444.570806688,29.8615388268,49.2162929763,1.54285291336,0
279,589.0546875,9.48173292586,89.9032592773,0.016096524019,617,568,17.1098487756,28,311.320257382,24.5905287266,41.7003775023,1.43721484913,0
280,588.8828125,9.31952008367,86.8534545898,0.0158257634386,617,558,16.193773033,0,310.849019383,29.8038892993,45.9976623324,1.84045368788,0
281,589.47265625,8.93505399085,79.8351898193,0.0151577073103,607,558,13.3020087211,31,233.324893984,26.9393389574,40.2413476785,2.02520833674,0
282,588.734375,8.74864665873,76.5388183594,0.014860091461,607,558,8.46056557361,28,227.467782169,22.6584629949,31.1190285685,2.67812627864,0
283,588.78125,8.55902073473,73.2568359375,0.0145368432414,607,558,9.18070159509,19,167.485899931,18.8443215284,28.0250231234,2.05260146332,0
284,588.2421875,8.23791358384,67.8632202148,0.0140042889798,607,568,15.3520969005,29,281.382413329,20.150021907,35.5021188075,1.31252571148,0
285,588.390625,8.49423920133,72.1520996094,0.0144363945318,607,568,15.7337821807,28,248.831999967,24.9768091914,40.7105913721,1.58746377092,0
286,588.94140625,8.72364806274,76.1020355225,0.0148124210153,627,568,8.6840931795,17,324.818321533,24.6131839259,33.2972771054,2.83428372049,0
287,588.33203125,8.66854437025,75.143661499,0.0147341023603,627,558,11.9290697842,18,257.98230609,22.2559487595,34.1850185436,1.86569021409,0
288,589.1328125,8.67861154447,75.3182983398,0.0147311630932,607,558,15.3411086537,18,409.09913307,22.9149539556,38.2560626092,1.4936960863,0
289,589.36328125,8.99114469817,80.8406829834,0.0152556920056,607,568,11.5225549225,4,274.302422807,21.058541598,32.5810965205,1.82759307633,0
290,588.66015625,9.32055725134,86.8727874756,0.0158335113263,617,568,14.9903770614,5,447.318729343,20.5751001498,35.5654772112,1.37255387677,0
291,587.71484375,9.57131611447,91.6100921631,0.0162856463747,617,558,19.6010311131,31,382.283705195,22.5371299743,42.1381610873,1.14979308202,0
292,587.6796875,9.67958030611,93.6942749023,0.016470843747,617,558,18.3223013578,23,273.977990219,24.7144913006,43.0367926585,1.34887483935,0
293,588.77734375,9.0778552227,82.4074554443,0.0154181462977,617,558,13.8661707475,10,272.076372222,20.5843691844,34.4505399319,1.48450279166,0
294,588.66796875,8.32324900499,69.276473999,0.0141391233205,607,568,10.9829881549,28,314.268557905,21.684038928,32.6670270829,1.97432962889,0
295,588.4296875,8.78624954986,77.1981811523,0.0149316897779,607,558,11.8846359376,9,343.371107146,36.6157690304,48.5004049679,3.08093316638,0
296,587.26171875,9.62367378115,92.6150970459,0.0163873678019,607,558,21.6004029455,26,494.652629235,46.1290444694,67.7294474148,2.13556407192,0
297,587.7578125,9.43252856952,88.9725952148,0.0160483252947,617,558,28.2364712729,16,313.77223353,36.4886425493,64.7251138222,1.29225221511,0
298,588.7265625,9.03094925429,81.5580444336,0.0153398026003,617,558,16.0578394262,23,665.285636928,32.4175048839,48.4753443101,2.01879617945,0
299,588.39453125,8.41064066185,70.7388763428,0.0142942196352,607,558,10.4531184069,23,337.257410399,28.5477345358,39.0008529427,2.73102565421,0
300,588.6171875,8.86850210519,78.6503295898,0.0150666720129,607,558,11.9953152554,23,244.416197557,30.7723913326,42.767706588,2.56536745198,0
301,588.453125,9.33354114119,87.1149902344,0.0158611463593,607,558,13.3805618893,24,301.495678216,37.6627582481,51.0433201374,2.81473667246,0
302,588.203125,8.30978280308,69.0524902344,0.0141274033576,607,568,7.9173551882,25,210.270455476,23.9315590528,31.848914241,3.02267088995,0
303,588.51171875,8.74150588691,76.4139251709,0.0148535799856,617,568,10.6391438939,3,255.062628177,22.4758992034,33.1150430974,2.11256652109,0
304,588.41796875,9.31821916323,86.829208374,0.0158360547402,617,568,15.6680010354,8,380.511489245,26.443766717,42.1117677524,1.68775625284,0
305,596.5234375,13.9826705491,195.515075684,0.023440270189,627,539,132.112368942,0,9373.09019257,38.2742090784,170.38657802,0.289709505515,0
306,605.296875,10.9282885318,119.427490234,0.0180544274771,637,539,55.1051474963,8,722.829796299,32.5340376585,87.6391851547,0.590399248286,0
307,603.328125,9.15543671729,83.8220214844,0.0151748879887,637,578,18.607834386,0,339.496583525,22.7259657965,41.3338001825,1.22131169727,0
308,600.1328125,8.66013774947,74.9979858398,0.0144303686936,617,578,12.93064724,1,188.993100179,23.2861172068,36.2167644468,1.80084699355,0
309,598.6796875,8.12445536035,66.0067749023,0.013570621369,617,578,11.9397174002,6,192.672021422,22.2038281618,34.143545562,1.85966111404,0
310,597.69140625,8.377010275,70.1743011475,0.0140156110451,617,578,15.4955596871,5,275.191877575,25.5534083104,41.0489679976,1.64907940251,0
311,596.33984375,8.6533577284,74.8805999756,0.0145107824323,617,578,14.9908282879,9,227.125311381,19.8239970903,34.8148253782,1.32240838929,0
312,596.1875,8.54514664883,73.01953125,0.0143329852585,617,578,9.05352175076,26,375.976596876,23.1907860037,32.2443077545,2.56152099063,0
313,597.12109375,8.61213852964,74.1689300537,0.0144227672072,617,578,9.7629244834,4,229.064776195,24.9081843337,34.6711088171,2.55130359515,0
314,596.94921875,8.63684418724,74.5950775146,0.0144683063751,627,568,16.236696807,14,323.969418507,25.0470928453,41.2837896522,1.54262243996,0
315,596.5625,8.81427287132,77.69140625,0.0147751038178,627,568,16.5347224496,22,253.41097858,30.7847504589,47.3194729085,1.86182444566,0
316,596.65234375,9.2997098816,86.4846038818,0.0155864800985,617,568,9.72879490327,19,236.708911534,30.1398024536,39.8685973568,3.09799957273,0
317,595.74609375,9.29475996819,86.3925628662,0.0156018815158,617,568,8.51925718271,19,347.744640992,29.2028365271,37.7220937098,3.42786183124,0
318,594.875,8.67377512967,75.234375,0.0145808365281,627,568,8.51673367738,15,415.432958332,28.7967411481,37.3134748255,3.38119544874,0
319,595.09765625,9.03261421222,81.5881195068,0.0151783730239,627,568,13.8354778547,15,286.386477537,22.1277876551,35.9632655098,1.59935116716,0
320,596.421875,9.66760810565,93.4626464844,0.0162093452821,627,568,15.4135392909,31,256.482066603,20.90598632,36.3195256109,1.35633912013,0
321,596.953125,10.0870115859,101.747802734,0.016897493561,627,578,30.4381467274,2,474.625581086,40.0015976997,70.4397444272,1.31419294538,0
322,596.25,9.66105260828,93.3359375,0.0162030232424,617,578,30.1210902507,11,561.981939041,44.0046243469,74.1257145976,1.46092402302,0
323,596.15625,8.48752531292,72.0380859375,0.014237081827,617,578,10.3914674053,28,345.368234329,30.8660105116,41.2574779169,2.97032260292,0
324,596.46875,8.49212640847,72.1162109375,0.0142373366727,617,568,7.81559533281,23,372.403153644,26.1424187686,33.9580141014,3.34490434259,0
325,596.328125,9.32747066382,87.0017089844,0.0156415072051,617,568,10.58729916,23,400.808172046,23.5879114721,34.1752106321,2.22794417307,0
326,595.91015625,8.90859258528,79.3630218506,0.0149495565596,617,568,11.2361523774,3,311.15175705,20.2871811627,31.5233335402,1.80552741555,0
327,595.4296875,8.87340090677,78.7372436523,0.0149025167758,617,568,14.4760554357,16,316.090345362,22.2016088834,36.677664319,1.5336780784,0
328,595.3125,8.7319009242,76.24609375,0.0146677600826,617,568,17.1698839949,9,261.977459096,20.1267869153,37.2966709102,1.17221449611,0
329,596.32421875,7.91312444311,62.6175384521,0.013269835761,617,578,10.5202916081,11,211.710654534,13.8485663616,24.3688579697,1.31636715762,0
330,595.78515625,8.49889321695,72.2311859131,0.0142650301502,617,568,11.7613070262,2,245.934975189,19.1993277388,30.960634765,1.63241446686,0
331,595.5078125,8.66881632432,75.1483764648,0.0145570152773,617,568,10.5370640306,21,242.489019228,20.8129610482,31.3500250788,1.97521444188,0
332,596.43359375,8.2780939962,68.52684021,0.0138793221625,617,578,6.95301571654,20,338.844705897,20.4954971121,27.4485128286,2.94771333011,0
333,596.0625,8.32095434731,69.23828125,0.0139598688851,617,568,10.3629650589,6,259.25923702,21.5864789925,31.9494440513,2.08304079671,0
334,596.94140625,9.35291588343,87.4770355225,0.0156680635411,627,558,14.9114315874,26,486.873497076,34.8913138904,49.8027454778,2.33990369644,0
335,597.25390625,9.54195016054,91.0488128662,0.0159763712898,627,558,17.7333595042,26,350.951232697,34.0722609798,51.805620484,1.92136526482,0
336,595.171875,9.25895628483,85.7282714844,0.01555677725,617,558,19.2420996457,28,407.150911301,32.3982134475,51.6403130931,1.68371508536,0
337,595.2890625,9.93585076232,98.7211303711,0.0166908001309,627,568,20.0502649172,9,711.603168083,34.4071991578,54.4574640751,1.7160471096,0
338,594.89453125,9.87740325656,97.5630950928,0.0166036208734,627,568,21.3885383711,13,393.301616899,31.4410304559,52.8295688271,1.46999434512,0
339,593.14453125,8.48888343469,72.0611419678,0.0143116609653,617,568,11.8147717575,26,320.414960605,25.4672521143,37.2820238718,2.15554330097,0
340,594.0703125,8.4785423955,71.8856811523,0.0142719510083,617,568,9.4422466518,19,329.927220151,23.2273105323,32.6695571841,2.45993473681,0
341,594.203125,9.05094899634,81.9196777344,0.0152320790914,617,568,11.2821418823,14,246.482811594,21.2314672242,32.5136091065,1.88186493715,0
342,593.5078125,8.92765724952,79.7030639648,0.0150421899451,617,568,11.9942019541,11,266.777749806,21.4819884462,33.4761904003,1.79103107722,0
343,593.3984375,8.71586183682,75.9662475586,0.0146880431191,617,578,8.59647449406,29,186.719265109,20.5960958098,29.1925703039,2.39587703355,0
344,593.03125,9.18383217603,84.3427734375,0.01548625334,617,568,11.7572887231,10,238.237877379,20.9077772816,32.6650660047,1.77828220214,0
345,593.25,9.370832407,87.8125,0.0157957562697,617,568,14.1502574109,17,324.24514687,25.4223557673,39.5726131781,1.79660023342,0
346,593.23828125,8.54776671394,73.0643157959,0.0144086566631,617,578,8.31199131527,23,231.431741207,18.4832915948,26.7952829101,2.22368995512,0
347,593.02734375,7.73910741425,59.8937835693,0.0130501696015,607,578,6.98702704818,12,267.850953947,16.0510909682,23.0381180164,2.29727047821,0
348,593.41796875,8.37086589751,70.071395874,0.0141061887882,617,578,11.1249072344,12,436.087821316,16.2350214573,27.3599286917,1.45933994013,0
349,691.03125,109.981243962,12095.8740234,0.159155239307,872,578,13421.5071232,0,1264468.69851,447.14206201,13868.6491853,0.033315339172,0
350,789.0,51.6685651533,2669.640625,0.0654861408787,872,588,3958.41226213,1,66693.475973,482.575288501,4440.98755063,0.121911326194,0
351,788.54296875,12.1233129212,146.974716187,0.0153743212503,813,745,25.8095718711,25,2270.90372348,119.485631749,145.29520362,4.62950847637,0
352,783.54296875,15.2632533782,232.966903687,0.0194797911371,843,735,113.46355421,0,3285.30517611,189.897327081,303.360881291,1.67364162355,0
353,773.421875,14.9175386369,222.532958984,0.0192877123328,843,735,133.421498358,0,6375.80429006,123.778438802,257.19993716,0.927724844382,0
354,767.60546875,8.42131603983,70.9185638428,0.0109708911448,794,745,5.35429968405,22,322.684817284,25.0182090344,30.3725087185,4.67254552616,0
355,767.01953125,8.53506149833,72.8472747803,0.0111275673573,794,745,21.0779082823,10,270.489784569,21.790308181,42.8682164633,1.03379841534,0
356,766.0078125,8.68547286939,75.4374389648,0.0113386217838,794,745,22.1099368146,3,346.378390323,18.055089118,40.1650259326,0.816605188399,0
357,766.98828125,8.77651448019,77.0272064209,0.0114428273479,794,745,9.77278952623,11,259.95931043,20.294233746,30.0670232723,2.0766060388,0
358,767.734375,8.81580999451,77.7185058594,0.0114828908039,784,745,5.90955618642,30,396.87845097,23.5770821452,29.4866383316,3.98965360536,0
359,767.7421875,9.18622107914,84.3866577148,0.0119652420158,794,745,7.74514736338,26,326.333784812,30.6274365677,38.3725839311,3.9544033355,0
360,768.1640625,9.08447967668,82.5277709961,0.0118262232252,794,745,11.0442165508,31,570.185442513,32.2534091641,43.2976257149,2.92038905755,0
361,764.234375,11.6786292372,136.390380859,0.0152814759702,794,715,104.775269899,0,2992.25792486,29.9235470878,134.698816987,0.285597423099,0
362,754.23046875,12.7176984123,161.739852905,0.0168618200128,784,715,115.029069249,0,7366.97040666,31.5924155572,146.621484807,0.274647232768,0
363,751.34375,10.3198364056,106.499023438,0.0137351730224,784,715,30.0504569191,0,721.119952959,44.1503256918,74.2007826109,1.46920646866,0
364,752.62890625,16.6658035563,277.749008179,0.022143453989,833,656,17.5644066103,28,2894.10315111,271.25809451,288.82250112,15.443624173,0
365,790.4921875,79.1338360088,6262.16400146,0.100107043764,1098,656,6313.10509561,0,307354.984372,2447.6774545,8760.78255011,0.387713718911,0
366,886.76171875,94.1651322321,8867.0721283,0.106189893227,1098,676,10979.6476404,0,315668.989028,2621.41820127,13601.0658417,0.238752488889,0
367,953.9375,197.793186261,39122.1445312,0.207343967777,2137,-156,30021.1282117,9,358530.368332,24053.9009784,54075.0291901,0.801232412344,0
368,996.31640625,298.09287937,88859.3647308,0.299194992173,2137,-156,111617.90835,9,1562526.36639,34259.0485827,145876.956933,0.306931469055,0
369,1024.7109375,380.539515284,144810.322693,0.371362792528,3568,-98,115080.872527,13,1641501.33515,85346.2333695,200427.105897,0.741619623619,0
370,1028.1015625,383.734849861,147252.434998,0.373246052586,3568,-98,79530.4462844,12,2278540.1473,91208.8992332,170739.345518,1.14684254263,0
371,1020.625,386.740424898,149568.15625,0.378925094817,2833,-431,85859.587013,8,3378322.07293,146417.385026,232276.972039,1.70531201139,0
372,1007.5546875,373.346768446,139387.809509,0.370547398646,2852,-431,66090.4095049,16,2307374.08169,143516.44555,209606.855055,2.1715169663,0
373,999.0703125,285.444997537,81478.8466187,0.285710619128,2852,137,60495.3258336,9,1261387.10624,58212.5227671,118707.848601,0.962264802528,0
374,1002.4140625,207.525263046,43066.7348022,0.207025490573,2107,137,37174.1588153,12,557128.311144,32723.8987911,69898.0576064,0.880286194335,0
375,1030.421875,221.815400776,49202.0720215,0.215266587558,2294,362,39203.9686143,6,619253.065386,32867.9333787,72071.9019931,0.838382810222,0
376,1052.72265625,334.992323306,112219.856674,0.31821517407,2294,88,112557.497426,7,2604989.58097,78565.6885946,191123.18602,0.698004934292,0
377,1079.9765625,403.813045868,163064.976013,0.373909082743,2225,58,237575.402112,6,6145328.42971,59991.9492539,297567.351366,0.252517511159,0
378,1091.88671875,487.582892451,237737.077011,0.44655080429,3401,58,307559.210635,7,7899978.8659,78243.82879,385803.039424,0.254402489292,0
379,1055.46875,418.753804787,175354.749023,0.396746758051,3401,156,169781.192101,7,4847718.80326,77166.7765442,246947.968645,0.454507213604,0
380,1020.92578125,180.739081511,32666.6155853,0.177034496366,3137,529,7628.61347703,17,186667.822572,20321.8911922,27950.5046692,2.66390363772,0
381,1013.05078125,21.4663926875,460.806015015,0.0211898486086,1156,960,76.1133678264,0,2396.16879187,212.199605208,288.312973035,2.78794134681,0
382,1015.90234375,36.8276474881,1356.27561951,0.0362511689383,1196,735,349.466385409,10,6617.61186813,771.698485511,1121.16487092,2.20821949616,0
383,1021.3203125,46.2404438766,2138.1786499,0.0452751632476,1225,735,436.556332054,25,17103.1556973,1738.49083621,2175.04716826,3.98228294623,0
384,1022.69140625,58.0305893572,3367.54930115,0.0567430106507,1598,764,196.828948516,27,28115.4609536,2605.80265589,2802.63160441,13.2389197602,0
385,1022.78515625,50.6658470857,2567.02806091,0.0495371357084,1598,764,178.378363919,27,10608.23695,1661.85789129,1840.23625521,9.31647681245,0
386,1020.89453125,17.1355068525,293.625595093,0.0167847963996,1245,990,47.3579981371,19,698.846195333,62.598352905,109.956351042,1.32181163409,0
387,1019.30078125,9.57410240647,91.6634368896,0.00939281376272,1058,990,8.20709137646,26,290.810257963,32.274536546,40.4816279225,3.93251824131,0
388,1018.49609375,9.07993927519,82.4452972412,0.00891504575316,1049,1000,11.9586072707,15,300.883269472,29.2304580233,41.189065294,2.44430286586,0
389,1017.3984375,9.48340643222,89.9349975586,0.00932123156737,1049,990,9.56821329515,15,336.973374829,20.1436165711,29.7118298663,2.10526416477,0
390,1016.1484375,9.94287578161,98.8607788086,0.00978486549276,1049,990,14.2398255105,17,337.803584896,24.9326355695,39.17246108,1.75090878403,0
391,1014.91796875,9.7406359969,94.879989624,0.00959746136813,1049,980,15.7586470275,1,555.436127428,26.5185913317,42.2772383593,1.68279619979,0
392,1014.02734375,9.7240858732,94.5578460693,0.00958956968284,1049,980,22.3251195573,1,463.098650266,29.2321257867,51.5572453441,1.30938272074,0
393,1014.984375,9.39247070048,88.2185058594,0.0092538081687,1039,990,31.8856836446,2,410.439378419,27.7122285624,59.5979122069,0.869111946014,0
394,1013.16796875,10.8162524818,116.991317749,0.0106756755201,1039,980,40.6596563625,0,2214.11163367,33.3439646569,74.0036210194,0.820074925365,0
395,1006.2265625,13.2347877555,175.159606934,0.013152890461,1039,970,110.258636437,0,3659.85425512,59.8207083238,170.079344761,0.542548958129,0
396,1005.9609375,13.0110544008,169.287536621,0.0129339558981,1049,970,106.861263573,0,2636.65217035,61.1672317869,168.02849536,0.572398545006,0
397,1037.98046875,139.533778705,19469.6753998,0.13442813512,1656,568,25584.550918,5,348913.413082,6508.03982107,32092.590739,0.254373814961,0
398,1102.7109375,394.728647941,155810.705505,0.357962032041,2421,88,244550.167992,6,3926478.58603,43053.4005728,287603.568565,0.176051404611,0
399,1151.71875,556.420948977,309604.272461,0.483122245754,2696,0,482299.54415,10,10575920.9982,80858.9120153,563158.456165,0.167652889156,0
400,1154.234375,552.195567773,304919.945068,0.478408527534,2696,0,474335.337465,10,10386401.6383,85871.0107784,560206.348244,0.181034394859,0
401,1142.25,527.107007044,277841.796875,0.461463783799,2519,-9,425572.53741,10,10237870.538,87493.5999078,513066.137318,0.205590333531,0
402,1117.25390625,512.400236083,262554.001938,0.458624698662,2519,-9,392574.496621,10,7915095.78771,83615.7997397,476190.296361,0.212993458463,0
403,1101.203125,459.827368411,211441.20874,0.417568165193,3294,137,284768.632538,6,6817170.6692,80598.4621252,365367.094663,0.283031390806,0
404,1053.796875,347.709690766,120902.029053,0.32995893138,3294,166,139507.63199,6,2293287.33712,55871.4112279,195379.043218,0.400489997794,0
405,1068.56640625,322.070334365,103729.300278,0.301404135935,2205,68,130707.520588,6,3005745.06294,52894.2403577,183601.760945,0.404676334766,0
406,1150.859375,473.858129718,224541.5271,0.411742859303,2480,29,293066.825449,7,8964234.01909,78706.824285,371773.649734,0.268562721708,0
407,1141.2578125,527.343560127,278091.230408,0.46207224551,2480,-78,377791.986341,7,12755082.5725,80030.2044667,457822.190807,0.211836691513,0
408,1136.8671875,525.694367764,276354.568298,0.462406139911,2323,-78,408967.787268,7,8419625.7914,77046.5403487,486014.327617,0.188392687022,0
409,1157.94921875,539.415693496,290969.29039,0.465837089193,2323,-58,377030.627758,7,16046401.7328,87337.1767125,464367.804471,0.231644779714,0
410,1154.90625,518.291023423,268625.584961,0.448773243216,2303,39,353530.450548,7,9176276.15682,93971.4876088,447501.938157,0.265808751306,0
411,1083.58984375,365.776805738,133792.671616,0.337560201258,2147,49,175775.188378,6,3206135.33243,54750.460397,230525.648775,0.311480026858,0
412,1016.47265625,245.920923906,60477.1008148,0.241935601901,2843,186,47927.6077365,10,578090.24232,29218.2671682,77145.8749047,0.609633331353,0
413,1031.59765625,259.978000561,67588.5607758,0.252014919757,2843,186,59661.9309936,5,1249125.71285,33390.0084679,93051.9394615,0.559653499506,0
414,1065.7421875,345.042937683,119054.628845,0.323758355192,2284,-49,150519.00757,6,3030413.0692,49847.5330655,200366.540636,0.331171018665,1
415,1111.6484375,497.32914921,247336.282654,0.447379884173,2519,-49,313709.261733,7,11309397.8168,85285.4217006,398994.683434,0.271861344576,1
416,1131.2109375,554.076429638,307000.68988,0.489808232285,3558,-137,359763.756745,7,15558147.2773,90205.1033611,449968.860106,0.250734271226,1
417,1117.8984375,549.010122571,301412.114685,0.491109124187,3558,-137,360952.690647,7,15269040.4061,104073.677767,465026.368414,0.288330522155,0
418,1135.40625,529.058752017,279903.163086,0.465964276678,2274,-58,372768.230154,7,13723905.821,95388.2375698,468156.467724,0.255891542931,0
419,1142.3359375,531.629464144,282629.887146,0.465388023516,2274,-29,354555.816264,7,15748757.303,78814.6162188,433370.432482,0.222291138951,0
420,1088.15625,462.156095747,213588.256836,0.424714829094,2333,-68,231278.731186,7,8688272.32595,107706.319509,338985.050695,0.465699197486,0
421,1030.78515625,476.933774161,227465.824936,0.462689796482,4784,-2098,108112.516962,10,2767495.79205,119961.392456,228073.909418,1.10959762873,0
422,1006.5390625,450.099770231,202589.803162,0.447175660637,4784,-2098,49891.464718,16,1161983.44896,122936.373204,172827.837922,2.46407624829,0
423,1023.39453125,351.473378439,123533.535751,0.343438788958,3656,39,79299.3343733,12,1365771.53805,74062.3700709,153361.704444,0.933959542741,1
424,1081.68359375,441.080913828,194552.372543,0.407772583754,3656,-98,212746.892333,7,6660077.68625,62708.9692781,275455.861611,0.294758567754,1
425,1134.9765625,524.607896207,275213.444763,0.462219144906,2529,-98,365602.486103,7,12409531.4012,88485.8820024,454088.368105,0.242027571928,1
426,1143.59375,583.048145223,339945.139648,0.509838520212,3352,0,423850.206287,7,20791927.8959,97234.0024602,521084.208747,0.229406523857,0
427,1151.6484375,600.964570891,361158.415466,0.521829884297,3352,19,435943.224288,7,20746001.9259,116657.343691,552600.567979,0.267597561314,0
428,1165.2109375,581.873619122,338576.90863,0.499371916617,2676,19,444447.586426,7,17928479.4485,105897.011162,550344.597588,0.238266590699,0
429,1113.58984375,485.240693873,235458.530991,0.435744539694,2382,29,325609.328558,7,9639394.59077,73679.231724,399288.560282,0.226281083685,0
430,1042.68359375,416.323376468,173325.153793,0.39928064368,4088,-313,89662.7356908,14,2214417.78794,166738.853957,256401.589648,1.85962264783,0
431,1007.01953125,330.078973164,108952.128525,0.327778124377,4088,-313,15002.4690647,16,1237723.61246,126985.201065,141987.670129,8.46428681288,0
432,1012.3984375,229.849418773,52830.7553101,0.227034545154,1607,-441,19774.7417873,15,726837.967281,64261.4963536,84036.2381409,3.24967562383,1
433,1061.62109375,437.078351484,191037.485336,0.411708427854,4490,-774,123371.007074,9,2983578.75877,123484.308996,246855.31607,1.00091838371,1
434,1138.50390625,547.992928773,300296.249985,0.48132722757,4490,-774,296601.237342,7,6677989.28726,107482.040564,404083.277905,0.362378935189,1
435,1189.23828125,699.307638805,489031.173691,0.588029875787,4754,-1323,404686.732838,7,18986780.9931,234462.87951,639149.612348,0.579368831455,1
436,1106.62109375,585.635086113,342968.454086,0.529210123881,4754,-1323,203343.077208,7,5166855.76633,198873.690986,402216.768193,0.978020465297,0
437,1022.73046875,253.642082981,64334.3062592,0.248004817233,2215,147,66933.8629548,7,1307123.02635,34286.6371598,101220.500115,0.512246501938,0
438,1069.12109375,411.384919197,169237.551743,0.384787954893,2215,88,200245.635878,6,4497842.57455,106164.040332,306409.676209,0.530169058947,0
439,1133.01171875,496.30251991,246316.191269,0.4380382936,2588,-19,292042.060957,7,9656177.16812,109180.915145,401222.976102,0.37385339217,0
440,1152.1640625,541.722841632,293463.637146,0.470178561599,3264,-19,345907.83134,7,9883837.9525,121753.803266,467661.634606,0.351983367344,0
441,1077.26171875,484.633493384,234869.62291,0.449875350575,3754,-166,253310.154609,7,6865302.42749,79181.7839451,332491.938554,0.312588273721,0
442,1019.03515625,369.974147553,136880.869858,0.363063183134,3754,-166,128124.950006,5,2779171.54851,75958.126707,204083.076713,0.592844147088,0
443,1082.90625,441.8287005,195212.600586,0.408002724613,2460,39,243658.29484,6,6088521.17597,85102.161649,328760.456489,0.349268477417,0
444,1167.33984375,537.92350116,289361.6931,0.460811394419,2460,-58,351550.606314,7,13247769.0597,106114.62981,457665.236124,0.301847381014,0
445,1192.55078125,559.555520242,313102.380234,0.469208967065,2450,-68,384061.046278,7,16083901.7297,106575.10475,490636.151028,0.277495220573,0
446,1173.82421875,588.90990759,346814.879257,0.501701956888,4568,-68,389312.808706,7,16952395.8948,103816.627648,493129.436354,0.266666354988,0
447,1110.17578125,647.905902848,419782.058945,0.583606590767,4568,-98,425960.515095,7,12945300.6084,139545.374048,565505.889143,0.327601665185,0
448,1036.89453125,515.783900335,266033.031845,0.497431401932,4519,-490,233319.559618,6,2838586.42953,106397.915786,339717.475404,0.45601798649,0
449,994.98046875,262.292692711,68797.4566498,0.263615921065,2852,-490,44036.2989281,9,825209.228261,35413.7271872,79450.0261153,0.804193995619,1
450,1022.23046875,314.786841335,99090.7554779,0.307941164892,3823,-147,80807.0204738,9,1591597.23473,35067.3236172,115874.344091,0.433963824079,1
451,1067.95703125,367.981458259,135410.353622,0.344565790094,3823,-147,137703.820592,9,3777808.38952,45351.6085819,183055.429174,0.329341687013,1
452,1100.6875,363.260156646,131957.941406,0.330030237143,1931,29,194134.895529,9,4604414.52465,44853.4344228,238988.329952,0.231042617561,1
453,1072.9140625,354.883322096,125942.172302,0.3307658409,2500,-421,142773.108797,10,2580822.92734,59708.9759335,202482.084731,0.418208838041,1
454,1010.94140625,308.20897766,94992.7739105,0.304873235734,2715,-421,44382.9442907,10,747483.544805,50587.2753162,94970.2196069,1.13979088419,0
455,1009.45703125,205.265753119,42134.0294037,0.203342734525,2715,19,4664.56427763,28,135193.034796,17222.2911793,21886.855457,3.6921543266,1
456,1026.59375,139.916740728,19576.6943359,0.136292219515,1774,49,16958.6362683,6,202956.828199,3504.66675489,20463.3030232,0.206659704203,1
457,1076.6796875,324.314323169,105179.780212,0.301217090778,2137,68,144411.231657,8,2746802.34345,36744.3995101,181155.631167,0.254442809527,1
458,1095.90625,408.652577027,166996.928711,0.37289008711,2137,68,237655.594195,9,5793111.62394,58041.1607124,295696.754908,0.244223835374,1
459,1062.30078125,386.272935402,149206.780624,0.363619176621,2323,-156,163687.03232,9,2953489.94404,85625.894746,249312.927066,0.523107380789,0
460,1005.28125,355.882264975,126652.186523,0.354012635742,3058,-156,92792.7212198,12,1445849.57688,87080.2870943,179873.008314,0.938438769221,0
461,984.875,340.440902085,115900.007812,0.345669147948,3921,-549,56154.6266931,11,1656295.51471,42819.4262756,98974.0529686,0.762527129058,1
462,978.12109375,395.081475211,156089.372055,0.403918776249,3921,-656,42958.9267406,11,1560778.19403,134541.813759,177500.740499,3.13187092804,1
463,983.15625,371.619522275,138101.069336,0.3779862278,2509,-656,51743.2690066,11,1609898.46362,132300.083838,184043.352845,2.55685592306,1
464,1009.51953125,296.472595055,87895.9996185,0.293676928358,3460,88,54707.9950576,10,1340786.23102,46826.4672036,101534.462261,0.855934624442,1
465,1000.77734375,323.855957013,104882.680893,0.323604405151,3460,-176,56299.7524665,12,1653349.58012,70325.6714737,126625.42394,1.24912931927,1
466,1009.046875,308.459044571,95146.9821777,0.305693473924,2911,-176,45184.2597912,12,1754826.83268,87464.4240103,132648.683801,1.93572771612,1
467,1011.23828125,255.565537589,65313.7440033,0.252725339149,3176,-137,27789.8275969,12,633899.447005,49107.2297757,76897.0573727,1.76709371817,1
468,1000.81640625,260.488741143,67854.3842621,0.260276249985,3176,264,50483.2150361,5,788261.999605,31109.3016217,81592.5166578,0.616230594652,1
469,1009.19140625,209.980966596,44092.0063324,0.208068524261,2215,294,33611.2906315,15,479322.998794,34384.6037831,67995.8944146,1.02300754113,1
470,1019.1796875,225.370231286,50791.7411499,0.2211290453,1872,294,44173.101503,9,716237.342182,40340.7688409,84513.8703439,0.913242843908,1
471,1079.16796875,371.757774472,138203.84288,0.344485552979,2078,-9,164011.253547,6,3692556.21059,73441.4676796,237452.721226,0.447783100802,1
472,1108.578125,474.981267877,225607.204834,0.428459895758,2401,-9,327729.061217,7,7750751.6408,62279.1903286,390008.251546,0.190032553407,1
473,1081.43359375,467.035911323,218122.542465,0.43186739715,3372,19,289548.523012,7,6690138.67128,48420.432565,337968.955577,0.167227351262,1
474,1038.90625,341.68695554,116749.975586,0.32889103857,3372,215,132774.455547,10,2131409.25843,38993.7221148,171768.177662,0.29368391649,0
475,1002.88671875,165.422726896,27364.6785736,0.164946572532,2176,215,21148.7730705,11,395431.460672,20894.9640171,42043.7370877,0.987998875748,1
476,1003.25390625,110.412056635,12190.8222504,0.110053951395,2029,490,4670.00395891,13,132111.468217,11596.1642354,16266.1681944,2.48311657495,1
477,1010.109375,275.774130131,76051.3708496,0.273014127932,2705,49,38873.3322481,13,864513.69748,41125.7109857,79999.0432339,1.05794148861,1
478,1014.23828125,290.002777902,84101.6111908,0.285931603316,2705,49,42088.4117339,12,1621861.53949,43881.355402,85969.7671359,1.04259946133,1
479,1016.359375,376.688505565,141894.230225,0.37062530718,4254,-313,54906.1001768,16,1525525.27278,104288.827172,159194.927349,1.89940328737,1
480,1014.4453125,427.499439119,182755.770447,0.42141201093,4254,-656,67978.71201,10,1728126.02588,116811.308405,184790.020415,1.71835130368,1
481,1000.921875,262.913739697,69123.6345215,0.262671589326,3029,-656,37353.7558974,9,833441.287972,32230.7079144,69584.4638118,0.86285052574,1
482,994.9140625,213.001394778,45369.5941772,0.21409024438,2441,294,44782.6318589,8,1148171.97182,26701.8257992,71484.4576581,0.596254054101,1
483,1027.15625,277.44509416,76975.7802734,0.270109921601,2441,294,85571.8016145,8,1795474.49852,38494.0663843,124065.867999,0.44984522539,1
484,1089.12890625,459.107765578,210779.940414,0.421536663791,3941,19,238949.008046,7,5348938.23437,67212.798916,306161.806962,0.281285113781,1
485,1082.78515625,537.665305916,289083.981186,0.496557699201,3941,-147,277120.315431,7,8601320.28473,101406.323361,378526.638792,0.365928868129,1
486,1027.8515625,466.45999108,217584.923279,0.453820384284,3656,-598,134094.948159,8,3816609.38221,129278.723557,263373.671716,0.964083474668,1
487,997.33984375,318.53178458,101462.497787,0.319381388978,3196,-598,46964.9052142,10,1008861.20782,64672.771581,111637.676795,1.37704465251,0
488,986.09765625,213.680330007,45659.283432,0.216692868757,2235,274,45921.4804624,9,715726.851194,26573.122529,72494.6029914,0.578664325746,1
489,1006.34765625,334.962066757,112199.586166,0.332849254109,4578,235,60336.6009475,10,1397186.47134,53051.4391138,113388.040061,0.879258000629,1
490,1016.66015625,465.841012954,217007.84935,0.458207209253,4794,-1362,89991.7129982,9,1761269.98702,71883.4829549,161875.195953,0.798778915969,1
491,1002.30859375,413.335983479,170846.635239,0.412383956455,4794,-1362,75062.346953,12,1322690.22734,71147.8570327,146210.203986,0.94785015285,1
492,1021.52734375,291.760401811,85124.1320648,0.285611935496,2352,107,53737.4674633,14,1689228.43409,80280.619263,134018.086726,1.49394124905,1
493,1074.75390625,395.268349788,156237.068344,0.367775681009,2352,49,172269.981124,7,3666272.86364,94646.3534026,266916.334527,0.549407115418,1
494,1098.84375,450.807988808,203227.842773,0.410256680086,2156,49,273859.890751,7,7449197.64854,72296.9554746,346156.846226,0.263992493666,1
495,1070.03125,498.267113315,248270.116211,0.465656599576,4333,98,211607.686151,7,5193756.4059,145120.737887,356728.424038,0.685800882408,1
496,1014.52734375,416.937503788,173836.882065,0.410967241402,4333,98,66549.2214425,14,2502547.55357,135943.477292,202492.698735,2.04275082932,0
497,984.8984375,232.812385565,54201.6068726,0.236382125,3088,264,22324.8527666,19,593548.73499,45283.4918509,67608.3446176,2.02838927201,1
498,995.734375,147.457037407,21743.5778809,0.148088728389,2284,509,9950.51925864,18,209232.952823,17457.3530875,27407.8723461,1.75441629062,1
499,1008.51171875,114.963546614,13216.6170502,0.113993267978,1500,490,11815.999317,6,189004.523643,11597.2085111,23413.2078281,0.981483512308,1
500,1018.66796875,295.021124623,87037.463974,0.289614608168,3558,-9,58394.2882354,8,1337336.73356,29439.8732158,87834.1614512,0.504156726717,1
501,1002.0234375,322.390557129,103935.671326,0.321739537284,3558,-9,71652.4413394,7,1536769.28811,47067.811837,118720.253176,0.656890553304,1
502,1011.59765625,226.715556564,51399.9435883,0.224116332381,2460,176,35845.5860378,15,952696.157799,40303.7768165,76149.3628543,1.12437209909,1
503,1037.515625,285.411927757,81459.9685059,0.275091691035,2960,156,70735.3437922,6,1551525.98681,37714.1539906,108449.497783,0.533172696543,1
504,1058.390625,437.322753995,191251.191162,0.413195982339,3676,-58,191465.599197,10,4105271.58745,53269.6679556,244735.267153,0.278220569016,1
505,1074.34765625,492.143676853,242205.398666,0.45808605249,3941,-58,180383.487467,7,5970886.16157,79555.5772979,259939.064764,0.44103580885,1
506,1043.28515625,331.846551179,110122.13353,0.318078474702,3941,-39,68116.3149788,7,1029066.15117,42533.7896852,110650.104664,0.624428812664,0
507,1022.9296875,19.5914057983,383.823181152,0.0191522506754,1088,970,189.214034911,0,5372.94730613,152.126668739,341.34070365,0.803992519952,0
508,1018.0859375,18.4238412728,339.437927246,0.0180965482325,1098,931,89.2666195813,14,2855.11296929,227.050435892,316.317055473,2.54350883854,0
509,1015.08203125,15.6695960262,245.536239624,0.0154367780571,1098,931,44.9565091126,16,955.348555408,139.850454468,184.806963581,3.11079434832,0
510,1016.921875,9.20522047451,84.7360839844,0.00905204293546,1049,1000,13.1886489485,12,309.242223183,20.2863056859,33.4749546343,1.53816405039,0
511,1016.99609375,9.01582724941,81.2851409912,0.00886515425656,1049,1000,16.9913350559,12,385.659654737,24.6233049774,41.6146400333,1.44916834942,0
512,1016.3359375,9.46851471964,89.6527709961,0.00931632383573,1039,990,19.6394006048,5,345.384842875,26.653509611,46.2929102157,1.35714475953,0
513,1006.27734375,20.8402881865,434.317611694,0.0207102826233,1058,931,358.865669549,0,17518.4683993,161.191297237,520.056966786,0.449168897764,0
