,0,1,2,3,4,5,6,7,8,9,10,11,12
0,1036.078125,63.0996371541,3981.56420898,0.0609023930065,1794,696,460.091839191,29,13115.2178024,2238.22870598,2698.32054517,4.86474333019,0
1,1036.48046875,9.13439207229,83.4371185303,0.00881289358332,1068,1009,10.2234970577,18,294.795660489,28.5298227015,38.7533197592,2.79061289307,0
2,1037.14453125,9.01900171681,81.3423919678,0.0086959931283,1058,1009,12.271300139,21,268.683287975,23.4069710953,35.6782712342,1.90745649036,0
3,1036.99609375,84.5072804762,7141.48045349,0.0814923807192,1803,617,1874.83429887,12,31300.5354788,3333.81903706,5208.65333593,1.77819396576,0
4,1051.140625,157.559325849,24824.9411621,0.149893669888,1803,441,23197.3529527,8,362185.083981,10909.0036668,34106.3566195,0.470269331551,0
5,1055.7421875,184.599640527,34077.0272827,0.17485295436,1627,421,50112.329088,7,849214.620795,9365.10775451,59477.4368425,0.186882308704,0
6,1024.19921875,143.903896423,20708.3314056,0.140503813895,1627,421,34500.0661266,8,468794.508256,2891.90288168,37391.9690083,0.0838231112679,0
7,1019.01953125,120.121014865,14429.0582123,0.117879011326,1460,480,20317.778031,9,281144.720608,4287.37414031,24605.1521713,0.211015896215,0
8,1048.98046875,228.03269453,51998.9097748,0.217385071814,1666,303,71939.2155869,8,1505159.795,16533.7963188,88473.0119056,0.22983008897,0
9,1083.5234375,286.450542875,82053.9135132,0.264369493968,1813,205,119688.970727,8,3732962.99778,19290.9210912,138979.891818,0.161175428063,0
10,1118.30078125,337.942336519,114205.022812,0.302192703596,1960,166,160816.13694,9,3872903.39458,36872.8121508,197688.949091,0.229285523533,0
11,1115.92578125,373.617888387,139590.326523,0.334805320089,1960,137,194406.315052,9,5827685.66295,60161.5359107,254567.850963,0.309462868501,0
12,1104.13671875,339.34745638,115156.696152,0.307341881325,1960,137,152278.630295,9,3709940.14978,45172.1918315,197450.822127,0.29664170044,0
13,1103.94921875,336.247678546,113062.501328,0.304586182802,1862,166,151414.775993,9,4247621.93868,36534.4248062,187949.2008,0.241287051191,0
14,1081.43359375,305.483293267,93320.0424652,0.282479936847,1852,166,138851.785523,9,3649420.59227,27295.6706751,166147.456198,0.196581344434,0
15,1068.76171875,355.401041435,126309.900253,0.332535339917,3107,-1039,132108.558848,10,2641305.31836,37313.5730734,169422.131921,0.282446295674,0
16,1048.84765625,345.957113596,119686.324448,0.329844960357,3107,-1039,103013.480247,6,2224115.1394,34000.1209016,137013.601148,0.330055064834,1
17,1010.81640625,175.148958603,30677.1576996,0.17327474853,2333,490,19433.96082,7,461411.777116,10533.6143466,29967.5751667,0.542020972676,1
18,1014.6484375,113.762402472,12941.8842163,0.112120019376,1460,607,8622.4607589,7,193164.084879,6656.32703434,15278.7877932,0.771975335169,1
19,1065.78125,222.828687613,49652.6240234,0.20907544359,1911,323,56995.3413388,7,1103527.4775,28917.292919,85912.6342578,0.507362395588,1
20,1089.70703125,275.638782446,75976.7383881,0.252947603843,1980,323,98490.1224085,7,2093272.34506,33973.3669952,132463.489404,0.34494186995,0
21,1096.22265625,321.227274905,103186.962143,0.293031049006,1980,205,149046.785803,9,2804513.02908,29749.3610557,178796.146859,0.199597467972,0
22,1100.85546875,340.455380086,115909.865829,0.309264376433,1892,205,145384.036484,5,3486100.35377,51558.2975253,196942.33401,0.354635204607,0
23,1085.421875,294.44718089,86699.142334,0.271274411979,1892,264,122423.246894,5,2093832.57659,23215.1147371,145638.361631,0.189629954491,0
24,1067.94140625,287.261763529,82519.3207855,0.268986446117,1852,254,119169.533928,9,1777206.98186,23176.2327749,142345.766702,0.194481190041,0
25,1068.98828125,276.760522079,76596.3865814,0.258899491167,2039,254,111320.8653,9,1800731.30864,21605.0077516,132925.873052,0.1940786904,0
26,1075.69140625,296.080150552,87663.4555511,0.275246366042,2039,264,118229.706644,5,2756865.6405,30124.8666663,148354.573311,0.254799470635,0
27,1068.29296875,272.737131824,74385.5430756,0.255301813081,1823,284,115028.852989,5,2394926.96285,15765.0499495,130793.902938,0.137053004875,0
28,1055.62890625,184.049667911,33874.2802582,0.174350727629,1598,460,56776.4218395,7,1292411.02571,6130.59234472,62907.0141842,0.107977786308,0
29,1040.1953125,182.28585718,33228.133728,0.175241952151,2627,441,20626.9825715,5,328148.006719,6970.14409052,27597.1266621,0.337913898281,0
30,1034.6640625,149.761387158,22428.4730835,0.14474397303,2627,441,1678.28512012,25,50460.4524293,5990.18110692,7668.46622704,3.56922732325,0
31,1055.0703125,145.300748643,21112.3075562,0.137716649707,1500,490,30142.6741753,7,434386.725887,6701.76298747,36844.4371627,0.222334718827,0
32,1085.38671875,278.302602808,77452.3387299,0.256408704843,1833,343,120457.903879,5,2403627.77391,20951.9439846,141409.847863,0.173935817493,0
33,1092.125,353.081324733,124666.421875,0.323297538956,1980,196,150715.75072,5,3814780.92467,68399.1124131,219114.863133,0.453828561955,0
34,1111.140625,336.265026021,113074.167725,0.302630484796,1980,196,143874.744124,9,3867013.82179,57247.4522899,201122.196413,0.39789785649,0
35,1131.0078125,352.001309392,123904.921814,0.311228008774,2058,254,168242.933072,6,4610898.52763,42093.0087764,210335.941848,0.250191838718,0
36,1101.49609375,371.723698192,138178.507797,0.337471644521,2058,284,208994.961499,9,5710493.04487,31230.3007425,240225.262242,0.149430878709,0
37,1089.24609375,336.309994044,113104.412094,0.308754831414,2009,284,174957.101322,5,3683319.2073,21525.1957642,196482.297086,0.123031277962,0
38,1102.69921875,322.895759107,104261.671249,0.292823059649,2009,284,147418.482216,7,4634419.75249,27062.1565984,174480.638815,0.183573702507,0
39,1072.66015625,293.046894136,85876.4821625,0.273196400955,1921,245,114278.808839,6,1350138.57463,31137.8658093,145416.674648,0.272472789362,0
40,1046.73046875,271.975286118,73970.5562592,0.259833160721,2696,245,41803.6887374,6,727124.189586,37044.2177054,78847.9064428,0.886147103861,1
41,1047.36328125,226.334783966,51227.434433,0.216099597931,2696,303,10075.3859477,14,249123.414401,25762.2917107,35837.6776583,2.55695333604,1
42,1073.3515625,243.848861037,59462.2670288,0.227184521415,2019,215,74473.0975357,9,1407924.67016,21867.0149119,96340.1124476,0.293623007979,1
43,1110.9921875,333.574544145,111271.976501,0.30024922578,2019,215,145978.663685,9,4265257.10385,40564.799978,186543.463663,0.277881705135,0
44,1132.79296875,352.211928098,124053.242294,0.310923476588,1990,98,162945.413753,6,4295275.34417,60216.1340061,223161.547759,0.369547891035,0
45,1110.453125,348.189656459,121236.036865,0.313556374979,2058,98,145157.373412,6,4183976.46518,54070.154504,199227.527917,0.37249333763,0
46,1090.421875,354.747656999,125845.900146,0.325330649662,2117,215,164210.575912,9,4730983.61815,52233.0032096,216443.579122,0.318085500397,0
47,1105.22265625,321.954518749,103654.712143,0.291302858233,2117,294,145108.309023,9,3710377.74591,31750.8030471,176859.11207,0.218807615229,0
48,1087.921875,301.739167405,91046.5251465,0.27735370925,2029,372,136035.887428,5,2675919.85021,18736.7693221,154772.65675,0.137734017665,0
49,1057.5859375,315.456861833,99513.0316772,0.298280121404,2029,254,137919.410033,9,2591148.7681,30760.9244972,168680.334531,0.223035499425,0
50,1057.21484375,260.703204571,67966.1608734,0.246594347508,1754,254,100911.476271,5,1436269.90034,19318.7828315,120230.259102,0.191442871965,0
51,1039.1796875,175.872154099,30931.0145874,0.169241331614,1843,500,35427.9320453,11,469340.924691,8226.70819696,43654.6402422,0.232209664014,0
52,1052.484375,260.453030326,67835.7810059,0.247464985241,1872,333,88310.1474695,9,1883138.46842,18170.6838657,106480.831335,0.205759863237,0
53,1106.19921875,341.167565821,116395.307968,0.308414216931,2039,196,159179.174822,9,4373498.04608,45863.1905767,205042.365399,0.28812305773,0
54,1127.63671875,374.422603478,140192.285995,0.332041868851,2039,196,185378.387704,6,4594016.04271,61761.2307881,247139.618493,0.333163059367,0
55,1147.14453125,403.038962002,162440.404892,0.351341048162,2039,176,195509.108234,9,5010728.92032,92512.1576975,288021.265931,0.4731859223,0
56,1122.89453125,387.848291823,150426.29747,0.345400463738,2049,176,173537.40718,6,4924225.25042,95677.7390973,269215.146278,0.551337839212,0
57,1112.078125,349.013590114,121810.486084,0.313839093017,2049,254,167450.818054,6,5121012.72441,40886.8022199,208337.620273,0.244172006414,0
58,1104.6484375,352.994767796,124605.306091,0.319553946588,1970,176,177915.178943,6,6056060.26541,28879.2074544,206794.386397,0.16232008773,0
59,1079.8046875,352.885484227,124528.164978,0.326804919734,1970,176,164327.071321,10,3472186.86301,41145.7316086,205472.802929,0.25038924675,0
60,1063.2265625,291.993785113,85260.3705444,0.274629881731,1941,196,103289.021713,8,1467587.52733,29863.5830766,133152.60479,0.28912640067,1
61,1037.9296875,220.199578635,48487.8544312,0.212152693277,1931,470,48940.6048856,7,767216.013622,18836.4841169,67777.0890025,0.384884579195,1
62,1067.29296875,268.72137222,72211.1758881,0.251778452673,2098,323,86200.0691076,8,1793717.27051,22233.077754,108433.146862,0.257924129113,1
63,1100.08203125,349.096810519,121868.583115,0.317337071784,2098,323,177554.31929,6,4016280.93716,33090.717075,210645.036365,0.186369541486,1
64,1106.55859375,350.95262724,123167.746567,0.317156840336,2009,137,169463.546127,6,5089457.84954,35566.1326911,205029.678818,0.209874828563,0
65,1116.44921875,374.350924413,140138.614609,0.335304927556,2088,137,187523.595196,6,5531775.777,46827.0080974,234350.603293,0.249712619089,0
66,1130.9296875,407.305334707,165897.635681,0.360150891085,2088,137,213018.5956,6,7592790.75019,86264.7580659,299283.353666,0.404963509514,0
67,1125.51171875,356.492932328,127087.2108,0.316738534472,2117,264,152984.934292,6,3488880.48242,70215.4766941,223200.410986,0.458969878433,0
68,1100.71484375,334.504707223,111893.399155,0.303897698049,2117,294,146192.784574,5,1717323.19621,37298.2721762,183491.056751,0.255130732237,0
69,1068.42578125,339.71242773,115404.533554,0.317956037463,1921,323,164337.355144,9,4956713.39281,27674.2737297,192011.628874,0.1683991671,0
70,1056.14453125,282.289105824,79687.139267,0.267282646902,1784,372,111837.521359,6,2117810.05812,22906.8872697,134744.408629,0.204822916239,0
71,1048.78515625,200.015577358,40006.2311859,0.190711678332,1764,372,39158.1581459,7,1000490.3949,20274.2071563,59432.3653022,0.517751807445,0
72,1058.453125,263.318244341,69336.4978027,0.248776481567,1931,235,90733.0445243,5,1548204.21016,26151.9441369,116884.988661,0.288229544969,0
73,1072.10546875,281.946735276,79493.9615326,0.262984140548,1931,235,98591.7595254,9,2276246.5647,28503.158339,127094.917864,0.289102846691,0
74,1038.28125,162.987007606,26564.7646484,0.156977704843,1852,539,22795.4333942,5,223296.227487,13469.7183919,36265.151786,0.590895472745,0
75,1022.92578125,83.2079846549,6923.56871033,0.0813431298537,1421,696,5806.76436711,8,102097.816545,3900.43299926,9707.19736636,0.671705058561,0
76,1024.546875,51.1843877831,2619.84155273,0.0499580732049,1235,813,3893.41400833,6,49806.0906552,399.924672625,4293.33868095,0.102718249785,0
77,1020.8984375,9.65080942505,93.1381225586,0.00945325124474,1039,1000,23.0779237854,6,389.44001639,27.504788799,50.5827125843,1.19182249906,0
78,1022.0234375,8.88376753881,78.9213256836,0.00869233249732,1039,1000,11.8999373837,20,198.95217355,19.6135410008,31.5134783845,1.64820539541,0
79,1021.22265625,9.13533417256,83.4543304443,0.00894548717329,1039,990,11.9821107164,18,273.671792539,19.7109112088,31.6930219252,1.64502829888,0
80,1024.4609375,11.0279491122,121.615661621,0.0107646360232,1049,990,58.7950451232,0,3058.00414949,22.0289601322,80.8240052554,0.374673751606,0
81,1032.6171875,11.7656950322,138.43157959,0.0113940530669,1068,1000,68.4322904504,1,1977.0958334,44.9610542894,113.39334474,0.657015189663,0
82,1035.13671875,11.6746612042,136.297714233,0.0112783760761,1068,990,47.0715503428,0,556.663175636,50.3351780896,97.4067284324,1.06933333878,0
83,1034.80078125,10.8063276898,116.77671814,0.010442906389,1068,990,37.4752820289,4,534.48264194,43.0742353467,80.5495173756,1.14940390078,0
84,1035.78125,9.59975382171,92.1552734375,0.00926812859541,1058,1009,10.9176362736,29,271.141554638,37.9326428263,48.8502790999,3.47443731187,0
85,1036.33203125,9.49110960315,90.081161499,0.00915836750863,1058,1009,7.42727436797,28,688.243087437,44.7756180668,52.2028924348,6.02853965647,0
86,1036.5625,9.2961265455,86.41796875,0.00896822579005,1058,1009,12.0283064826,28,590.083339714,45.9519987369,57.9803052195,3.82032157257,0
87,1037.2578125,9.55432337818,91.2850952148,0.00921113657862,1068,1019,26.6271664612,24,417.870895589,31.8929955559,58.5201620172,1.19776152684,0
88,1036.83203125,9.69894029,94.069442749,0.00935439878175,1068,1019,27.5329920759,0,505.793281914,28.3516834253,55.8846755012,1.02973492119,0
89,1035.5859375,9.0052305493,81.0941772461,0.00869578296036,1058,1019,19.2340499756,11,540.753032897,28.4962198731,47.7302698486,1.48155068273,0
90,1034.421875,8.35174885784,69.7517089844,0.00807383240792,1058,1019,16.4173487058,0,391.877091297,19.9067285993,36.3240773052,1.21254222932,0
91,1033.87109375,9.02443429965,81.4404144287,0.00872878094204,1058,1009,22.6987573152,2,378.714054017,17.666332137,40.3650894523,0.778295123901,0
92,1052.70703125,147.681416868,21809.8008881,0.140287290275,1705,500,34176.7635737,6,369097.186952,4626.92454336,38803.6881171,0.135382173721,0
93,1080.7421875,248.459684421,61732.2147827,0.229897275497,2049,401,99407.8542015,7,1804062.99909,14091.4741322,113499.328334,0.141754132462,0
94,1099.48046875,336.578892952,113285.351181,0.306125395147,2049,274,176884.727275,6,3568121.659,30317.1604842,207201.887759,0.171395014998,0
95,1094.37890625,345.251585386,119198.657211,0.315477192967,1980,274,157209.684159,9,3452992.62875,43727.474519,200937.158678,0.278147461163,0
96,1088.26953125,281.722480926,79367.5562592,0.258871973198,1852,284,109159.863541,8,2408052.96375,25366.1710937,134526.034635,0.232376354008,0
97,1101.00390625,298.936572208,89363.0742035,0.271512726259,1852,323,118000.322168,5,2286478.01901,35571.5417968,153571.863965,0.301452921003,0
98,1109.671875,312.246487405,97497.8688965,0.281386321884,1941,323,130661.392758,9,2304623.29317,30312.3893561,160973.782114,0.231991935157,0
99,1099.82421875,306.609744638,94009.5355072,0.278780680959,1941,313,138988.118254,9,3148423.75994,24299.5293378,163287.647592,0.174831702472,0
100,1077.99609375,294.896068795,86963.691391,0.273559496649,1803,225,111416.18328,9,1854127.7536,43799.1017815,155215.285062,0.393112566701,0
101,1042.515625,189.361034319,35857.6013184,0.181638557522,1519,225,36769.1592342,6,546807.776869,24100.6679968,60869.827231,0.655458773026,0
102,1016.21484375,166.654620206,27773.7624359,0.163995459455,2725,-117,6493.97207361,10,139212.611182,12538.3225299,19032.2946035,1.93076323516,0
103,1017.49609375,165.068096697,27247.4765472,0.162229710474,2725,-117,5964.14071054,10,113353.943075,12124.6359192,18088.7766298,2.03292251268,0
104,1023.31640625,157.979767433,24957.6069183,0.154380176521,2019,-49,17343.3172143,9,305931.648656,9752.82580593,27096.1430202,0.562339123791,0
105,1037.98046875,180.781883667,32682.0894623,0.174166941585,2019,-49,24534.8033878,8,330343.381384,11704.8117639,36239.6151517,0.477069719244,0
106,1047.63671875,182.220539616,33204.325058,0.1739348539,1725,421,40709.8866528,9,656211.987863,11691.2840958,52401.1707485,0.287185375766,0
107,1054.26171875,244.941682033,59996.427597,0.232334796642,1647,362,84989.0305346,5,2031294.42034,18796.2665944,103785.297129,0.221161089569,0
108,1079.3046875,267.137445855,71362.414978,0.247508835039,1705,362,103170.379,8,2195209.97397,20370.798287,123541.177287,0.197448128857,0
109,1083.07421875,264.844541591,70142.6312103,0.244530371978,1705,303,90165.5919343,8,1117456.23911,29537.8621794,119703.454114,0.32759572189,0
110,1053.24609375,227.489573045,51751.5058441,0.215989002375,1813,303,62846.6299412,10,1217374.4305,22729.7251437,85576.3550849,0.361669753255,0
111,1044.71875,180.389852884,32540.4990234,0.172668340531,1813,490,47046.422059,5,885403.815108,5942.72585679,52989.1479158,0.126316212726,0
112,1042.53515625,160.02389572,25607.6472015,0.153494963466,2245,568,23181.8087384,5,315826.708868,9726.13372212,32907.9424606,0.419558880494,0
113,1030.453125,127.063152321,16145.0446777,0.123308037249,2245,735,3287.79313932,20,117691.573494,10184.8149196,13472.608059,3.09776633993,0
114,1027.80859375,100.876464152,10176.0610199,0.0981471304734,1921,735,1312.28758305,20,33464.9732853,4655.62166453,5967.90924757,3.54771448322,0
115,1028.20703125,110.220447204,12148.5469818,0.10719674526,1921,686,1036.46239548,17,50105.3080316,5009.62690591,6046.08930139,4.83338993077,0
116,1030.0546875,111.897400592,12521.0282593,0.108632485197,1921,686,1126.87870683,17,76208.4238824,7353.35602566,8480.23473249,6.52541926745,0
117,1024.421875,84.501304481,7140.47045898,0.0824868216339,1529,764,1554.97859507,14,52723.2116124,5593.92269949,7148.90129455,3.59742746121,0
118,1016.72265625,132.725417165,17616.0363617,0.13054240146,1637,401,6492.51952105,15,207819.903477,14880.1850856,21372.7046067,2.2918968572,1
119,1022.12109375,283.727774777,80501.4501801,0.277587241387,2147,88,20212.3888161,12,785126.823481,81637.4729949,101849.861811,4.03898192032,1
120,1018.5859375,325.694007259,106076.586365,0.319751132692,2696,88,19407.6687157,23,885649.002439,93629.204988,113036.873704,4.82434064386,1
121,1008.24609375,298.905330279,89344.3964691,0.296460687655,2696,58,7920.48924831,12,919529.93666,89335.3770576,97255.8663059,11.2790225776,1
122,1021.20703125,338.847933418,114817.921982,0.33181120287,4411,58,18441.9712563,17,1988703.3359,105838.454115,124280.425371,5.73899897382,1
123,1034.5078125,277.467650031,76988.296814,0.268212232599,4411,323,25164.7797764,10,496003.581109,46987.8479385,72152.6277149,1.86720680077,1
124,1033.29296875,190.460451802,36275.1837006,0.184323766407,2686,392,28308.1769076,10,433073.922656,11024.7224324,39332.89934,0.389453636254,1
125,1039.61328125,247.354050361,61184.0262299,0.237928905702,2686,392,60295.2096174,6,1235838.3007,16347.3211972,76642.5308146,0.271121392578,0
126,1058.53515625,255.028733703,65039.655014,0.240926087525,2205,441,83437.5130521,8,1770846.94942,13455.1545911,96892.6676432,0.161260254518,0
127,1073.62890625,284.944249934,81193.2255707,0.265402922998,2039,284,120565.627115,9,3390056.49539,17984.5949299,138550.222045,0.149168509801,0
128,1080.0,278.350077465,77478.765625,0.257731553209,1803,284,115305.43219,9,2575349.09057,21771.8254407,137077.25763,0.188818731496,0
129,1076.28125,275.288312998,75783.6552734,0.255777300774,2274,294,97488.4445294,9,1700419.79414,20252.6609682,117741.105498,0.20774422103,0
130,1062.33203125,263.395116529,69376.9874115,0.247940482619,2274,362,85185.0339935,5,2188505.62463,22721.322837,107906.35683,0.26672904584,0
131,1049.953125,229.382352041,52616.2634277,0.218469135982,1803,411,82330.2950707,5,2192005.86586,8107.42780288,90437.7228735,0.0984744169315,0
132,1052.1015625,270.02338845,72912.6303101,0.256651447041,1803,382,107416.780086,5,2328477.42095,17694.0282725,125110.808359,0.164723130393,0
133,1060.64453125,269.608966349,72688.9947357,0.254193519511,2196,294,101332.708188,6,2463846.28209,17632.1867103,118964.894898,0.174002915995,0
134,1045.46875,221.666255237,49135.9287109,0.212025711182,2196,294,54139.4045206,5,940972.865983,15068.7682216,69208.1727422,0.278332729275,0
135,1024.953125,145.032908947,21034.5446777,0.141501992052,1715,598,20254.8719976,6,278536.194853,11201.4076644,31456.279662,0.553022880903,0
136,1025.91796875,181.348823031,32887.3956146,0.176767371812,2127,196,19584.8271862,8,395328.812893,16820.2022986,36405.0294848,0.858838433377,0
137,1029.9140625,239.668994636,57441.2269897,0.232707760154,2372,196,17792.5539913,12,273034.838741,31866.4592818,49659.0132732,1.79099972367,0
138,1031.703125,223.790232395,50082.0681152,0.216913399768,2705,274,3009.37090479,31,488734.638627,26789.3080853,29798.6789901,8.90196287955,0
139,1033.5625,145.927569255,21294.8554688,0.141188916254,2705,617,1405.98486095,31,97201.6153538,9476.83236804,10882.817229,6.74035164336,1
140,1027.29296875,54.252773091,2943.36338806,0.0528113933818,1598,833,469.711409463,15,12488.3554466,1445.39285945,1915.10426892,3.07719342204,1
141,1022.23828125,62.9569689613,3963.5799408,0.0615873716687,1598,833,1235.63732165,3,14585.9712829,1420.25529132,2655.89261298,1.14941113095,0
142,1022.43359375,67.9434757921,4616.31590271,0.0664527028527,1607,813,2972.48265458,7,72449.6777518,1475.5667752,4448.04942978,0.496408876574,0
143,1021.62109375,156.03089946,24345.6415863,0.152728737117,2274,490,18410.9538017,10,372583.523546,9853.01343947,28263.9672412,0.535171265193,0
144,1043.203125,211.577145334,44764.8884277,0.202814907532,2274,490,54047.8433742,8,855637.498412,9750.02602632,63797.8694005,0.180396208574,0
145,1065.56640625,260.299203375,67755.6752777,0.24428247911,1686,401,106028.701258,9,2151107.01478,13164.2949187,119192.996177,0.124157843702,0
146,1062.08203125,268.479378844,72081.1768646,0.252785915725,1980,382,89814.89685,5,2068383.12132,25712.6154367,115527.512287,0.286284528942,0
147,1044.83203125,236.161357191,55772.1866302,0.226028060136,2176,382,69786.1675344,5,1986285.3364,12859.7157383,82645.8832727,0.184273133096,0
148,1033.44140625,227.135586582,51590.5746918,0.219785645522,2176,460,74096.6014835,5,2100718.26409,8751.40557337,82848.0070569,0.118108056215,0
149,1052.2265625,210.297806502,44225.1674194,0.199859815363,1696,460,66275.0577828,8,1797214.54873,7997.37886767,74272.4366504,0.120669511808,0
150,1050.94140625,229.710093456,52766.7270355,0.218575547685,1696,392,82780.4986564,8,2410615.1266,9204.13821169,91984.6368681,0.111187276727,0
151,1049.7421875,238.615038624,56937.1366577,0.227308230026,1666,392,87145.3446482,8,2144661.31045,7625.11684612,94770.4614943,0.0874988431901,0
152,1040.9609375,221.698870315,49150.3890991,0.212975206205,1823,431,67656.1811906,9,1147781.0399,13688.0705069,81344.2516975,0.202318107023,0
153,1019.0390625,170.080238525,28927.2875366,0.166902570062,1823,470,34334.287072,5,573771.554769,9957.59652918,44291.8836012,0.290019026994,0
154,1015.0,83.7132848627,7007.9140625,0.0824761427219,1460,764,2603.45951613,21,60091.6843438,5041.78685268,7645.24636881,1.93657201944,1
155,1014.4375,42.2656683225,1786.38671875,0.0416641422685,1215,803,781.08744743,15,13864.5793337,1426.01752609,2207.10497352,1.82568229816,1
156,1017.03515625,94.0202912689,8839.81517029,0.0924454682723,1931,686,1846.35925983,22,74014.1118223,5242.63166603,7088.99092586,2.83944288638,1
157,1022.6953125,144.607148779,20911.227478,0.141398075274,1931,686,4131.43367372,18,171950.621328,16846.4451627,20977.8788364,4.07762691916,1
158,1029.82421875,156.855988512,24603.8011322,0.1523133615,2323,588,4127.40466882,19,151513.269553,15172.0079348,19299.4126036,3.67591965222,0
159,1030.4140625,122.184448641,14929.0394897,0.118578009645,2323,588,1562.83880822,11,42117.969109,4848.03036554,6410.86917377,3.10206679027,0
160,1032.42578125,116.592516072,13593.8148041,0.112930651471,1862,490,1241.28402291,23,94745.2827926,7899.38142669,9140.6654496,6.36387908077,1
161,1032.46484375,114.669730974,13149.1472015,0.11106405382,1862,490,1629.79749337,25,109143.81554,7448.80887869,9078.60637206,4.5703892103,1
162,1032.9921875,129.341269522,16729.1640015,0.125210307577,2303,647,2192.6461558,12,114079.162969,6994.15794015,9186.80409594,3.18982518983,1
163,1026.1640625,164.292863383,26992.1449585,0.160103895066,2303,480,6684.43549201,12,263385.58162,11021.6983169,17706.133809,1.64886000173,1
164,1048.91796875,210.886311172,44473.0362396,0.201051290429,2617,411,28181.3137307,8,693292.064639,16537.3411479,44718.6548786,0.586819383436,0
165,1061.51953125,270.083044971,72944.851181,0.254430594087,2617,323,93480.3534182,8,2275526.86576,13268.6002679,106748.953686,0.141939988273,0
166,1041.84375,275.155692788,75710.6552734,0.2641045673,1705,323,105829.468672,5,2415592.15971,23282.1265458,129111.595217,0.219996630788,0
167,1051.16015625,232.457358603,54036.4235687,0.221143616623,1656,392,89063.8619101,8,2410233.28003,6479.58914213,95543.4510522,0.0727521690971,0
168,1056.015625,223.089527446,49768.9372559,0.211255896375,1931,480,69819.5275701,9,2346981.30711,11597.3044476,81416.8320177,0.166104023491,0
169,1050.203125,221.758379893,49176.7790527,0.211157608099,1931,519,71065.0188978,9,2327564.21194,12317.4038655,83382.4227633,0.173325836769,0
170,1050.828125,218.087518605,47562.1657715,0.207538714864,1696,490,75451.4000363,6,2086984.95996,8151.98080073,83603.380837,0.10804280367,0
171,1032.71875,243.912892286,59493.4990234,0.236185207527,1696,323,61766.7278346,9,1243459.38215,25926.9419272,87693.6697618,0.419755794684,0
172,1011.58203125,246.513392427,60768.8526459,0.243690956157,1911,49,29237.2475871,15,654064.706774,39579.0185799,68816.266167,1.35371903467,0
173,1010.3671875,269.349444005,72549.1229858,0.266585700068,1911,-147,19432.7574804,18,515705.387026,47337.6272594,66770.3847398,2.43597067,0
174,1009.765625,223.50403675,49954.0544434,0.221342489005,1823,-147,18375.1998663,18,623694.968454,33067.0972953,51442.2971616,1.79955034698,0
175,1012.32421875,160.553827737,25777.531601,0.158599216302,2676,470,5016.40748127,12,211883.711813,11458.0630988,16474.47058,2.28411729739,0
176,1014.8359375,143.105472322,20479.1762085,0.14101340624,2676,470,4178.12533591,5,63380.2876038,5618.93507134,9797.06040725,1.34484598225,0
177,1015.890625,123.485401109,15248.6442871,0.121553834705,2245,411,2850.65424275,6,35769.039676,2286.07717122,5136.73141397,0.801948246451,0
178,1023.84375,148.946295769,22184.9990234,0.145477565077,2245,411,918.891255314,12,85261.9618394,5816.420885,6735.31214031,6.32982504879,1
179,1028.53125,98.3435017474,9671.44433594,0.0956154727894,1725,558,743.182519073,17,41830.284183,4249.96899944,4993.15151852,5.71860732777,1
180,1028.76953125,49.0452359094,2405.43516541,0.0476736863015,1382,843,765.781455301,10,18516.6561872,1369.39856832,2135.18002362,1.78823678588,0
181,1026.1484375,60.5298337914,3663.86077881,0.0589874053103,1382,803,889.517168866,9,22679.5673584,2688.97014615,3578.48731502,3.02295474474,0
182,1024.8515625,44.4030879141,1971.63421631,0.0433263601665,1274,803,328.948695575,12,14148.4240213,1691.48492887,2020.43362445,5.14209343774,0
183,1027.34375,20.5357681482,421.717773438,0.0199891887679,1107,843,68.5021605902,16,2877.16582913,306.050228407,374.552388997,4.46774562686,0
184,1030.5859375,11.2190737027,125.867614746,0.0108861117685,1058,960,39.2416319034,3,754.773478292,39.6484390262,78.8900709296,1.01036672287,0
185,1033.5390625,107.557971458,11568.7172241,0.104067640363,1617,490,4895.46657088,11,140746.051864,9428.35507372,14323.8216446,1.92593595262,0
186,1049.71875,312.554493686,97690.3115234,0.29775070102,3823,-176,49702.800296,11,1552011.26881,51295.2359802,100998.036276,1.03203915423,0
187,1065.76171875,325.146952743,105720.540878,0.30508409809,3823,-176,75761.1108405,11,1605804.81608,41218.802932,116979.913772,0.544062811048,0
188,1066.18359375,234.926437714,55190.4311371,0.220343324631,1862,362,86957.4184582,5,1986822.68697,10825.6994136,97783.1178718,0.124494259439,0
189,1061.78515625,241.126807792,58142.1374359,0.22709566655,1862,362,90085.4851983,5,1810446.94988,13203.9910561,103289.476254,0.146571792637,0
190,1069.9765625,279.765819058,78268.9135132,0.26146910957,1696,352,126995.485402,5,2271217.77941,15557.4006221,142552.886024,0.122503572255,0
191,1065.1640625,267.862569046,71750.355896,0.251475409729,1696,352,120091.993911,5,2178816.39284,12327.7413716,132419.735283,0.102652483068,0
192,1038.4921875,176.106346426,31013.4452515,0.169578884218,1617,441,35519.5044817,7,567177.970719,15900.2015465,51419.7060282,0.447647054161,0
193,1032.0390625,129.159173984,16682.0922241,0.12514950129,1617,529,11400.5592399,8,214277.080503,13311.4952879,24712.0545278,1.16761774645,0
194,1046.859375,174.993202295,30622.6208496,0.167160180703,1931,382,31068.8191828,8,649540.604742,18481.0906192,49549.9098019,0.594843676243,0
195,1066.09375,235.577894413,55496.9443359,0.220972962662,1931,372,71506.5630196,8,1921835.82033,21545.6826728,93052.2456924,0.301310561758,0
196,1054.0234375,238.443699619,56855.3978882,0.22622238855,1784,372,90402.3189485,8,1892596.44225,8820.05957876,99222.3785272,0.0975645280049,0
197,1022.515625,173.00993398,29932.4372559,0.169200283839,1676,460,45056.6840064,9,714883.988497,6229.787472,51286.4714784,0.138265556141,0
198,1013.625,56.8744505468,3234.703125,0.0561099524447,1568,803,2691.40000731,8,31491.2301639,983.088146185,3674.4881535,0.365270172963,0
199,1005.08203125,74.7636713393,5589.60655212,0.0743856411862,1568,803,3975.82565277,10,77377.2290365,2322.03595057,6297.86160334,0.584038676082,0
200,1003.82421875,51.7833938845,2681.5198822,0.0515861172876,1558,843,1253.65049636,10,24134.6852938,1528.25871117,2781.90920753,1.21904686801,0
201,1017.40234375,18.3885535254,338.138900757,0.0180740231614,1088,960,186.347174753,0,2706.02108993,228.808586392,415.155761144,1.22786184816,0
202,1022.2109375,9.34842261406,87.3930053711,0.00914529699411,1049,990,15.9706733239,30,361.068153792,33.0405187929,49.0111921168,2.06882440851,0
203,1022.08203125,9.2696744616,85.926864624,0.00906940360771,1049,990,15.2551612924,29,324.639058135,25.1536496758,40.4088109682,1.64886160124,0
204,1021.26171875,9.52370907503,90.7010345459,0.00932543431344,1049,990,11.8851521787,26,494.54919464,20.2331917944,32.1183439731,1.70239232028,0
205,1025.53125,11.5355682971,133.069335938,0.0112483830182,1058,1000,65.7202972205,0,2542.10109168,44.3881909253,110.108488146,0.675410684409,0
206,1025.66796875,21.9575920583,482.135848999,0.0214080898764,1117,911,388.570024848,0,9533.86744947,209.938051857,598.508076705,0.540283702891,0
207,1024.91796875,184.33079213,33977.8409271,0.179849312579,3676,352,1586.15343114,22,57347.4048682,9107.52734454,10693.6807757,5.74189556051,0
208,1042.57421875,231.386316156,53539.6273041,0.221937500462,3676,352,24749.4030361,11,448872.993567,17424.4650293,42173.8680654,0.704035770233,0
209,1058.6015625,180.191406038,32468.9428101,0.170216455767,1627,578,46462.4864403,7,842359.456132,9949.05681885,56411.5432592,0.214130959858,0
210,1049.6171875,201.61911496,40650.2675171,0.192088236893,1539,470,61946.6635381,5,1296164.84796,10195.3785273,72142.0420654,0.164583174379,0
211,1042.44921875,225.831184702,50999.7239838,0.216635190127,1539,441,76642.2340664,5,2178672.14476,14362.343508,91004.5775744,0.187394635386,0
212,1058.6953125,213.299307701,45496.5946655,0.201473743373,1696,441,64579.5296293,9,1263842.07134,13945.7643127,78525.293942,0.2159471336,0
213,1061.69921875,267.448738078,71528.8274994,0.25190631523,2107,411,92340.2461391,6,1676694.73489,23480.1739658,115820.420105,0.254278875653,0
214,1055.30078125,299.223225096,89534.5384369,0.283543071712,2107,362,128790.397056,6,3891809.51952,23663.0401264,152453.437183,0.183732954221,0
215,1064.83203125,252.139236222,63574.1944427,0.236787802041,1823,362,95278.8636527,6,2198777.97668,16223.2846235,111502.148276,0.170271600663,0
216,1060.12109375,247.76853524,61389.2470551,0.23371720146,1823,372,74888.5177949,9,1351404.77615,21446.8279839,96335.3457787,0.28638339515,0
217,1036.6484375,195.48295921,38213.5873413,0.18857208687,1794,372,43786.2163966,10,704370.106384,19188.7074414,62974.923838,0.438236253793,0
218,1024.0,11.2798215855,127.234375,0.0110154507671,1068,1000,48.0624711791,15,559.330069462,40.343827031,88.4062982101,0.839403926624,0
219,1023.9140625,11.1922317813,125.266052246,0.0109308312008,1068,1000,49.5317471694,8,1030.10080477,35.9975174975,85.5292646669,0.726756465392,0
220,1028.11328125,10.2929198291,105.944198608,0.0100114647061,1049,1000,35.7662378384,0,2457.01033778,31.3537591603,67.1199969987,0.876630058267,0
221,1029.5625,10.8837967295,118.45703125,0.0105712831708,1058,990,35.4433648296,0,1479.31154991,44.8738147622,80.3171795918,1.26607095511,0
222,1023.61328125,13.0406088761,170.057479858,0.0127397808478,1058,990,103.465937966,1,1950.5137316,59.5953282071,163.061266173,0.575989831808,0
223,1021.22265625,14.2179338493,202.149642944,0.0139224622195,1058,990,137.497477403,0,7325.28515923,70.7440913191,208.241568722,0.514511921638,0
224,1026.234375,13.9196827679,193.757568359,0.0135638438031,1058,990,152.944015495,1,3510.50061861,85.61851052,238.562526015,0.559802946477,0
225,1031.22265625,10.0113819198,100.227767944,0.00970826412621,1058,1000,27.7513281466,29,775.600037951,41.9678205559,69.7191487025,1.51228151439,0
226,1033.09765625,8.82613276055,77.9006195068,0.00854336732559,1058,1009,18.6601215387,6,362.348431072,21.8974400496,40.5575615883,1.173488608,0
227,1036.5390625,114.080625433,13014.3890991,0.110059166663,1754,578,14251.9689442,6,182441.529236,5865.11470119,20117.0836454,0.41153013483,0
228,1056.03125,212.464057162,45140.9755859,0.20119107002,1754,382,58298.5810692,5,1326967.30682,18009.1879804,76307.7690496,0.308912972668,0
229,1069.4765625,247.152216661,61084.2182007,0.231096431028,1607,382,99268.3312963,5,2635298.4579,9999.44802584,109267.779322,0.100731501127,0
230,1066.640625,201.226269345,40492.0114746,0.188654233327,1607,431,57025.6377692,8,1261208.25341,12071.4642002,69097.1019694,0.211684860923,0
231,1063.02734375,215.859426991,46595.2922211,0.203061029672,2000,421,59374.8490747,8,1209643.96211,15145.6451549,74520.4942296,0.255085198379,0
232,1060.57421875,269.36920375,72559.7679291,0.25398430302,2000,284,101292.779158,5,2868736.18448,16433.1761762,117725.955334,0.162234428878,0
233,1065.5390625,287.094684467,82423.3578491,0.269436095372,2215,284,119160.790329,5,1933578.47258,13300.820287,132461.610615,0.111620779371,0
234,1059.22265625,281.767248727,79392.7824554,0.266013238166,2215,245,96159.7902969,9,2554923.36957,29519.6823965,125679.472693,0.306985719346,0
235,1041.26171875,258.702935521,66927.208847,0.248451403583,2362,245,37897.4378228,8,863830.949092,38190.8208999,76088.2587227,1.00774150164,0
236,1023.875,181.516033211,32948.0703125,0.177283392221,2362,313,3855.57230301,29,142812.21911,18229.469122,22085.041425,4.72808384575,0
237,1023.40625,26.7216372709,714.045898438,0.026110488646,1117,921,422.62681825,0,9981.57592555,562.92873117,985.55554942,1.33197588714,0
238,1033.17578125,22.4710829668,504.949569702,0.0217495254676,1117,921,258.211084536,25,2959.57345275,441.803088942,700.014173479,1.71101519416,0
239,1034.1484375,9.57624815931,91.7045288086,0.00926003251763,1068,1009,17.2077957814,24,678.17225546,35.6803245839,52.8881203653,2.07349767728,0
240,1031.61328125,9.1200146578,83.1746673584,0.00884053629742,1058,1009,20.5991042781,0,672.086347936,30.5746598916,51.1737641698,1.48427132941,0
241,1029.234375,9.20002069886,84.6403808594,0.00893870329472,1058,1000,13.7905186737,11,267.057173472,16.9161982614,30.7067169351,1.22665424424,0
242,1029.421875,10.0425729514,100.853271484,0.00975554648225,1058,1000,13.3346827494,27,304.427656718,21.792532811,35.1272155604,1.63427456209,0
243,1030.203125,10.8569241839,117.872802734,0.0105386247822,1058,1000,38.9317162379,8,574.583368946,30.5436674537,69.4753836916,0.784544592565,0
244,1026.75,11.424343526,130.515625,0.0111267041889,1058,990,52.4565674693,0,1857.98206481,43.5823547047,96.038922174,0.830827421756,0
245,1024.296875,10.4443161688,109.083740234,0.0101965713493,1068,990,24.1320132035,0,476.250248473,37.5632763091,61.6952895126,1.5565744968,0
246,1025.92578125,10.2632516936,105.334335327,0.0100038929533,1068,1000,29.4655886811,1,626.318395086,29.3178583662,58.7834470473,0.99498634436,0
247,1025.73046875,9.91534526153,98.3140716553,0.00966661863288,1058,1000,17.3665856414,1,419.228318911,31.7643112673,49.1308969087,1.82904757004,0
248,1023.98046875,9.81009173149,96.2378997803,0.00958035043722,1058,1000,17.1764324097,11,385.7800663,31.0376413124,48.214073722,1.80698998326,0
249,1023.3203125,9.18297813361,84.3270874023,0.00897370844831,1049,1000,15.4643893223,27,217.380819625,28.1292442411,43.5936335634,1.81896896507,0
250,1024.09375,9.05748783811,82.0380859375,0.00884439323852,1049,1000,12.1661766723,9,437.418813468,18.9347242956,31.1009009679,1.55634138855,0
251,1024.3671875,9.17909572561,84.2557983398,0.00896074751087,1049,1000,7.55272277913,12,383.73865115,27.0568783442,34.6096011234,3.58240056407,0
252,1024.9921875,9.59165986495,91.9999389648,0.00935778826602,1049,1000,18.4328670642,14,382.374374446,26.4867532144,44.9196202786,1.43693073477,0
253,1024.359375,9.32673775279,86.9880371094,0.00910494693602,1049,1000,25.516824996,0,308.374448877,20.0297402446,45.5465652406,0.78496208865,0
254,1023.5,8.57822461235,73.5859375,0.0083812648875,1049,1000,14.4828927857,6,224.433378061,19.7243576059,34.2072503917,1.36190731353,0
255,1023.65625,8.63128167988,74.4990234375,0.00843181652032,1049,1000,10.2400348355,19,356.384328232,24.8098629026,35.049897738,2.42282993185,0
256,1022.015625,11.6568678623,135.882568359,0.0114057628643,1058,980,50.9587751801,5,764.623322426,53.4129342546,104.371709435,1.04815969508,0
257,1021.0859375,11.6796613712,136.414489746,0.0114384704972,1058,980,47.1449827106,31,686.812093804,50.7348051863,97.8797878969,1.0761443163,0
258,1021.18359375,9.12336695442,83.235824585,0.00893411038941,1039,990,11.6828399482,29,388.246619573,25.3854192902,37.0682592384,2.17288085796,0
259,1021.89453125,9.50044249458,90.2584075928,0.00929689141496,1049,990,20.2782709058,29,422.199335584,25.2540254093,45.532296315,1.24537370699,0
260,1022.99609375,11.8300128272,139.949203491,0.0115640840659,1058,970,88.1259309502,6,1192.42076371,24.7508159958,112.876746946,0.280857356387,0
261,1022.2578125,19.2630824432,371.066345215,0.0188436637096,1078,970,166.383703471,17,4893.92485855,350.27594176,516.659645231,2.10522986598,0
262,1016.44921875,21.7573029984,473.380233765,0.0214052041136,1078,960,248.979134048,0,11575.4937464,354.747723438,603.726857486,1.42480904994,0
263,1008.8671875,15.2404535149,232.27142334,0.0151065013351,1049,960,177.995429862,1,5434.36956204,32.7041462156,210.699576077,0.183735875921,0
264,1007.18359375,9.53004522995,90.821762085,0.00946207353763,1039,980,12.8226553608,12,345.555018473,23.0802027504,35.9028581112,1.7999550094,0
265,1009.8125,9.6943524152,93.98046875,0.00960015093415,1049,990,13.7415192608,18,379.205948496,23.212922435,36.9544416957,1.68925444083,0
266,1012.171875,9.73806109985,94.8298339844,0.00962095602572,1049,990,7.59267037808,16,224.015255776,29.2918621469,36.884532525,3.85791305144,0
267,1011.375,9.4360512133,89.0390625,0.00932992333536,1039,980,13.6257458499,0,311.910508273,28.8045964641,42.430342314,2.11398310092,0
268,1010.10546875,10.0642763075,101.289657593,0.00996358956447,1039,970,21.7423146183,7,497.679606735,27.3386256172,49.0809402355,1.25739260503,0
269,1010.38671875,10.0141920472,100.284042358,0.00991124671512,1039,970,19.8235170648,7,649.13324799,27.1344575828,46.9579746477,1.36880138343,0
270,1010.8203125,8.79624706351,77.3739624023,0.0087020877546,1039,990,22.0015269071,7,418.36886875,17.0716720927,39.0731989998,0.775931241717,0
271,1011.06640625,8.8246527671,77.87449646,0.00872806446001,1029,990,25.0608798433,28,476.544706709,33.7541479483,58.8150277917,1.34688598961,0
272,1009.69921875,36.8991361605,1361.54624939,0.0365446813024,1331,535,256.409554633,27,3618.73790033,424.58412062,680.993675254,1.65588260246,0
273,1010.1484375,48.126962597,2316.20452881,0.0476434559618,1331,514,463.734156704,2,6059.74047114,665.354350062,1129.08850677,1.43477537818,0
274,1013.5078125,32.3308086655,1045.28118896,0.0318999106536,1029,514,249.232031749,2,3666.72382046,283.801997289,533.034029038,1.13870594922,0
275,1012.75,8.91145681132,79.4140625,0.00879926616768,1029,980,58.0563407669,0,1321.62553048,43.8519933636,101.908334131,0.755335124197,0
276,1009.74609375,6.71358699699,45.0722503662,0.00664878729272,1029,980,23.6362147002,13,342.86380178,35.9224788665,59.5586935667,1.51980675934,0
277,1006.68359375,7.10781125488,50.520980835,0.00706062093294,1029,990,45.5525062973,0,1909.63869782,21.8374969175,67.3900032148,0.479391776491,0
278,1012.6015625,50.0774150447,2507.74749756,0.0494542146677,1331,990,2658.38708534,2,24975.7138529,1568.65622672,4227.04331206,0.590078185141,0
279,1018.47265625,49.5166405345,2451.89768982,0.0486185271942,1331,990,2628.11651458,2,26402.8211156,1579.97517517,4208.09168976,0.601181555842,0
280,1140.875,815.090044872,664371.78125,0.71444290117,6402,1000,639949.377981,1,4204219.45849,469261.052052,1109210.43003,0.733278393882,0
281,1138.12109375,815.507638218,665052.707993,0.716538549981,6402,1000,642279.639027,1,4126143.27237,468027.957763,1110307.59679,0.728698107996,0
282,1010.375,8.04479645485,64.71875,0.00796218874661,1029,990,58.2078673046,12,1490.51481604,43.3396618925,101.547529197,0.744567081727,0
283,1010.359375,6.96950318239,48.5739746094,0.00689804376031,1029,990,47.6938520994,5,882.771497293,32.9617514918,80.6556035913,0.691111118958,0
284,1009.6640625,2.48990883289,6.19964599609,0.00246607651531,1019,1009,10.152382731,0,111.267909913,0.676907822,10.829290553,0.0666747737882,0
285,0.0,0.0,0.0,0.0,0,0,0.0,0,0.0,0.0,0.0,0.0,0
286,0.0,0.0,0.0,0.0,0,0,0.0,0,0.0,0.0,0.0,0.0,0
287,1009.15625,2.86666590964,8.2177734375,0.00284065615175,1019,1000,10.1667050802,3,116.518199713,4.02486475076,14.191569831,0.39588684033,0
288,1173.69140625,1835.5027992,3369070.52586,1.56387172082,25349,510,937591.841041,0,6605718.64962,314653.368124,1252245.20916,0.335597382945,0
289,1185.48828125,1837.74649703,3377312.18736,1.55020216235,25349,509,938589.663714,6,6578839.03369,312447.326317,1251036.99003,0.33289022711,0
290,1045.9765625,170.54336256,29085.0385132,0.163047021008,1784,441,32890.3765436,10,474513.732611,14415.7565028,47306.1330464,0.438297095314,0
291,1047.5546875,181.683912013,33009.0438843,0.17343620737,1490,441,48251.168719,8,1053827.78275,8854.83073887,57105.9994579,0.183515362922,0
292,1035.265625,159.783226414,25530.6794434,0.154340318616,1450,509,37330.2212312,8,1035184.18712,5507.76749055,42837.9887217,0.147541785419,0
293,1027.68359375,98.3704210158,9676.73973083,0.0957205326757,1450,578,13965.0684515,7,157837.354868,2044.49850666,16009.5669581,0.146400894043,0
294,1022.234375,10.2716877074,105.507568359,0.0100482706889,1049,1000,27.8960379426,0,964.939170202,42.2658597324,70.1618976751,1.51512052784,0
295,1023.13671875,50.4624789,2546.46177673,0.0493213448166,1470,852,2110.15092965,10,21823.967818,1003.44429731,3113.59522695,0.475532002574,0
296,1019.5,167.233019504,27966.8828125,0.164034349685,2254,411,20257.881259,6,385528.058977,17419.3236122,37677.2048712,0.859878848605,0
297,1036.7109375,210.191807953,44180.5961304,0.202748712635,2254,411,41262.4462275,6,794104.731333,21055.5886143,62318.0348418,0.510284545375,0
298,1048.76953125,231.716736778,53692.6461029,0.220941522301,2019,450,73418.1874019,8,1322488.52661,10631.1619134,84049.3493154,0.144802838229,0
299,1046.98046875,265.445593107,70461.3628998,0.253534426887,1764,352,101904.838431,5,2686812.62155,19896.9254905,121801.763922,0.195250056786,0
300,1064.3203125,251.213101569,63108.0223999,0.236031482833,1705,352,97302.9004432,8,2764062.85446,12879.2285905,110182.129034,0.132362226941,0
301,1057.44140625,250.389767421,62695.0356293,0.236788313699,1705,401,83814.3486028,5,2178084.74381,22270.8681253,106085.216728,0.265716652298,0
302,1045.765625,250.61815715,62809.4606934,0.239650406515,2284,-137,60959.8984549,6,1076170.22006,20015.083647,80974.9821019,0.32833197158,0
303,1049.37109375,229.914299133,52860.5849457,0.219097229285,2284,-137,36777.7668462,9,603005.14846,20435.9623256,57213.7291719,0.555660772202,0
304,1045.5234375,202.082457831,40837.3197632,0.193283527258,1637,470,50592.8988429,5,1232338.85715,14432.9230971,65025.82194,0.285275669653,0
305,1028.2734375,158.347852589,25074.0424194,0.15399391525,1754,490,26464.0850975,6,483309.76084,9906.94137568,36371.0264732,0.374354198876,0
306,1023.21484375,105.250615786,11077.6921234,0.102862674862,1754,549,2090.75729485,20,90071.416937,8283.96724437,10374.7245392,3.9621850249,0
307,1018.08984375,69.018592762,4763.56614685,0.0677922417022,1539,647,3447.05016394,9,47211.7905501,3129.38822787,6576.43839181,0.90784528192,0
308,1013.9140625,47.8860182073,2293.07073975,0.0472288727204,1107,647,2514.39822593,4,19018.3612557,1382.4839456,3896.88217153,0.549826965092,0
309,1025.58203125,10.1385475229,102.790145874,0.00988565245292,1049,1000,14.018136184,16,577.023372423,31.0909102268,45.1090464108,2.21790613379,0
310,1025.2265625,10.1970544489,103.979919434,0.00994614734135,1049,1000,12.7546177894,30,397.301213776,27.4130563623,40.1676741517,2.14926521633,0
311,1024.484375,9.75158991444,95.0935058594,0.00951853454518,1049,1000,19.0791264341,6,339.853841468,17.3016568104,36.3807832444,0.906836949278,0
312,1023.71875,9.51720276329,90.5771484375,0.00929669673754,1049,1000,18.5385924101,6,270.778332261,15.7729567821,34.3115491921,0.850817388568,0
313,1023.28515625,9.33871804174,87.2116546631,0.00912621275184,1049,1000,8.69193906316,23,336.97336171,33.0232986577,41.7152377208,3.79930167684,0
314,1024.515625,9.40286224292,88.4138183594,0.0091778612385,1049,1000,17.2080703141,23,310.997278639,36.0726951686,53.2807654828,2.096266142,0
315,1025.125,12.6098299949,159.0078125,0.0123007730715,1058,970,97.9050879152,11,1195.22342181,67.8499961138,165.755084029,0.69301808066,0
316,1022.94921875,55.0296205694,3028.25914001,0.0537950658359,1529,813,2540.50120394,9,26453.3691549,576.341357636,3116.84256158,0.22686128105,0
317,1045.64453125,142.906501508,20422.2681732,0.136668339227,1539,529,27986.333183,8,377937.018827,5642.69614268,33629.0293257,0.201623274681,0
318,1072.8671875,237.885406732,56589.4667358,0.221728662693,1666,313,87600.4219131,5,1720844.83649,14891.9752456,102492.397159,0.16999889864,0
319,1077.4453125,278.309778748,77456.3329468,0.258305248089,1764,313,108227.527684,5,2386436.39355,24840.8447852,133068.372469,0.229524274617,0
320,1051.6015625,216.436618892,46844.8099976,0.205816182298,1764,362,76630.7306964,6,1598595.95026,10569.8234876,87200.554184,0.137931915715,0
321,1040.30859375,174.051566321,30293.9477386,0.167307630992,1852,431,36052.9593282,11,593720.318808,11455.4110304,47508.3703586,0.317738439337,0
322,1049.9921875,220.5685833,48650.499939,0.210066880426,1852,431,71332.0101993,5,1138040.89688,12455.7451351,83787.7553344,0.17461648845,0
323,1064.91015625,234.632016857,55052.1833344,0.220330340057,2078,441,78693.0656796,5,1498417.27551,12762.221778,91455.2874576,0.162177209234,0
324,1073.1640625,214.929358938,46194.6293335,0.20027632908,2078,411,57365.9023878,7,948066.848604,16140.7673421,73506.6697299,0.281365178098,0
325,1041.16796875,201.844655008,40741.2647552,0.193863681045,1715,411,60698.7481778,7,1575404.53141,10338.838913,71037.5870909,0.17033034821,0
326,1048.05859375,198.145879431,39261.7895355,0.189059925287,1539,441,60813.7653371,4,1447267.50874,9401.39537836,70215.1607155,0.154593213005,0
327,1055.23828125,173.284453474,30027.5018158,0.164213577685,1647,441,42702.4409821,7,907356.783448,8336.85941059,51039.3003927,0.195231448574,0
328,1037.22265625,143.250249626,20520.6340179,0.138109449078,1647,568,30166.1181876,7,601416.180503,4419.16820947,34585.2863971,0.146494427357,0
329,1032.578125,94.0577124508,8846.85327148,0.0910901656481,1392,656,13875.8703111,6,224825.206945,1788.51589901,15664.3862101,0.128893961886,0
330,1046.59765625,136.060527067,18512.4670258,0.130002705676,1656,568,26733.7611872,8,447235.469401,5580.19154999,32313.9527372,0.208732004109,0
331,1063.74609375,235.6669765,55538.9238129,0.221544387223,1696,392,83622.8887723,8,2362888.98333,10874.7126255,94497.6013978,0.13004468974,0
332,1067.1484375,246.80421738,60912.3217163,0.231274496318,1774,392,87301.8778803,8,2132191.54115,15782.438958,103084.316838,0.180780062711,0
333,1076.34765625,247.827262002,61418.3517914,0.230248340825,1931,343,88219.79016,8,2336571.52888,16461.9314064,104681.721566,0.186601343945,0
334,1069.140625,254.013786362,64523.0036621,0.237586880923,1931,343,90269.2471175,8,1828884.73796,21256.1990704,111525.446188,0.235475532911,0
335,1070.3671875,254.114374197,64574.1151733,0.23740859881,1872,441,97850.8676517,8,2716476.3051,11476.9416876,109327.809339,0.117290137155,0
336,1076.0390625,250.726799847,62863.9281616,0.233009012949,1921,421,92877.2077055,8,2425912.7762,12997.1797925,105874.387498,0.139939390014,0
337,1066.33984375,238.443630603,56855.364975,0.223609416829,1921,421,90832.8699482,5,1996958.70481,9945.45601994,100778.325968,0.109491817506,0
338,1063.765625,230.14716706,52967.7185059,0.21635138573,1754,382,90378.2059247,5,1632408.86424,8422.30625826,98800.5121829,0.0931895712256,0
339,1048.5078125,219.766530809,48297.328064,0.209599326003,1754,382,80292.8739311,8,2336658.73565,5315.85876824,85608.7326993,0.0662058599722,0
340,1048.9140625,208.106325264,43308.2426147,0.198401692478,1519,450,74058.7696008,7,1326249.87372,5093.92230434,79152.6919051,0.0687821622179,0
341,1043.49609375,166.071050261,27579.5937347,0.15914870334,1460,480,44474.6949119,6,1055485.29808,6781.78578133,51256.4806932,0.152486392425,0
342,1024.734375,127.789651648,16330.1950684,0.124705147759,1490,480,22761.7125393,6,374837.001469,5373.05389948,28134.7664388,0.236056662705,0
343,1031.14453125,89.8358236143,8070.47520447,0.0871224361782,1931,745,2754.83787893,21,50297.6880767,4886.18821568,7641.02609462,1.7736754141,0
344,1055.18359375,136.23730404,18560.6030121,0.129112416879,1931,598,19017.6743167,8,386372.356943,6995.49731059,26013.1716273,0.367841892446,0
345,1068.890625,218.785826865,47867.2380371,0.204684952556,1588,421,71402.1102898,8,2008570.29932,9208.51056909,80610.6208589,0.128966924531,0
346,1054.515625,230.519335021,53139.1638184,0.218602104659,1588,392,80718.4040792,5,1275626.89859,12029.3930614,92747.7971406,0.149029124134,0
347,1040.421875,208.851925318,43619.126709,0.200737729892,1617,392,69838.8407586,7,1516981.58324,7262.95310878,77101.7938674,0.103995900131,0
348,1062.34375,213.902246128,45754.1708984,0.201349371263,1862,490,67032.744859,7,1414614.5321,10324.1866653,77356.9315243,0.154017065645,0
349,1065.13671875,183.973059921,33846.0867767,0.172722484055,1862,421,47681.7140369,5,704220.356902,9345.60707272,57027.3211097,0.195999813796,0
350,1044.25,195.053097739,38045.7109375,0.186787740233,1470,421,61699.1791914,7,1604225.93795,7179.60553645,68878.7847279,0.116364684758,0
351,1050.78515625,208.086569121,43300.0202484,0.198029604704,1705,480,73302.1184158,4,1164520.31764,6511.95880976,79814.0772255,0.0888372525993,0
352,1045.45703125,182.884350489,33446.6856537,0.174932441049,1705,480,50029.60189,7,775660.860213,7232.17881525,57261.7807052,0.144557992509,0
353,1041.77734375,191.34732316,36613.7980804,0.18367391488,1578,490,58073.5580036,7,1479938.01597,7726.27405128,65799.8320548,0.133042891066,0
354,1048.2421875,207.575428538,43087.5585327,0.198022395028,1519,490,73986.7240902,7,2397541.37155,5747.18368725,79733.9077774,0.0776785802848,0
355,1040.421875,180.243178155,32487.6032715,0.173240473395,1519,490,51789.8736731,7,928716.195658,6694.5003363,58484.3740094,0.129262727663,0
356,1024.9375,138.790661272,19262.8476562,0.13541378013,1852,529,26503.7331285,6,517628.457447,3291.71493871,29795.4480672,0.124198161925,0
357,1032.3828125,118.034397866,13932.1190796,0.114332005954,1852,647,10437.3552856,6,162264.492886,4275.91368143,14713.2689671,0.409674056733,0
358,1042.015625,141.04841724,19894.6560059,0.13536113457,1833,607,22313.5073812,5,361724.118627,4247.19479021,26560.7021714,0.190341873093,0
359,1050.1015625,189.21855501,35803.6615601,0.180190718467,1823,421,50586.3699586,5,1158985.07783,7959.09349064,58545.4634493,0.157336719301,0
360,1065.01171875,239.203879476,57218.4959564,0.224602110254,1823,274,89781.4506754,8,2373507.32172,11741.8679024,101523.318578,0.130782782124,0
361,1067.0234375,243.174752777,59133.9603882,0.227900104375,1745,274,87374.6528668,5,2092550.71977,14634.6146701,102009.267537,0.167492678825,0
362,1068.8203125,239.025378935,57133.1317749,0.223634764552,1745,421,85076.4825496,8,2515231.22282,9519.36735494,94595.8499045,0.111891877399,0
363,1069.4453125,240.540043723,57859.5126343,0.224920377799,1745,450,87804.3170274,5,2213335.04817,9504.67884953,97308.9958769,0.108248422985,0
364,1060.171875,234.472766588,54977.4782715,0.221164862149,1745,392,89117.6778892,5,2343367.19749,7409.93898849,96527.6168777,0.0831478014687,0
365,1054.81640625,224.952150911,50603.4701996,0.213261899965,1509,392,83525.7663294,5,1804588.85294,9471.12594714,92996.8922765,0.113391667785,0
366,1048.65625,216.146703563,46719.3974609,0.206117785082,1500,431,75281.5537899,7,1442207.89119,13400.1070674,88681.6608573,0.177999873712,0
367,1048.95703125,231.519003399,53601.0489349,0.220713524484,1578,431,94131.433915,5,2052072.82751,5807.55756616,99938.9914812,0.0616962615421,0
368,1059.51953125,218.885350112,47910.7964935,0.206589254521,1598,421,76475.531918,5,1564857.26644,9236.68432223,85712.2162403,0.120779602189,0
369,1044.39453125,197.685288404,39079.4732513,0.189282194122,1676,421,61666.65726,7,1566079.92297,8674.31709844,70340.9743585,0.140664623053,0
370,1035.02734375,157.573975789,24829.5578461,0.152241365159,1852,500,25562.306716,7,447976.963646,10360.2041151,35922.5108312,0.405292223046,0
371,1038.94140625,122.700380136,15055.3832855,0.118101347581,1852,637,10827.9803422,10,130502.820688,7962.73853552,18790.7188777,0.735385388952,0
372,1034.78515625,166.93740855,27868.0983734,0.161325669915,1421,470,43005.5528651,8,1106078.10627,5011.3877198,48016.9405849,0.116528852344,0
373,1068.90234375,230.566901207,53161.095932,0.215704364907,1882,460,81804.2591084,8,2195718.42955,7901.7809428,89706.0400512,0.0965937596517,0
374,1102.29296875,308.597159964,95232.2071381,0.279959292777,1980,313,134424.988523,5,2696105.66468,28719.2314296,163144.219952,0.213645035385,0
375,1112.91015625,323.81573255,104856.628647,0.290963049202,2029,313,142237.915309,5,3122750.88261,35500.5826932,177738.498002,0.249585932247,0
376,1098.6484375,312.753362038,97814.6654663,0.284671011548,2029,235,139779.158033,9,3204367.03907,23565.1984607,163344.356494,0.168588785283,0
377,1068.828125,342.699852946,117443.189209,0.320631395198,2117,235,156413.942919,9,3173808.62752,38903.6204994,195317.563418,0.248722203235,0
378,1088.20703125,324.778073431,105480.796982,0.29845246732,2117,294,150396.878973,9,2396464.05843,30103.7173938,180500.596367,0.200161849098,0
379,1105.15625,316.173259896,99965.5302734,0.286089193176,1970,284,143978.482523,5,2747764.23835,21367.7290469,165346.21157,0.148409183598,0
380,1083.1796875,297.103555011,88270.5223999,0.274288336865,1862,284,143092.124593,5,2522294.25957,12771.368871,155863.493464,0.0892527726968,0
381,1045.375,202.810506539,41132.1015625,0.194007419862,1696,382,68547.7398349,7,1375458.69834,7094.78556368,75642.5253986,0.103501378467,0
382,1033.2890625,172.158931493,29638.6976929,0.166612555713,1705,500,39395.7996242,6,659144.066739,7499.22726644,46895.0268907,0.190356010996,0
383,1049.72265625,205.650732704,42292.2238617,0.195909587623,1705,470,62329.4031144,8,1653277.58862,7891.10498723,70220.5081016,0.126603249717,0
384,1072.046875,272.552714493,74284.9821777,0.254235818274,2029,333,108064.330421,8,3356038.54338,14161.5483823,122225.878803,0.131047389339,0
385,1090.1796875,291.555444277,85004.5770874,0.267437971575,2029,333,121853.718491,8,3548588.03178,19218.513427,141072.231918,0.157717906889,0
386,1091.98046875,305.061846332,93062.7300873,0.279365661806,1882,352,130164.540343,9,2927284.73674,27584.7919826,157749.332326,0.211922478348,0
387,1092.85546875,342.869051012,117559.186142,0.313736867149,1882,333,180737.111472,9,5157198.34617,32317.923438,213055.03491,0.178811773492,0
388,1086.99609375,316.783770127,100351.957016,0.291430458627,2078,333,147174.279218,9,2854570.02888,25647.5894326,172821.868651,0.174266791513,0
389,1086.25390625,309.233051375,95625.0800629,0.284678425179,2078,352,138133.130369,5,3494880.83586,19069.6959424,157202.826311,0.138053020962,0
390,1053.95703125,247.834326965,61421.8536224,0.235146518897,1813,352,97627.7987106,8,2379566.38128,8709.62351404,106337.422225,0.0892125360714,0
391,1018.625,88.928517642,7908.28125,0.0873025084226,1264,568,11950.1068633,7,112699.994611,1950.99847587,13901.1053392,0.163262010807,0
392,1021.33203125,9.83154547866,96.659286499,0.00962619909867,1049,1000,17.426974891,29,447.707269493,24.3010611397,41.7280360307,1.39445091828,0
393,1023.71875,9.18298145689,84.3271484375,0.00897021907324,1049,1000,16.5006947646,9,331.466170096,19.3742693925,35.8749641571,1.17414870519,0
394,1021.2890625,13.319483112,177.408630371,0.0130418346784,1049,941,118.256068003,0,1263.90875522,58.0519125627,176.307980565,0.490900074248,0
395,1017.4140625,12.9304191636,167.195739746,0.0127091020659,1049,941,113.611153824,10,1283.13647079,56.4000762479,170.011230072,0.496430802344,0
396,1018.30859375,9.61578720893,92.4633636475,0.00944290097123,1049,1000,20.6697275868,0,457.311383858,37.8225900519,58.4923176387,1.82985430713,0
397,1019.29296875,10.0725934129,101.457138062,0.00988194142578,1039,990,21.8063282225,9,412.961469035,40.2293470952,62.0356753176,1.84484736196,0
398,1020.22265625,10.0565410527,101.134017944,0.00985720224019,1049,990,18.7436505384,2,329.751665693,35.7136128801,54.4572634185,1.90537125129,0
399,1022.859375,10.7665093976,115.917724609,0.0105258940386,1049,1000,22.1261242433,16,717.707319171,42.4566903731,64.5828146164,1.91884895457,0
400,1023.4296875,15.7919498844,249.385681152,0.0154304199666,1078,941,91.3299763642,10,2229.45339749,209.812696249,301.142672613,2.29730373971,0
401,1022.29296875,23.4308346642,549.004013062,0.0229198824412,1078,901,255.389294959,15,5185.56961989,584.508220928,839.897515887,2.28869507244,0
402,1021.9140625,20.5099165587,420.656677246,0.0200700991515,1078,901,235.520778167,10,3173.14535856,381.927597501,617.448375668,1.62163016136,0
403,1020.671875,10.0608378868,101.220458984,0.00985707369158,1049,990,9.76237412104,16,485.152799891,40.9547824163,50.7171565374,4.19516624835,0
404,1020.56640625,12.5761541303,158.15965271,0.0123227200634,1088,990,70.9415897356,1,724.983478435,47.9954836694,118.937073405,0.676549311176,0
405,1020.8984375,19.7160863271,388.724060059,0.0193124855548,1088,911,245.192733951,12,3353.46729378,278.820461428,524.013195379,1.1371481403,0
406,1028.60546875,45.0049976541,2025.44981384,0.0437534108279,1245,911,3246.31796712,5,33514.0865027,327.03512322,3573.35309034,0.100740323817,0
407,1042.69921875,171.320398849,29350.6790619,0.164304715846,1558,470,49385.2373376,7,941986.980417,5097.28873749,54482.5260751,0.103214827189,0
408,1054.99609375,227.192365802,51616.3710785,0.215349011383,1921,460,83643.67145,7,1929971.67402,12108.6515523,95752.3230023,0.14476470655,0
409,1080.22265625,284.645532778,81023.0793304,0.263506353187,1921,323,122631.768307,8,3152799.07205,18673.1997844,141304.968092,0.152270492729,0
410,1062.79296875,263.041421014,69190.7891693,0.247500151722,1823,323,103438.880989,8,2462161.99828,16116.8445312,119555.72552,0.155810314044,0
411,1020.984375,132.617547174,17587.4138184,0.129891847927,1549,539,24941.845374,7,379183.56726,5162.44633558,30104.2917096,0.206979325634,0
412,1041.6953125,179.311075656,32152.461853,0.172133898948,1764,333,46314.4805016,7,1000974.53832,6947.78961159,53262.2701132,0.150013333548,0
413,1068.1796875,216.935543912,47061.0302124,0.203088999398,1764,333,68669.7810069,8,1077528.95954,10038.5818696,78708.3628765,0.146186309646,0
414,1057.9375,242.488844782,58800.8398438,0.229209045697,1735,431,93491.7787524,5,1840279.38342,11505.0688396,104996.847592,0.12305968496,0
415,1070.03125,249.807939898,62404.0068359,0.233458546092,1735,431,97133.2103626,8,2950776.06815,9339.12904335,106472.339406,0.0961476410436,0
416,1055.19140625,246.587804635,60805.5453949,0.233690118376,1627,382,97312.8917969,8,2918316.3376,8610.54451455,105923.436311,0.088483081281,0
417,1019.30859375,213.468643602,45568.8618011,0.209424942466,1990,382,62117.0812116,8,1319762.30427,8344.90290021,70461.9841118,0.134341516656,0
418,1043.4921875,147.775801263,21837.687439,0.141616586145,1990,529,25000.7518764,10,402864.702109,5430.02424191,30430.7761183,0.217194437542,0
419,1054.140625,214.156000907,45862.7927246,0.203156956319,1519,431,80656.6595585,7,1354714.13046,5060.03389938,85716.6934579,0.0627354756208,0
420,1042.6484375,239.556396343,57387.2670288,0.229757593957,1549,392,93432.9716803,5,1297573.91671,11764.0288719,105197.000552,0.125908752128,0
421,1038.9296875,210.773730262,44425.5653687,0.202875837314,2186,392,61456.182851,5,907467.021924,8577.29414865,70033.4769997,0.139567635846,0
422,1032.5625,165.231312767,27301.3867188,0.160020640656,2186,500,28207.4725172,6,409238.19683,6919.21675598,35126.6892732,0.245297296728,0
423,1035.390625,129.403603986,16745.2927246,0.124980467141,2431,754,2444.80456546,24,88170.5854734,7550.42509687,9995.22966232,3.0883552835,0
424,1033.10546875,199.18333413,39674.0005951,0.192800580536,2901,333,4950.14231919,23,184200.354935,17785.5611467,22735.7034658,3.59293935403,1
425,1042.28515625,253.314020348,64167.9929047,0.243037156222,2901,333,58766.1850064,8,1126022.22236,24861.7576587,83627.9426651,0.423062304554,1
426,1048.14453125,233.110452398,54340.483017,0.222402965858,1803,225,70184.5856233,8,1966583.52617,13148.9000253,83333.4856486,0.187347405538,1
427,1030.890625,162.309033674,26344.2224121,0.15744544546,1803,225,30769.3253649,5,492420.264778,3428.94083858,34198.2662035,0.111440234646,0
428,1000.70703125,114.335051551,13072.5040131,0.114254270211,1519,588,17569.9588393,7,235409.033957,2394.60964618,19964.5684854,0.136289997495,0
429,999.46875,67.4962889605,4555.74902344,0.0675321654234,1323,794,5719.70087969,0,113324.636103,1119.99967423,6839.70055393,0.195814378722,0
430,1027.62890625,39.8024293628,1584.23338318,0.0387322983235,1313,823,1138.72337415,13,13300.8976406,1069.40236653,2208.12574069,0.939123926675,0
431,1035.078125,52.1440476851,2719.00170898,0.0503769197954,1313,823,1151.35554633,12,23777.8342192,2610.33401547,3761.6895618,2.26718325523,0
432,1030.21875,54.345025862,2953.38183594,0.0527509578543,1313,813,1544.29355291,13,32570.6945612,2577.07172841,4121.36528132,1.66877063208,0
433,1022.2421875,111.840514664,12508.3007202,0.109407062271,1568,598,18090.6560257,7,363738.230224,2690.28856608,20780.9445918,0.148711498481,0
434,1041.453125,179.377890193,32176.4274902,0.172238083393,1568,470,54906.0965594,7,1240547.02157,4756.17900625,59662.2755656,0.0866238779349,0
435,1040.6015625,206.180929338,42510.5756226,0.198136286517,2431,137,43482.285111,7,741992.346133,13880.0776761,57362.3627872,0.319212241047,0
436,1041.17578125,204.064434235,41642.2933197,0.195994219141,2431,137,39135.0295121,8,702778.888676,11382.3216085,50517.3511206,0.290847400664,0
437,1052.27734375,282.397861158,79748.5519867,0.268368280316,2950,-49,74117.0756079,10,1463705.71225,36251.5639494,110368.639557,0.489112173572,0
438,1057.1640625,289.90124335,84042.730896,0.274225405151,2950,-49,70875.9657314,9,1980819.97524,40395.5603572,111271.526089,0.569947230212,0
439,1056.18359375,236.176793975,55779.4780121,0.223613390108,2352,284,38506.580767,11,1005410.36781,36951.581083,75458.1618501,0.959617300394,0
440,1050.62109375,251.140400894,63071.5009613,0.239039937793,2352,284,58573.0997452,7,1539882.34001,38246.5541126,96819.6538578,0.652971317532,0
441,1073.2578125,230.969956992,53347.1210327,0.215204542936,1725,450,80944.152569,8,2030941.58536,12658.0336109,93602.1861799,0.156379839792,0
442,1057.29296875,205.705123327,42314.5977631,0.194558300686,1735,450,58671.2836607,8,1192210.706,10474.3244953,69145.608156,0.178525572338,0
443,1024.75390625,160.212401694,25668.0136566,0.156342318597,1735,470,30585.0713203,8,778416.147756,8240.73883106,38825.8101514,0.269436639358,0
444,1044.03515625,213.588998974,45620.2604828,0.204580274616,1882,343,65693.662995,8,1500380.53031,9899.36006082,75593.0230558,0.150689725759,0
445,1086.8671875,283.313523633,80266.5526733,0.260669865547,1960,333,114161.466311,5,2391162.58032,23981.7348429,138143.201154,0.210068560065,0
446,1078.9453125,289.708509448,83931.0204468,0.268510837474,1960,333,128125.620625,5,2234584.41876,16876.112086,145001.732711,0.131715358753,0
447,1060.13671875,257.126353719,66113.9617767,0.242540748916,1754,411,94978.3448658,5,1776619.92131,16686.3704493,111664.715315,0.175686052151,0
448,1055.0078125,236.844753877,56095.437439,0.224495734601,1627,441,96313.6369829,5,2328146.99155,5720.6006967,102034.23768,0.0593955422711,0
449,1035.19921875,189.61456423,35953.6829681,0.183167221145,1549,441,51405.2878625,8,863009.870193,11211.497973,62616.7858355,0.218100091239,0
450,1023.34375,92.4899012646,8554.38183594,0.090380091015,1460,607,2991.57771796,13,84477.5104182,6424.6069459,9416.18466386,2.14756478073,0
451,1023.6953125,91.129463076,8304.57904053,0.0890201038955,1745,607,2265.7126122,28,31947.2237442,3140.53492926,5406.24754145,1.38611353989,0
452,1027.02734375,125.476323847,15744.3078461,0.122174277647,2147,431,4763.57815857,10,72818.0996613,5630.30410659,10393.8822652,1.18194850996,0
453,1026.8671875,159.107047843,25315.0526733,0.154944134723,2147,343,9389.42292488,11,198717.713037,8355.39883377,17744.8217586,0.889873520516,0
454,1039.46484375,167.305667161,27991.186264,0.160953656265,1921,343,29372.489173,9,504835.326618,9087.44871443,38459.9378874,0.309386401027,0
455,1044.6875,203.633296716,41466.5195312,0.194922689049,1558,460,67554.752955,7,749155.633664,7809.12201507,75363.8749701,0.115596929505,0
456,1055.48828125,219.10957915,48009.0076752,0.207590726531,1558,431,82104.0458594,5,1226789.07823,7365.04265484,89469.0885142,0.0897037725456,0
457,1063.421875,248.255211721,61630.6501465,0.233449412276,1578,156,83316.3164132,5,1867058.34851,26050.1515199,109366.467933,0.312665665518,0
458,1036.26953125,223.564346882,49981.0171967,0.215739573673,1578,156,50325.9695952,6,1143506.67515,28604.0182276,78929.9878228,0.568374905792,0
459,1021.8515625,213.14842576,45432.2514038,0.208590399606,2372,117,25856.2994643,7,429687.712767,16004.1365067,41860.435971,0.618964694803,0
460,1022.80859375,215.429092354,46409.6938324,0.210625031575,2372,117,26624.1847333,7,808870.368868,13766.3158965,40390.5006298,0.51706056108,0
461,1023.41015625,153.657847556,23610.7341156,0.150142977005,2058,254,12909.3035034,7,262627.725462,9063.47664602,21972.7801494,0.702088741168,0
462,1034.3203125,270.964291743,73421.6473999,0.261973286678,2901,254,6744.67164368,28,352864.833542,25948.518664,32693.1903077,3.84726196246,1
463,1039.078125,278.830582785,77746.4938965,0.268344194798,2901,254,2862.29632727,28,275967.205146,28737.6474533,31599.9437806,10.0400671934,1
464,1030.13671875,144.52760083,20888.2274017,0.140299436181,2735,637,1666.78550577,25,96309.7262805,7690.22013913,9357.0056449,4.61380310335,1
465,1027.140625,147.916532332,21879.3005371,0.144008063484,2500,558,2646.11252605,13,107878.370696,8734.04912819,11380.1616542,3.30070964186,0
466,1036.62890625,190.059897488,36122.7646332,0.183344199976,2500,382,18250.4205009,12,322344.149933,16455.424226,34705.8447269,0.901646305916,0
467,1056.2890625,228.788731432,52344.2836304,0.216596705916,1813,382,75005.3723066,8,1462886.85486,11842.8492516,86848.2215581,0.157893346668,0
468,1064.04296875,277.363286476,76930.3926849,0.260669253613,1813,382,103044.947075,9,2716421.59169,28252.1395211,131297.086596,0.274172973282,0
469,1053.5234375,233.198780712,54381.6713257,0.221351298331,1725,421,91147.1469866,5,1559668.0304,7879.52252675,99026.6695133,0.0864483726288,0
470,1042.4921875,172.057902504,29603.921814,0.165044788409,1490,549,45966.4693354,5,875924.059618,5678.40132218,51644.8706576,0.123533554008,0
471,1043.04296875,193.349753193,37384.1270599,0.185370841841,1764,529,46166.8920997,5,738051.032608,10183.9384259,56350.8305256,0.220589646882,0
472,1053.5390625,216.414800006,46835.3656616,0.205416968112,1764,500,60273.0780432,8,1572685.6764,10887.8737836,71160.9518268,0.180642405152,0
473,1046.5625,203.511775995,41417.0429688,0.194457355385,1745,500,58329.2393172,5,1645435.30042,8670.94389197,67000.1832091,0.148655185521,0
474,1031.421875,240.93871139,58051.4626465,0.233598605217,3294,-107,25868.4932047,6,492590.362395,30232.7578295,56101.2510342,1.16870965735,1
475,1028.5078125,219.232040174,48062.687439,0.213155444723,3294,-107,12072.8077059,9,179242.669128,28545.9338894,40618.7415952,2.36448178293,1
476,1028.47265625,101.24000353,10249.5383148,0.0984372340043,1333,666,17199.3541357,7,358498.589343,1610.8876607,18810.2417964,0.0936597762914,1
477,1034.015625,176.283418125,31075.8435059,0.170484288499,1470,313,46413.0285649,7,914475.538418,11283.0836156,57696.1121805,0.243101645475,0
478,1037.5859375,212.531891994,45169.8051147,0.204833049787,2343,313,55812.2959016,10,903152.298611,11349.8745749,67162.1704765,0.203357958879,0
479,1028.63671875,244.909064875,59980.450058,0.238090922102,3166,186,21595.2896386,6,275877.33873,25369.003309,46964.2929476,1.17474707371,0
480,1027.97265625,274.15641071,75161.7375336,0.266696209324,3166,176,14993.2275466,30,352410.416411,27211.2613297,42204.4888763,1.81490351195,1
481,1032.30859375,209.150575815,43743.9633636,0.202604702781,2872,176,2153.78336671,29,156763.792136,17133.8577421,19287.6411088,7.95523728473,1
482,1026.9921875,110.996586103,12320.2421265,0.108079289652,1784,705,1521.35569634,24,68616.7223796,6360.86882003,7882.22451637,4.18105301432,1
483,1025.09765625,72.4737171808,5252.43968201,0.0706993297067,1588,705,1075.26480084,11,49146.3481151,3516.13483908,4591.39963992,3.27001761456,0
484,1028.85546875,224.15912014,50247.311142,0.217872312437,2774,9,3851.05686861,21,498876.805095,43162.2742015,47013.3310701,11.2079036156,1
485,1051.0546875,381.770869776,145748.997009,0.363226456545,3578,-39,34496.0318964,11,1413768.60301,109996.48013,144492.512026,3.18867052476,1
486,1087.16796875,375.465355932,140974.233505,0.345360943961,3578,-39,108828.412537,10,1539716.35085,82963.79485,191792.207387,0.762335799229,1
487,1087.16015625,270.066589254,72935.9626312,0.248414723168,1823,352,112260.276299,5,3016106.88487,18967.7002896,131227.976588,0.168961817261,0
488,1039.5546875,254.994448732,65022.1688843,0.245292000314,2509,19,73478.4412101,6,1814327.96961,17476.779318,90955.220528,0.237849075595,0
489,1019.32421875,220.604833443,48666.4925385,0.2164226351,2509,19,45931.5043102,6,1254004.747,14838.6659143,60770.1702245,0.323060743102,0
490,1034.41796875,221.888259087,49234.3995209,0.214505418304,2637,68,17991.0710946,5,265309.928803,12322.0922144,30313.163309,0.684900423639,1
491,1034.86328125,199.162879076,39665.8524017,0.19245332469,2637,68,1566.31434479,31,139157.758828,10698.1454522,12264.459797,6.83013948497,1
492,1031.609375,78.2131736801,6117.30053711,0.0758166565519,1421,705,801.147633036,20,42718.1341167,4165.82833782,4966.97597086,5.19982605707,1
493,1029.015625,61.2413877077,3750.50756836,0.059514536242,1343,813,594.306520202,20,42409.3472462,3140.75900251,3735.06552271,5.28474599512,1
494,1028.12109375,32.9233986711,1083.95018005,0.0320228802533,1225,843,344.896993441,21,8568.48413057,846.95577292,1191.85276636,2.4556774603,1
495,1031.25390625,150.698251069,22709.9628754,0.146131083874,2098,431,4687.49734758,22,146291.299375,21480.8160625,26168.31341,4.58257668638,1
496,1034.2421875,210.717144017,44401.7147827,0.203740619522,2107,196,21979.3455886,8,622576.557467,28135.3761097,50114.7216983,1.28008252094,1
497,1040.26953125,225.914723976,51037.4625092,0.217169413493,2107,196,54105.7783446,9,986714.85351,17839.3268653,71945.1052099,0.329712045758,1
498,1060.14453125,237.746448222,56523.373642,0.224258524393,1686,401,85381.3683347,8,2459548.38789,10360.8106551,95742.1789898,0.121347442155,0
499,1062.5703125,253.662706155,64344.7684937,0.238725572483,1686,313,99590.2944462,8,2218523.52276,15185.8009897,114776.095436,0.152482740152,0
500,1059.5234375,247.322536277,61168.4369507,0.23342809373,1764,313,91265.0109918,8,2700000.49749,16066.4885775,107331.499569,0.176042148058,0
501,1045.6875,186.778455412,34886.1914062,0.178617852286,2372,480,33838.7969071,8,558357.264905,16623.2217326,50462.0186397,0.491247421656,0
502,1031.51953125,155.731388113,24252.2652435,0.150972796341,2372,490,3766.35361597,26,197039.92591,18630.8626798,22397.2162958,4.94665784987,0
503,1036.1015625,145.436000736,21151.6303101,0.140368479307,1960,490,3561.25896639,14,158150.959761,16613.96941,20175.2283764,4.66519552968,1
504,1027.01953125,132.175677697,17470.4097748,0.128698309697,1813,696,2357.88841392,31,132444.104276,12054.0448963,14411.9333102,5.11222024975,1
505,1023.2734375,150.299763745,22590.0189819,0.146881330285,2313,666,1924.10372167,31,140108.34252,12752.5691431,14676.6728647,6.62779713974,1
506,1029.046875,227.852657962,51916.8337402,0.221421067881,3009,254,3110.51294734,29,245193.968189,22180.517663,25291.0306104,7.13082312742,1
507,1031.59375,215.899804506,46612.7255859,0.209287623647,3009,254,2597.89870313,30,204624.855238,18142.4894019,20740.388105,6.98352456161,1
508,1029.484375,92.3683171107,8531.90600586,0.0897228936677,1696,696,591.875214969,29,19709.6997392,2500.04783003,3091.923045,4.22394411323,0
509,1028.76171875,38.1669065199,1456.7127533,0.0370998510386,1372,833,148.201436399,30,6546.01778074,852.792800424,1000.99423682,5.75428161254,0
510,1029.97265625,25.4737003313,648.909408569,0.0247324044738,1225,950,288.28487339,5,3613.11340488,282.608326368,570.893199758,0.980309244269,0
511,1031.69140625,127.945981966,16370.1743011,0.124015748499,1705,539,6722.07796359,16,147126.975376,10261.1100003,16983.1879639,1.52647887393,0
512,1025.515625,160.437194895,25740.0935059,0.156445392917,1705,539,13860.0583543,10,265574.667302,18176.0325678,32036.0909221,1.31139653984,0
513,1033.44140625,159.447350258,25423.4575043,0.154287750901,1735,500,18054.6565443,8,457840.606123,17422.9818289,35477.6383732,0.965013196795,0
514,1028.27734375,250.02508709,62512.5441742,0.243149466055,2352,225,27529.2840407,9,774542.50336,43604.0747683,71133.358809,1.5839160475,0
515,1019.13671875,273.553983867,74831.7820892,0.268417356409,2352,186,23921.3792203,16,639702.178077,52776.1308674,76697.5100877,2.20623277535,0
516,1009.25390625,298.356202907,89016.4238129,0.295620557978,2323,58,19935.8702978,17,803782.246894,70066.0373321,90001.9076299,3.51457128711,1
517,989.23828125,313.857715977,98506.6658783,0.317272109183,2323,58,23401.397006,12,1707830.96662,96738.0172528,120139.414259,4.13385650557,1
518,1005.5625,207.886603329,43216.8398438,0.20673663082,1617,58,21593.1334541,11,540551.893791,34850.130086,56443.2635401,1.61394501452,1
519,1020.84765625,71.6534372702,5134.21507263,0.0701901374132,1529,686,2069.33282917,11,36875.7040194,2274.86915477,4344.20198394,1.09932492381,0
520,1024.3671875,60.698843056,3684.34954834,0.0592549661847,1245,686,3156.86377884,9,41010.9726229,2652.1427459,5809.00652474,0.840119476704,0
521,1040.6640625,171.415215802,29383.1762085,0.164717147424,1784,401,37940.8673858,9,954041.978579,9923.55173382,47864.4191196,0.261553106652,0
522,1084.8125,286.874639161,82297.0585938,0.264446288332,1872,392,122636.46824,9,4399561.58048,21112.0652849,143748.533525,0.172151608635,0
523,1100.21875,280.042112835,78423.5849609,0.254533121559,1872,392,122574.032336,9,3783956.39531,17849.3208134,140423.353149,0.145620736083,0
524,1074.8671875,263.403189376,69381.2401733,0.245056498551,1980,333,104143.536446,8,3054902.68525,15141.447829,119284.984275,0.145390183066,0
525,1071.0546875,315.156479204,99323.6063843,0.294248727803,1980,303,133916.572642,5,3040532.49622,34209.8382736,168126.410916,0.255456345683,0
526,1084.61328125,287.216305104,82493.2059174,0.264809872854,1950,303,128052.605108,8,2364254.3523,20150.9252971,148203.530405,0.157364430658,0
527,1073.81640625,231.544174132,53612.7045746,0.215627338886,1696,352,80071.337568,8,2368713.20388,11771.3454752,91842.6830433,0.147010726094,0
528,1039.77734375,222.968522763,49714.9621429,0.214438720081,2098,362,58221.628624,8,1524343.03678,15307.8681393,73529.4967633,0.262924079952,0
529,1023.22265625,162.17125772,26299.5168304,0.158490683068,2098,362,15383.013148,12,345675.404132,16151.8183497,31534.8314977,1.04997754304,0
530,1018.21875,98.9040679064,9782.01464844,0.0971344005465,1558,666,9510.73303491,6,134043.998988,4276.63343286,13787.3664678,0.449663913093,0
531,1027.0078125,195.000901284,38025.3515015,0.189872850927,1558,352,49540.6123031,5,1127925.27501,14700.4669985,64241.0793016,0.296735674331,0
532,1065.90625,256.840278599,65966.9287109,0.240959538983,1921,343,101308.484531,6,2551339.75843,12911.1783265,114219.662858,0.127444195679,0
533,1068.08203125,255.277646622,65166.6768646,0.239005656076,1921,343,82252.416314,9,1623671.20194,26973.4827775,109225.899091,0.327935445379,0
534,1027.4453125,168.291080079,28321.8876343,0.163795657085,1656,372,28666.9012846,10,515209.808996,20625.0807637,49291.9820483,0.7194736731,0
535,1019.4375,25.8121973348,666.26953125,0.0253200390753,1068,911,815.128297824,0,12466.1883466,171.763850116,986.89214794,0.210720018645,0
536,1025.69921875,10.2655826376,105.38218689,0.0100083752137,1049,941,48.5932435043,3,674.382455395,16.9287867578,65.5220302621,0.348377377944,0
537,1025.53125,8.86129002671,78.5224609375,0.0086406825991,1049,1000,11.9572049095,18,242.094027188,24.4182223364,36.3754272459,2.04213463943,0
538,1027.66796875,9.69994711321,94.088973999,0.00943879483274,1058,1009,12.2863301928,24,358.806432112,30.6048560348,42.8911862276,2.49096805592,0
539,1028.11328125,11.8268290809,139.873886108,0.0115034299202,1058,970,39.1731919133,2,660.05725241,40.6543004606,79.827492374,1.03780923828,0
540,1036.4140625,64.783416491,4196.89105225,0.0625072727542,1264,735,6091.27895088,7,73820.8180908,1182.43704428,7273.71599516,0.194119667449,0
541,1041.11328125,110.206158284,12145.3973236,0.105854146968,1323,588,19491.5310406,7,330390.115085,2739.14906164,22230.6801022,0.140530215709,0
542,1028.08203125,112.947119771,12757.0518646,0.109861972428,1323,588,17869.1699829,9,215072.076794,3945.72661626,21814.8965992,0.220811969444,0
543,1027.13671875,84.2064106184,7090.71958923,0.0819816963811,1490,715,6298.37235216,11,65736.3785395,2877.28950393,9175.66185609,0.456830644975,0
544,1032.1796875,50.3147800095,2531.5770874,0.0487461443185,1490,843,920.938345081,14,26674.7402072,1749.21456799,2670.15291307,1.8993829254,0
545,1023.0625,50.6665338883,2567.09765625,0.0495243779224,1156,764,4011.04470953,4,42418.5991818,508.843729058,4519.88843859,0.126860647514,0
546,1034.4765625,94.595930545,8948.39007568,0.0914432805674,1313,696,14842.9479683,4,260879.369854,1342.86137116,16185.8093394,0.09047133858,0
547,1044.7265625,121.391200956,14735.8236694,0.11619423236,1431,578,23416.0164953,4,403128.591987,3331.64079088,26747.6572862,0.142280425518,0
548,1046.26953125,141.112438579,19912.7203217,0.134871975494,1539,519,30665.5615594,8,576049.942402,5062.08195931,35727.6435187,0.165073838596,0
549,1042.54296875,147.534814844,21766.5215912,0.141514373284,1598,519,33453.379198,5,585243.062104,5258.96346694,38712.3426649,0.157202757779,0
550,1039.38671875,148.554476472,22068.4324799,0.14292512478,1617,588,30954.8990392,5,475089.575654,6925.72457237,37880.6236116,0.223735976771,0
551,1058.015625,200.618243047,40247.6794434,0.189617467178,1803,411,46448.4049872,8,1031508.56919,13189.0149545,59637.4199418,0.283949792424,0
552,1066.4921875,269.020241922,72371.890564,0.252247738029,2254,411,98226.232145,8,1612428.07011,13348.6798921,111574.912037,0.135897301572,0
553,1043.609375,259.224330768,67197.2536621,0.248392106259,2254,431,96408.0727107,5,2488207.39976,16557.7046851,112965.777396,0.17174603972,0
554,1034.39453125,199.621860811,39848.8873138,0.192984257728,2186,450,42445.2292184,9,775251.655952,16547.0485173,58992.2777357,0.389844720408,0
555,1030.3671875,132.036593596,17433.6620483,0.128145184743,2186,617,8197.53606757,8,98328.6309134,11109.8838838,19307.4199514,1.35527111954,0
556,1022.12890625,22.0761064712,487.354476929,0.0215981627525,1078,950,363.17461726,0,21087.5409072,200.467517702,563.642134962,0.55198658765,0
557,1026.54296875,15.9769765189,255.263778687,0.0155638653279,1078,990,235.717278587,0,4986.32704355,92.8173212796,328.534599867,0.393765454259,0
558,1017.30859375,11.6700439651,136.189926147,0.0114714886287,1039,990,128.813606169,0,5392.70160984,43.558963631,172.3725698,0.338154989418,0
559,1020.91796875,98.4416720811,9690.76280212,0.0964246639734,2587,990,1666.14578614,0,14927.0565156,2860.90707001,4527.05285614,1.7170808784,0
560,1086.8203125,1027.44215115,1055637.37396,0.945365245141,17408,523,180221.993445,15,1336327.05084,316503.951865,496725.94531,1.75618938519,0
561,1183.78125,1866.75350265,3484768.63965,1.57694126567,26117,523,514101.739395,21,6742600.54574,1134707.25564,1648808.99504,2.20716478606,0
562,1118.3125,1565.74268146,2451550.14453,1.40009405372,26117,931,421054.423576,29,2686709.05587,732303.767677,1153358.19125,1.73921404615,0
563,1015.66015625,11.2603136047,126.794662476,0.0110866942406,1049,970,37.614327126,18,767.090565465,71.7461265286,109.360453655,1.90741486052,0
564,1018.3515625,9.54151278931,91.0404663086,0.00936956660221,1049,990,23.7571827617,3,412.032846875,34.4771089371,58.2342916988,1.45122884658,0
565,1018.07421875,9.05141344361,81.9280853271,0.00889072061438,1039,1000,14.7465148582,26,499.234808573,34.8547773918,49.6012922501,2.36359422731,0
566,1017.26953125,9.50542656356,90.3531341553,0.0093440590439,1039,980,19.8473756639,1,461.910057715,31.5449094877,51.3922851516,1.58937433452,0
567,1015.9921875,12.0130112364,144.312438965,0.0118239208767,1049,980,42.2525600425,1,1119.03303892,58.2384535883,100.491013631,1.37834141954,0
568,1016.4140625,11.9416075026,142.601989746,0.0117487625793,1049,990,35.4161687826,13,862.153062904,61.1280138053,96.5441825879,1.72599171245,0
569,1018.828125,9.57463231588,91.6735839844,0.00939769140736,1049,990,18.1499003813,12,269.522213338,31.1091187414,49.2590191227,1.71401044016,0
570,1019.05078125,8.98182623494,80.6732025146,0.008813914282,1049,990,22.0643739022,7,322.204676253,20.2481599821,42.3125338843,0.917685680631,0
571,1018.84765625,8.80896617838,77.5978851318,0.00864600916962,1039,1000,12.9935322898,7,295.749491787,24.6348484488,37.6283807386,1.89593159883,0
572,1018.4453125,9.4371345904,89.0595092773,0.00926621633442,1039,990,9.09778534114,9,232.057291188,27.0152977691,36.1130831103,2.96943670972,0
573,1017.6484375,9.7340332755,94.7514038086,0.00956522205195,1039,990,16.8579048806,10,329.150951944,24.0259391277,40.8838440083,1.42520314938,0
574,1018.98046875,9.43209744862,88.9644622803,0.00925640651404,1039,990,20.7761245721,1,448.130667812,18.8860090591,39.6621336312,0.909024635153,0
575,1020.23046875,12.5236342731,156.841415405,0.0122752992159,1068,960,23.1253444502,14,697.570040965,52.6994786166,75.8248230669,2.27886242863,0
576,1017.125,16.456619109,270.8203125,0.016179544411,1068,950,133.250161665,0,2261.46735746,113.97597361,247.226135275,0.85535336082,0
577,1009.3203125,14.468680396,209.342712402,0.0143350730356,1068,950,141.608362516,0,3583.07716076,84.4564307841,226.0647933,0.596408497942,0
578,1004.0234375,8.75353932324,76.6244506836,0.00871846113975,1029,980,9.43480800386,19,160.485658961,18.8135703643,28.2483783682,1.99405969434,0
