,0,1,2,3,4,5,6,7,8,9,10,11,12
0,993.9609375,15.8298582312,250.584411621,0.0159260365614,1029,950,22.2660023281,19,2434.42940174,96.7749295508,119.040931879,4.34630914544,0
1,990.33984375,16.7219253519,279.622787476,0.016885037452,1029,950,33.5633683448,19,5691.67865107,142.821140719,176.384509064,4.25526840012,0
2,989.10546875,17.7662944953,315.641220093,0.017961981868,1039,950,28.3543485057,19,4991.66644842,241.206104527,269.560453032,8.50684700015,0
3,989.03125,19.3729585618,375.311523438,0.0195878123788,1058,950,23.9312808449,19,5760.86895326,296.366978894,320.298259739,12.3840834435,0
4,987.23828125,18.2663095834,333.658065796,0.0185024324221,1058,950,21.1318641032,19,7624.42356291,226.170253183,247.302117286,10.7028065332,0
5,985.73828125,17.2515244847,297.615097046,0.0175011205437,1019,931,20.2187097365,19,2440.49927372,98.8998729098,119.118582646,4.89150268234,0
6,984.59765625,18.1303395792,328.709213257,0.0184139576853,1029,931,17.0802343334,20,1363.03490403,74.2503441259,91.3305784593,4.34715020161,0
7,984.703125,18.8805287329,356.474365234,0.0191738283891,1029,931,17.2555197239,19,1739.42661236,137.503732761,154.759252485,7.96868103435,0
8,985.328125,20.3577800603,414.439208984,0.020660914414,1039,931,23.4745444393,19,4918.3633617,203.629929052,227.104473491,8.67449971513,0
9,988.07421875,20.0506769917,402.029647827,0.0202926830913,1058,931,24.1919124325,19,2157.03871007,167.030123567,191.222036,6.90437864443,0
10,989.046875,18.1673468133,330.052490234,0.018368539725,1058,950,16.0255070902,22,1924.68710394,161.796784428,177.822291518,10.096203728,0
11,987.67578125,18.5259625513,343.211288452,0.0187571295186,1058,941,30.8290391345,20,4226.60081092,207.484716609,238.313755743,6.73017137197,0
12,986.8046875,17.3142185942,299.782165527,0.0175457401181,1058,941,25.5553986416,20,4680.43410499,166.462367838,192.017766479,6.51378482379,0
13,988.87890625,17.1251421178,293.270492554,0.0173177342641,1039,941,22.789380903,23,2817.05028145,192.636703912,215.426084815,8.4529151859,0
14,991.4765625,19.6728973002,387.022888184,0.0198420195134,1049,941,24.9802083503,23,5635.04032336,318.620020302,343.600228652,12.7548984313,0
15,991.88671875,21.0146632999,441.616073608,0.0211865557857,1078,941,30.9294808062,24,4769.86707388,393.658349694,424.5878305,12.7276093692,0
16,991.3515625,19.564832067,382.782653809,0.0197355134213,1078,950,27.9238233398,20,5571.35696783,344.117995051,372.041818391,12.3234555263,0
17,990.109375,15.6423575464,244.683349609,0.0157986157301,1039,950,18.411684739,20,3621.20696051,227.792828439,246.204513178,12.3721881874,0
18,990.38671875,15.0367667688,226.104354858,0.0151827225508,1029,950,23.8356930515,19,2041.32040933,147.927408144,171.763101195,6.20612993397,0
19,990.36328125,14.0539161085,197.512557983,0.0141906675808,1029,950,27.2691853872,19,3278.10230882,111.234540519,138.503725906,4.07912957206,0
20,990.99609375,17.1654399446,294.652328491,0.0173214002082,1049,950,37.9841439419,19,7126.1057176,288.110446573,326.094590515,7.58501881769,0
21,990.45703125,18.4961490231,342.107528687,0.0186743578364,1049,950,45.4631334895,21,4836.14150943,370.082982946,415.546116435,8.14028762517,0
22,990.16015625,16.1997339863,262.431381226,0.0163607209238,1039,950,21.747697953,20,5941.35719351,301.961523559,323.709221512,13.8847580195,0
23,991.4453125,18.7153048139,350.262634277,0.0188767898521,1049,941,40.0082778959,20,6841.0370916,387.4082963,427.416574196,9.68320349374,0
24,988.8671875,23.5887191967,556.42767334,0.023854284473,1058,931,40.8515760207,19,24101.5413196,665.001004328,705.852580349,16.2784663189,0
25,986.44921875,27.8616377617,776.270858765,0.0282443710554,1088,921,72.1873726594,18,16498.793398,973.248081157,1045.43545382,13.4822482839,0
26,987.2890625,28.1480883964,792.314880371,0.0285104833686,1088,921,61.3875456292,16,16984.1287174,920.386182538,981.773728167,14.9930441607,0
27,986.23046875,26.6211413242,708.685165405,0.0269928198,1068,921,36.9640841285,16,10897.5754256,885.935045856,922.899129985,23.9674556192,0
28,986.08203125,24.6917937203,609.684677124,0.0250403038873,1058,931,44.4437835691,17,11046.1031219,719.509476188,763.953259757,16.1892039428,0
29,980.33984375,50.1964668824,2519.68528748,0.051203128387,1176,774,1155.77861795,18,27519.6117925,2343.24726506,3499.02588302,2.02741877092,0
30,980.20703125,95.0244217652,9029.64073181,0.0969432158062,1264,686,8767.71493324,10,151172.185436,6105.74845048,14873.4633837,0.696389937056,0
31,993.76953125,132.190963346,17474.4507904,0.133019738671,1607,607,16165.3581005,6,528977.907176,11861.1854423,28026.5435428,0.733740964385,0
32,1009.796875,138.329026881,19134.9196777,0.136986982536,1607,607,16303.9550953,6,498621.767841,11347.8833408,27651.8384362,0.69602027695,0
33,1011.9921875,161.485365828,26077.5233765,0.159571751464,1588,578,17893.1422644,11,612519.480037,16310.9381922,34204.0804566,0.911574834153,0
34,1001.875,184.660118529,34099.359375,0.184314528787,1588,519,21370.6399201,11,676665.10319,25952.2705401,47322.9104602,1.21438902331,0
35,997.46875,163.40571811,26701.4287109,0.163820388468,1421,519,19796.6493935,11,524690.450348,19735.1608408,39531.8102343,0.996893991936,0
36,994.296875,135.174763002,18272.2165527,0.135950103436,1431,617,12695.7786449,7,460973.073331,11679.3333672,24375.1120121,0.919938327047,0
37,997.3515625,138.522228013,19188.4076538,0.138890069682,1431,509,17498.9534989,7,487080.168285,10503.1397842,28002.093283,0.600215309153,0
38,989.58984375,137.932982108,19025.5075531,0.139383991235,1294,509,18578.894453,7,322658.02128,11831.5465526,30410.4410057,0.636827265613,0
39,980.83203125,117.370470116,13775.8272552,0.119664189562,1323,568,13913.266932,10,230589.868971,6883.53791915,20796.8048512,0.494746341947,0
40,992.1484375,140.466860518,19730.9389038,0.141578472746,1627,500,13145.6536867,7,407061.317661,11697.5652708,24843.2189575,0.889842798966,0
41,988.1796875,136.202396133,18551.0927124,0.137831608822,1627,500,7593.91633806,12,242662.912837,14964.4326371,22558.3489752,1.97058170922,0
42,970.06640625,118.108495393,13949.616684,0.12175300024,1421,529,4372.63217313,15,120717.595135,12325.7189799,16698.351153,2.81883279724,0
43,970.84765625,137.442190384,18890.3556976,0.1415692663,1568,529,5666.46826275,12,131103.273049,14516.2100615,20182.6783242,2.56177382249,0
44,978.3046875,175.529847827,30810.727478,0.17942247448,1901,450,12384.6639955,14,296204.934261,18374.1291383,30758.7931338,1.48361951079,0
45,979.24609375,183.92928643,33829.9824066,0.1878274395,1901,264,13861.9615171,8,457675.683253,22642.6680747,36504.6295918,1.6334389651,0
46,981.77734375,168.882844801,28521.4152679,0.17201745984,1470,264,11891.2885073,8,414370.94128,20605.5605167,32496.849024,1.73282823843,0
47,982.8125,155.69043554,24239.5117188,0.158413161758,1470,460,11568.9545098,18,271538.987769,20550.2979391,32119.2524489,1.77633146726,0
48,986.03515625,130.903003863,17135.5964203,0.132756933699,1372,617,11393.3916707,7,366510.176072,10752.6427825,22146.0344532,0.943761356876,0
49,982.0859375,149.577244224,22373.3519897,0.152305657288,1490,343,13037.3741535,8,302148.605828,15897.6299193,28935.0040728,1.21938894536,0
50,971.36328125,179.347528546,32165.5359955,0.184634865253,1490,343,10646.4939139,14,416891.031715,27483.0472805,38129.5411944,2.58141764816,0
51,971.61328125,198.65649053,39464.4012299,0.204460451873,1470,362,13591.0711711,9,443713.586197,39488.5712188,53079.6423899,2.9054789517,0
52,969.765625,207.606899586,43100.6247559,0.214079458206,1529,274,16031.3735434,20,535741.88102,42020.0295607,58051.4031041,2.62111224886,0
53,966.3671875,150.963409841,22789.9511108,0.156217441769,1529,274,7192.42619611,15,201245.494296,20538.1507184,27730.5769145,2.85552470869,1
54,969.421875,34.899209647,1217.95483398,0.0360000228456,1078,843,212.828696864,26,8835.53924877,1068.69819553,1281.52689239,5.02140083211,1
55,969.109375,115.587104221,13360.3786621,0.119271474616,2254,470,654.143382309,17,91535.1035185,8852.91654645,9507.05992876,13.5336025493,1
56,968.0703125,114.710722008,13158.5497437,0.118494204943,2254,470,610.84431319,17,69127.2002199,8693.36689444,9304.21120763,14.2317227266,1
57,970.8984375,27.9508049537,781.247497559,0.0287885981418,1029,901,62.1548052583,22,17569.4632243,1220.86875903,1283.02356429,19.6423873256,1
58,976.47265625,29.7323876828,884.014877319,0.0304487662737,1068,901,104.57195666,17,18812.415554,1343.86157005,1448.43352671,12.8510703344,1
59,982.52734375,25.5436061436,652.475814819,0.0259978577758,1068,911,71.1800262245,18,9855.07339832,899.060235469,970.240261694,12.6307938218,1
60,984.80859375,17.0971056,292.311019897,0.0173608411914,1039,931,27.8458511176,19,6087.43271671,317.032504066,344.878355184,11.3852689482,1
61,983.3359375,15.6466237092,244.816833496,0.0159117785819,1029,931,29.8861304466,18,3132.10928252,227.456698719,257.342829166,7.61077781968,1
62,979.59765625,18.6339700079,347.224838257,0.019022064711,1029,921,37.3965469962,20,5610.81526511,359.043364749,396.439911746,9.60097638922,1
63,974.16796875,19.0562261544,363.139755249,0.0195615404794,1029,921,43.2719386201,21,5276.46234596,363.739944934,407.011883554,8.40590822905,1
64,970.92578125,15.4767453887,239.529647827,0.0159401940783,1019,931,38.815712879,26,3162.4774278,167.828887777,206.644600656,4.3237358103,1
65,972.1640625,13.3421192468,178.012145996,0.0137241436517,1019,931,47.1608394516,0,1213.40765651,75.3006752893,122.461514741,1.59667801008,1
66,972.8125,13.8551378106,191.96484375,0.0142423517487,1019,921,20.8465655025,19,1703.78270655,139.367097329,160.213662832,6.6853744955,0
67,972.69140625,14.0248970994,196.697738647,0.014418650159,1019,921,9.13716527421,20,2389.5816898,144.405760872,153.542926146,15.8042189824,0
68,969.70703125,13.2919482418,176.675888062,0.0137071793989,1019,931,29.0813419076,0,1456.26533984,83.4962488493,112.577590757,2.87112778752,0
69,968.5859375,12.0377189387,144.906677246,0.012428137218,1000,931,27.4760328988,0,1283.47474394,47.7002831821,75.1763160809,1.73606878976,0
70,976.66796875,48.9907826688,2400.0967865,0.0501611440493,1352,696,799.577648781,10,10843.6464082,948.193593183,1747.77124196,1.1858680575,0
71,986.86328125,94.5859441949,8946.50083923,0.0958450334428,1352,696,4278.01073261,7,85476.735213,5973.15939148,10251.1701241,1.39624693925,0
72,988.546875,119.409475347,14258.6228027,0.120792931895,1431,647,7401.60102301,7,215361.638914,11573.7848857,18975.3859087,1.56368667397,0
73,993.5546875,115.659137433,13377.0360718,0.116409432604,1431,647,6732.37161856,16,143327.911934,13166.3856455,19898.7572641,1.95568313687,0
74,994.5703125,107.261303571,11504.9872437,0.107846878418,1333,656,9917.43975,10,209766.980742,8044.51329407,17961.9530441,0.811148189135,0
75,992.125,113.03649853,12777.25,0.113933726628,1254,637,15712.4723968,10,503281.860158,5034.47660713,20746.949004,0.320412757457,0
76,993.5546875,122.888307303,15101.5360718,0.123685498996,1264,598,15241.9172123,9,244066.921589,7557.02876932,22798.9459817,0.495805656469,0
77,982.63671875,117.396018067,13781.825058,0.11947041651,1264,598,9333.83953203,13,158939.717904,10065.3974916,19399.2370236,1.07837695913,0
78,979.55078125,113.626673184,12911.0208588,0.115998757143,1352,627,8715.51689928,9,227102.519618,10056.4841135,18772.0010128,1.15385974576,0
79,982.7578125,126.214583281,15930.1210327,0.128428979831,1441,558,11270.8483699,7,300950.855376,9781.6155106,21052.4638805,0.867868610203,0
80,977.91796875,135.932475156,18477.6378021,0.139001919895,1441,509,8655.47125086,12,233853.440554,14362.4349957,23017.9062466,1.65934754786,0
81,971.8359375,121.17315718,14682.934021,0.124684787323,1401,509,6874.33206712,13,208215.310154,13313.7336248,20188.0656919,1.93673123364,0
82,966.9140625,109.998332895,12099.6332397,0.113762264054,1343,500,8225.10177285,10,236278.366382,7537.34773544,15762.4495083,0.916383522489,0
83,966.67578125,114.942718238,13211.828476,0.118905139104,1352,500,8665.66509912,10,203560.923424,7939.7658626,16605.4309617,0.91623271518,0
84,964.7109375,114.313074243,13067.4789429,0.118494638963,1411,441,6494.50114221,17,187020.05422,10851.3162721,17345.8174143,1.67084677244,0
85,962.83984375,125.167394691,15666.8766937,0.129998146113,1411,441,6036.3410049,13,205652.650106,15506.9434926,21543.2844975,2.56893099313,0
86,966.57421875,124.21765471,15430.0257416,0.128513312584,1323,470,6631.96713412,12,92639.7115261,12690.5263719,19322.493506,1.91353879102,0
87,969.47265625,116.334274033,13533.6633148,0.119997478302,1303,460,8549.42880742,11,239425.734945,6531.15938495,15080.5881924,0.763929325814,0
88,969.71484375,132.741115869,17620.2038422,0.136886752559,1549,460,9711.8026126,12,265227.18156,12126.372259,21838.1748716,1.24862219123,0
89,960.765625,149.895952683,22468.7966309,0.156017189607,1549,519,8917.81846774,14,286486.784541,24104.7084932,33022.5269609,2.70298263868,0
90,955.921875,139.279121134,19398.673584,0.145701364073,1450,588,6035.50411539,14,402680.593266,23903.9420569,29939.4461723,3.9605543464,0
91,962.91796875,158.318153735,25064.6378021,0.164414995745,1598,450,7681.28448091,13,246745.982601,26254.4133656,33935.6978465,3.41797175079,0
92,945.69140625,178.859872494,31990.8539886,0.189131329007,1598,215,7141.23121127,18,371215.709898,35618.7091393,42759.9403505,4.98775464419,1
93,931.37890625,199.768892314,39907.6103363,0.214487241415,1990,196,8750.87273759,21,671495.517641,39852.8345203,48603.7072579,4.55415542146,1
94,915.625,259.588195514,67386.03125,0.283509292028,1990,196,9413.22064853,30,759901.90132,59951.0488261,69364.2694746,6.3688137211,1
95,919.0546875,209.887313836,44052.6845093,0.228373041007,1745,225,3790.77987177,31,636518.139063,38571.7050365,42362.4849082,10.175137133,1
96,955.8203125,51.3235651276,2634.1083374,0.0536958301224,1107,745,655.416967317,20,25200.3838162,3345.92495285,4001.34192017,5.10503255133,1
97,960.7421875,27.3260824619,746.714782715,0.0284426798546,1078,882,122.566459889,0,10213.9560057,741.25130853,863.817768419,6.047750006,1
98,961.703125,58.2650006671,3394.81030273,0.0605852254739,1156,686,1893.35413073,12,46016.7071269,3192.17963594,5085.53376667,1.68599185125,1
99,974.03125,86.8315032747,7539.70996094,0.0891465271516,1352,686,3176.26733217,17,76162.2918712,7522.66240367,10698.9297358,2.36839712057,1
100,979.25390625,92.8868283201,8627.96287537,0.0948546926668,1352,735,3821.02621827,13,95434.8007094,7974.07347652,11795.0996948,2.08689315933,0
101,978.13671875,101.839338368,10371.2508392,0.104115648064,1460,725,6954.3219317,10,232871.304911,6091.50737408,13045.8293058,0.875931174011,0
102,975.03125,102.559124526,10518.3740234,0.105185474338,1460,637,7216.07492951,10,184631.976755,6250.50098482,13466.5759143,0.866191252984,0
103,968.6640625,107.862345531,11634.2855835,0.111351654002,1392,607,5980.33154732,16,127194.493493,9335.3761399,15315.7076872,1.56101314217,0
104,973.828125,115.923237625,13438.1970215,0.119038703698,1578,500,5712.03826564,11,181499.696163,9529.95719622,15241.9954619,1.66839869641,0
105,985.04296875,81.617977477,6661.49424744,0.0828572763486,1578,500,2239.99811931,20,56915.9018365,5416.44644465,7656.44456396,2.41805847869,0
106,987.140625,24.5659935095,603.488037109,0.024886012071,1058,911,43.4621536234,19,17917.7687511,755.045259846,798.507413469,17.3724769,0
107,990.12890625,18.7527858445,351.666976929,0.0189397418115,1078,950,35.4449161966,20,4004.91220513,276.031146911,311.476063108,7.78760895865,0
108,994.6328125,22.9193119626,525.29486084,0.0230429879998,1127,941,60.8258666035,25,4845.80873286,303.393864479,364.219731082,4.98790862211,0
109,983.27734375,88.6785651902,7863.88792419,0.0901867268212,1480,490,5143.57585466,9,76989.9403593,6502.03262376,11645.6084784,1.26410746288,0
110,966.84765625,139.153454225,19363.6838226,0.143924902052,1480,147,11168.6228778,20,179751.498595,14827.3163857,25995.9392635,1.32758680707,0
111,848.62109375,201.40708394,40564.8134613,0.237334524706,1411,147,30847.5604692,0,1912120.77468,17286.449984,48134.0104532,0.560383048806,0
112,798.32421875,144.189438243,20790.594101,0.18061513713,1137,186,16828.0896797,0,1126253.75393,9748.82127445,26576.9109541,0.579318357582,0
113,881.15234375,41.1083295712,1689.89476013,0.0466529197394,960,725,1889.06377956,0,50527.1174082,670.493009123,2559.55678868,0.354934024134,0
114,941.90234375,44.9401754503,2019.61936951,0.0477121388948,1019,852,2110.27262463,0,190444.225631,149.072030576,2259.34465521,0.0706411242017,0
115,978.66796875,13.8116200715,190.760848999,0.0141126720323,1019,901,54.8812637004,0,4994.4894151,56.6422553483,111.523519049,1.03208730137,0
116,980.890625,14.9026708884,222.089599609,0.0151929996155,1019,941,106.566713817,0,10632.1552444,47.6462610745,154.212974891,0.447102658683,0
117,987.19140625,15.406677364,237.365707397,0.0156065756513,1039,901,84.1112719097,0,3489.59142752,74.054035096,158.165307006,0.880429381397,0
118,985.3359375,52.3965912154,2745.402771,0.0531763728707,1303,774,1652.92608186,13,27176.7586498,2031.10783387,3684.03391573,1.22879532011,0
119,988.13671875,98.5575699235,9713.59458923,0.0997408233632,1500,686,5405.44656317,13,133919.140136,7009.18018962,12414.6267528,1.29668846185,0
120,990.17578125,109.348980652,11957.1995697,0.110433907517,1500,686,8414.06077715,12,170779.009956,6836.32761421,15250.3883914,0.812488499343,0
121,981.265625,141.013767301,19884.8825684,0.143706009574,1656,460,12565.0676474,12,171336.969707,12197.6724825,24762.74013,0.970760589979,0
122,978.49609375,139.72693789,19523.6171722,0.142797645063,1656,460,9496.15922782,7,236126.139806,14530.819149,24026.9783768,1.53017854907,0
123,972.41015625,121.296091974,14712.7419281,0.124737582381,1372,411,9174.81044731,11,186280.683754,7702.75700036,16877.5674477,0.839554892671,0
124,960.65625,115.556597165,13353.3271484,0.120289226417,1372,411,4949.4017769,15,115598.580038,8423.0897545,13372.4915314,1.70183996656,1
125,958.828125,68.9020034831,4747.48608398,0.0718606408037,1166,647,414.7573427,21,82820.6350039,4943.69793127,5358.45527397,11.9194946594,1
126,960.4453125,78.3419296851,6137.45794678,0.0815683398789,1343,617,1968.60008685,21,155248.399332,7849.35586993,9817.95595678,3.98727802684,1
127,957.24609375,118.541683994,14052.1308441,0.123836163728,1343,431,3316.88121421,21,198933.408067,15921.024422,19237.9056362,4.79999837009,1
128,957.9453125,106.19018968,11276.3563843,0.110852037475,1323,431,1293.69143627,21,221727.853554,13213.446611,14507.1380472,10.2137544089,1
129,966.18359375,55.333660186,3061.81394958,0.057270337174,1176,794,257.226714676,21,108926.998711,4321.0232834,4578.24999808,16.7985012321,1
130,967.30078125,53.6902225679,2882.63999939,0.0555051992189,1137,852,161.181280077,21,141127.898377,4778.49556196,4939.67684204,29.6467155472,1
131,962.5859375,69.7269257694,4861.84417725,0.0724370916434,1196,705,499.581134126,21,350817.131118,7913.45134953,8413.03248366,15.8401725145,1
132,959.34765625,101.303921957,10262.4846039,0.105596674258,1333,656,1044.09340815,21,614761.835248,16106.8680748,17150.961483,15.4266543099,1
133,963.35546875,122.514964844,15009.9166107,0.127175241973,1441,578,5169.97451264,21,315010.179459,14145.90926,19315.8837726,2.73616615041,1
134,974.46484375,112.067252472,12559.0690765,0.115003894897,1441,578,6817.9769595,7,212405.707573,4814.62528101,11632.6022405,0.706166258644,1
135,983.96484375,99.1955668505,9839.76048279,0.100812104701,1235,627,6239.44074707,7,136922.471079,5759.2530613,11998.6938084,0.923039947772,1
136,982.25390625,98.9243811599,9786.03318787,0.100711618992,1235,686,9127.79266499,10,271945.248038,5513.0073476,14640.8000126,0.603980343325,0
137,982.390625,103.800381922,10774.5192871,0.105661006203,1215,568,8487.06398901,7,218974.011286,6805.07452971,15292.1385187,0.801817276095,0
138,983.15234375,130.571087238,17048.8088226,0.132808600893,1549,568,5127.38547705,21,251515.880672,17231.7856304,22359.1711075,3.3607353509,1
139,978.44140625,109.501446928,11990.5668793,0.111914158812,1549,617,1732.0211614,21,161761.677281,13729.9058733,15461.9270347,7.92710053395,1
140,979.546875,54.3542143282,2954.38061523,0.0554891406582,1362,774,792.31982392,24,24666.5190026,2344.18277031,3136.50259423,2.9586319811,1
141,987.1015625,47.0464929358,2213.37249756,0.0476612485717,1362,774,212.58649822,25,12099.6882542,1512.17754589,1724.76404411,7.11323418256,1
142,990.71875,30.807222545,949.084960938,0.0310958307239,1088,901,52.1093369761,20,6139.42388607,368.078359431,420.187696407,7.06357786897,1
143,987.609375,32.5402957825,1058.87084961,0.0329485488961,1088,911,45.5957801818,21,17531.370234,748.204426359,793.800206541,16.4095103401,1
144,984.14453125,30.3307066678,919.951766968,0.0308193621005,1068,911,36.7422662896,21,10592.623377,917.262564686,954.004830975,24.9647791853,1
145,982.90234375,29.3144694563,859.338119507,0.0298243967397,1058,911,53.6398661894,20,16168.4037286,635.897236133,689.537102322,11.854937033,1
146,984.7265625,32.1675823918,1034.75335693,0.0326665123262,1068,892,67.4119016876,17,8609.61782734,438.050369298,505.462270985,6.49811618322,1
147,989.84375,29.6987314281,882.014648438,0.0300034540079,1068,892,33.3490739869,20,5212.05304304,269.201730399,302.550804386,8.07224004194,1
148,991.0546875,75.5406356491,5706.38763428,0.076222469458,1254,607,4288.13334723,9,92730.4238361,4662.07774133,8950.21108857,1.08720446959,1
149,992.3125,88.1051617742,7762.51953125,0.0887877173513,1254,607,6551.84943716,9,175179.893718,5397.66438818,11949.5138253,0.823838282602,1
150,983.9296875,98.6602981505,9733.85443115,0.100271695634,1392,588,4452.87383842,13,171196.517615,8378.13105836,12831.0048968,1.88151098872,1
151,976.10546875,101.395346146,10281.0162201,0.1038774491,1392,588,4920.95170037,10,85296.9007141,7561.85907301,12482.8107734,1.53666598118,0
152,979.5703125,110.115293528,12125.3778687,0.112411832129,1470,480,5142.33925592,7,147066.755907,6798.1092152,11940.4484711,1.3219876941,0
153,974.515625,127.918613309,16363.1716309,0.13126378893,1470,480,8282.18804553,11,246536.800628,11085.6257627,19367.8138083,1.3384899862,0
154,971.3203125,166.235381575,27634.2020874,0.171143730277,1901,500,20802.9204082,6,414539.900365,15125.5343676,35928.4547758,0.727087066179,0
155,978.33203125,220.419954091,48584.9561615,0.225301786153,2343,215,36097.5037157,10,740350.373732,22593.1936532,58690.697369,0.625893519706,0
156,991.20703125,229.292764783,52575.1719818,0.231326814232,2343,215,33556.7492834,7,649153.477257,41295.1648972,74851.9141806,1.23060683109,0
157,1003.2265625,254.04649288,64539.6205444,0.253229432289,1950,29,64398.6576687,9,1013362.14246,36974.0513447,101372.709013,0.574143199302,0
158,1008.59375,237.024670311,56180.6943359,0.235005095273,1950,29,61657.6080253,9,1063094.3377,26297.252299,87954.8603243,0.426504581369,0
159,1005.3203125,147.082217314,21633.1786499,0.14630383519,1705,558,19082.2925302,11,385747.240257,13500.1545441,32582.4470743,0.707470264526,0
160,980.59375,120.453144255,14508.9599609,0.122836948793,1284,578,17484.3454374,7,385555.058115,4898.95293563,22383.298373,0.280190811442,0
161,972.4296875,102.044619805,10413.1044312,0.104937787397,1284,578,8408.85899969,7,151369.213677,5826.43878502,14235.2977847,0.692892910351,1
162,980.46875,105.09730889,11045.4443359,0.10719088078,2049,588,908.289209656,28,65456.3352863,7138.75529876,8047.04450841,7.85956193563,1
163,981.48828125,99.0508069764,9811.06236267,0.100918990953,2049,588,609.820511482,27,44163.3170191,6356.30341015,6966.12392163,10.4232364941,1
164,986.6328125,33.2864863472,1107.99017334,0.0337374613184,1156,843,91.9256237195,25,3121.59798162,307.244416505,399.170040225,3.342315277,1
165,984.46484375,33.8789021965,1147.78001404,0.0344135216321,1156,872,98.4363135346,22,4588.57538931,367.019457963,465.455771497,3.72849657595,1
166,978.30859375,39.482819696,1558.89305115,0.0403582468234,1127,862,147.472743943,21,8298.74844388,461.647130716,609.119874659,3.13038951045,1
167,965.23046875,82.1227502152,6744.14610291,0.0850809758643,1254,549,4553.04001044,13,52721.5032544,4643.8908519,9196.93086233,1.01995388603,1
168,967.38671875,97.5520036563,9516.39341736,0.100840751445,1254,500,6622.27656865,9,94688.9226616,5977.86678709,12600.1433557,0.902690596674,1
169,979.625,230.179719187,52982.703125,0.234967175385,3274,88,21792.9557683,10,414905.687139,25444.207859,47237.1636274,1.16754276609,1
170,987.828125,315.63298528,99624.1813965,0.319522169183,3274,88,73450.3750693,7,1832014.60645,43152.8742056,116603.249275,0.587510603791,1
171,991.8359375,265.233351779,70348.730896,0.267416557266,1990,156,69734.3295219,7,2133749.72293,28916.620834,98650.950356,0.41466837112,1
172,990.078125,233.080746784,54326.6345215,0.235416520069,1862,205,55608.9761998,8,857201.783611,24198.5081301,79807.4843299,0.435154713929,0
173,988.53515625,225.737123141,50957.248764,0.228355179595,1862,205,48851.6043697,7,827025.799828,22050.217107,70901.8214767,0.451371401032,0
174,985.5,167.799638706,28156.71875,0.170268532427,1568,284,19523.6980733,7,537026.805345,13606.8323948,33130.5304681,0.696939296222,0
175,975.80859375,164.172399157,26952.5766449,0.168242419885,1696,284,11727.6516829,8,358443.787691,17964.4188725,29692.0705554,1.53180017263,0
176,975.4296875,127.617695897,16286.2763062,0.130832286051,1696,401,5471.44111855,14,136350.258379,13938.9599862,19410.4011048,2.54758475586,1
177,987.98828125,55.7365091876,3106.55845642,0.0564141399705,1284,656,177.224824752,26,42967.8305219,3327.15058259,3504.37540734,18.7736147419,1
178,990.92578125,62.2602774474,3876.34214783,0.0628304143716,1343,656,235.734498171,25,18404.9954442,2540.72505574,2776.45955391,10.7779093661,1
179,991.5859375,42.5663135853,1811.89105225,0.0429275083233,1343,823,88.7241714773,21,5977.19874059,428.867276649,517.591448126,4.8337140771,1
180,990.0390625,52.988707869,2807.80316162,0.0535218355275,1607,784,182.300314422,31,11411.2829879,1433.03975936,1615.34007379,7.86087376706,1
181,986.21484375,66.8399202267,4467.57493591,0.0677741981378,1607,745,276.484821037,29,47072.8094576,3024.93505696,3301.41987799,10.9406912307,1
182,977.80859375,105.527055571,11135.9594574,0.107921996437,1362,401,7177.23852945,9,92071.8379675,9225.82693189,16403.0654613,1.28542849649,1
183,967.296875,353.595954962,125030.099365,0.365550601992,2303,-343,148444.424033,6,2856442.9342,38884.431278,187328.85531,0.261946055107,1
184,969.43359375,383.890471395,147371.894028,0.395994603312,2303,-343,186381.21241,6,5502931.2939,43315.0314503,229696.24386,0.2324002022,1
185,990.96875,187.598409071,35193.1630859,0.189308097829,1637,205,44766.2594076,6,832085.579282,15325.8017279,60092.0611355,0.342351626664,0
186,1005.54296875,62.7494250267,3937.49034119,0.062403524242,1313,754,478.325775968,23,58068.6551719,4251.22284197,4729.54861793,8.88771430594,0
187,1001.55078125,28.6898378571,823.106796265,0.0286454150845,1088,921,53.1117619246,18,8382.24120905,984.445019228,1037.55678115,18.5353485472,0
188,1002.3125,21.4167173313,458.67578125,0.0213673054375,1068,931,66.3192452334,22,4115.35979991,255.694477578,322.013722812,3.85550946303,0
189,1005.015625,24.4980816771,600.156005859,0.0243758216964,1098,941,48.8269554764,21,6523.16024135,480.200809877,529.027765353,9.83474814663,0
190,1003.76171875,32.2792058189,1041.9471283,0.0321582355811,1176,921,38.019919189,19,10985.3031128,860.750521052,898.770440241,22.6394621402,0
191,993.2734375,59.5212954071,3542.78460693,0.0599243804977,1362,764,811.550809936,20,20385.076745,2242.73499046,3054.28580039,2.7635176541,0
192,972.21484375,60.8303604166,3700.33274841,0.0625688455671,1362,764,1223.93416058,0,65095.8048678,2199.40420662,3423.3383672,1.79699552268,0
193,979.33984375,54.3945881957,2958.77122498,0.0555420965897,1137,872,1350.52157143,0,67114.8578108,3408.73222736,4759.25379879,2.52401168517,0
194,998.2421875,44.9329789266,2018.97259521,0.0450121017617,1137,872,413.994666244,19,43733.5773674,3083.72648641,3497.72115265,7.44871066671,0
195,1002.15234375,21.8311219394,476.597885132,0.0217842347778,1068,941,113.978892179,25,4087.24755963,413.677883458,527.656775636,3.62942537474,0
196,1004.4375,21.2418182779,451.21484375,0.0211479741426,1068,941,49.6236485978,25,4703.99510808,471.986716824,521.610365421,9.5113263567,0
197,1003.79296875,16.3432453727,267.101669312,0.0162814901892,1068,960,16.8805452103,17,2470.04260299,216.358964491,233.239509701,12.817060219,0
198,1003.21484375,17.1324326473,293.520248413,0.0170775310533,1049,960,22.220436104,21,3787.37806829,156.851766381,179.072202485,7.05889684823,0
199,998.6484375,24.3384629508,592.360778809,0.0243714024244,1068,901,139.143672718,20,5848.26407276,393.89006397,533.033736687,2.83081548932,0
200,989.02734375,42.5725854696,1812.42503357,0.0430449023868,1372,803,220.208311639,15,11165.3903777,1211.35802586,1431.5663375,5.50096414095,0
201,989.74609375,114.464351985,13102.0878754,0.115650218483,2343,607,4259.12504683,11,46801.0216339,3811.03008763,8070.15513447,0.894791781346,0
202,1006.125,229.150946431,52510.15625,0.22775594129,2343,235,56051.4285113,5,1028330.46487,18147.0245508,74198.4530621,0.323756682618,0
203,987.57421875,343.346254882,117886.650742,0.347666280026,2705,88,141136.086849,5,3267261.57269,27181.7636804,168317.850529,0.192592584131,0
204,977.46484375,319.409291723,102022.295639,0.32677317631,2705,88,108852.683215,8,2596906.06914,24518.9546125,133371.637827,0.225248968499,0
205,977.015625,225.543007414,50869.6481934,0.23084892569,1901,352,71396.9582955,5,1735008.96264,7378.24267491,78775.2009704,0.103341134567,0
206,974.96875,161.532936729,26092.8896484,0.165680117162,1901,352,31821.5543856,8,495204.997966,4151.88702656,35973.4414122,0.130474048384,0
207,986.953125,62.8334678156,3948.04467773,0.0636640851769,1490,676,553.99894803,23,45837.2785264,4485.8411219,5039.84006993,8.09720151609,0
208,984.33984375,67.5147389462,4558.23997498,0.068588851071,1490,676,590.141315295,26,46552.4919604,5256.20184568,5846.34316098,8.90668338151,0
209,988.16015625,45.7172198819,2090.06419373,0.0462649901362,1284,774,372.481026968,26,16093.5821804,1806.55132316,2179.03235013,4.85004924377,0
210,987.55078125,184.141158276,33907.9661713,0.186462470358,2735,39,17769.4110567,9,224933.961125,19967.2302198,37736.6412765,1.12368553781,0
211,985.38671875,203.713653917,41499.2527924,0.206734726622,2735,39,20800.2674307,10,337935.614629,26393.5806041,47193.8480348,1.26890582979,0
212,990.99609375,93.3689547092,8717.76170349,0.0942172782497,1441,343,2688.71736443,9,58786.916222,7442.93115837,10131.6485228,2.76820883327,0
213,1000.4453125,32.2438968532,1039.66888428,0.0322295446341,1137,931,97.0760663087,20,31562.0004975,1019.03364655,1116.10971286,10.49726967,0
214,1005.2890625,29.2120887711,853.346130371,0.0290583970927,1137,931,36.1417998825,20,20335.038068,931.483470381,967.625270264,25.7730238507,0
215,1003.90625,17.2583482969,297.850585938,0.0171911951907,1068,960,30.6255401598,19,6980.36048455,299.724268313,330.349808473,9.7867422664,0
216,1000.96484375,18.4973270444,342.151107788,0.018479497217,1068,960,23.3274184492,19,9545.51875541,340.201540752,363.528959201,14.5837629437,0
217,1001.66015625,21.188093059,448.935287476,0.021152975814,1098,950,42.0155550629,20,14675.4439821,487.485583115,529.501138178,11.6025025109,0
218,1001.7421875,24.7503933345,612.581970215,0.0247073485008,1098,950,40.5011479867,20,19157.1756731,734.345554526,774.846702513,18.1314750576,0
219,997.47265625,21.0438352569,442.843002319,0.0210971550198,1078,950,23.4250869199,20,13616.7139235,491.368187704,514.793274624,20.9761521647,0
220,994.90234375,16.7626536386,280.986557007,0.0168485417125,1049,950,13.6835774951,20,6288.78386144,269.802417328,283.485994823,19.7172426162,0
221,996.26171875,16.6207072517,276.247909546,0.0166830732717,1039,950,23.7810780702,19,4371.75429677,214.617748395,238.398826465,9.02472746448,0
222,994.1640625,15.5554840328,241.973083496,0.0156467977667,1039,950,42.8160562942,22,2566.70197179,159.310113838,202.126170132,3.72080307311,0
223,995.078125,15.9455172849,254.259521484,0.0160243873163,1058,960,50.560198572,0,4326.98167058,167.538314517,218.098513089,3.3136403584,0
224,1001.28515625,20.8401827526,434.313217163,0.0208134342375,1068,941,41.1571181905,20,13209.6753592,385.410502345,426.567620536,9.3643704732,0
225,1003.11328125,22.6089130347,511.162948608,0.0225387435868,1068,941,23.7645806277,21,8732.27952319,483.76952771,507.534108338,20.3567458349,0
226,999.9296875,24.6748174999,608.846618652,0.02467655257,1098,931,37.4784792481,21,15124.6351762,626.729706994,664.208186243,16.7223889434,0
227,994.859375,26.0410536386,678.136474609,0.0261756126474,1098,931,29.7700022166,20,23303.8863616,726.48663204,756.256634256,24.4033113183,0
228,993.01171875,22.4740270962,505.081893921,0.0226321871856,1098,941,13.9799687436,21,10362.1794732,472.982071144,486.962039888,33.8328418195,0
229,991.73046875,36.7720173387,1352.18125916,0.0370786403134,1166,774,95.6375143615,19,24875.9910988,1504.12462194,1599.7621363,15.7273495865,1
230,1000.61328125,88.1430104566,7769.19029236,0.0880889871325,1323,568,956.265034153,21,117247.089971,9363.32609927,10319.5911334,9.79155962506,1
231,1005.6328125,123.585330535,15273.3339233,0.122893096763,1352,558,10893.1374142,5,162908.100661,12676.7535715,23569.8909857,1.16373759822,1
232,992.22265625,156.193418613,24396.3840179,0.157417710258,1401,372,24835.2299152,5,481196.252391,11520.118006,36355.3479212,0.46386194311,1
233,982.15234375,190.813155692,36409.6603851,0.194280609221,1411,333,42278.3471788,5,982611.215177,16734.4318587,59012.7790375,0.395815659206,0
234,992.6796875,167.73364924,28134.5770874,0.168970566591,1411,333,36948.7166949,8,906113.808331,10752.8844636,47701.6011585,0.291021865587,0
235,1000.14453125,133.467131551,17813.4752045,0.133447844167,1362,598,19436.6748032,9,396007.523071,8768.11106408,28204.7858673,0.451111682057,0
236,998.8984375,145.447388461,21154.9428101,0.145607784536,1539,627,24127.4056764,9,503811.421964,9191.34602694,33318.7517033,0.380950449055,0
237,998.87109375,178.552871482,31881.1279144,0.178754668745,1539,107,27488.74402,9,777839.471846,23020.2697655,50509.0137855,0.837443491369,0
238,988.35546875,196.778196958,38721.6587982,0.199096583345,1676,107,28068.4976749,10,638800.737072,30594.9621111,58663.4597861,1.09001067551,1
239,979.25,168.124047395,28265.6953125,0.171686543166,1676,352,11855.6327337,19,327387.538936,26494.457494,38350.0902277,2.23475693698,1
240,975.47265625,149.178162786,22254.1242523,0.152929107577,1539,352,7234.65322395,19,378227.005125,23332.7600946,30567.4133185,3.22513870013,1
241,981.12109375,148.865071642,22160.8095551,0.151729559777,1539,431,13764.7880194,19,295646.023133,18506.662715,32271.4507345,1.34449311452,1
242,987.04296875,131.691082167,17342.5411224,0.133419806773,1490,568,15634.153239,6,396840.12248,9627.11170037,25261.2649394,0.615774423673,1
243,987.875,100.49362542,10098.96875,0.101727066096,1490,676,8338.69773096,6,191809.502734,5061.49610598,13400.1938369,0.606988797206,0
244,984.63671875,87.5537606016,7665.66099548,0.0889198614416,1392,735,6637.75639289,6,160178.603411,4716.94340642,11354.6997993,0.710623157468,0
245,981.7890625,105.385390379,11106.0805054,0.107340155237,1284,607,6167.95513222,7,165182.595415,8738.42019027,14906.3753225,1.41674509671,0
246,979.34375,131.618793627,17323.5068359,0.134394888033,1696,549,7837.79205278,12,302513.960426,10967.9251897,18805.7172424,1.39936414692,0
247,973.33203125,131.801975892,17371.760849,0.13541317008,1696,549,11587.4902457,7,418258.463869,7118.57554999,18706.0657957,0.614332819193,0
248,970.625,124.297149002,15449.78125,0.12805887856,1274,509,12362.933214,7,365337.693009,7201.32838328,19564.2615973,0.582493511743,0
249,976.90625,137.093628904,18794.6630859,0.140334478261,1529,509,13289.0828963,11,414642.023882,9277.19681986,22566.2797162,0.698106625736,0
250,983.44921875,138.181144413,19094.0286713,0.14050663906,1529,235,11130.7698389,7,354518.192555,10582.7681763,21713.5380152,0.950766957678,0
251,978.95703125,138.493576782,19180.4708099,0.141470536869,1441,235,8152.72539975,7,276289.12631,14869.3597004,23022.0851002,1.82385140813,0
252,983.3671875,142.678800715,20357.2401733,0.145092090247,1490,529,10574.2956119,11,355027.614293,14884.3138069,25458.6094187,1.40759388173,0
253,985.03125,130.189941618,16949.4208984,0.132168336403,1490,578,10219.1987142,7,369775.634768,8658.2169591,18877.4156733,0.84725008303,0
254,980.1171875,131.362459029,17256.0956421,0.134027298678,1362,372,8117.03405448,16,280407.527751,12906.6084953,21023.6425498,1.59006459855,0
255,973.0234375,137.668077094,18952.4994507,0.141484852048,1362,372,6316.1121967,16,337803.950912,16794.1543024,23110.2664991,2.65893856527,0
256,966.51171875,154.507129245,23872.4529877,0.159860585493,1735,313,5551.20865228,16,279000.466338,24602.4614239,30153.6700762,4.43191077204,0
257,965.83203125,171.675563579,29472.4991302,0.177748881819,1735,313,7343.58631453,13,427682.802399,33620.5929317,40964.1792462,4.57822533728,0
258,961.421875,190.353376537,36234.407959,0.19799151807,1872,264,13659.3612437,4,324617.036856,32529.644938,46189.0061816,2.38149093195,0
259,964.921875,191.240281999,36572.845459,0.198192503407,1872,264,15151.9046277,13,589625.539807,29694.7282018,44846.6328295,1.95980168378,1
260,964.609375,135.518808333,18365.3474121,0.140490867957,1598,294,6281.2341078,14,206910.571822,14518.196914,20799.4310218,2.31136058055,1
261,956.37890625,98.8298776247,9767.3447113,0.103337575702,1245,509,4494.85624448,22,119555.335076,9629.9753201,14124.8315646,2.14244345009,1
262,959.42578125,162.779550287,26497.1819916,0.169663514852,1774,431,6149.22838483,18,286001.876724,23807.4035287,29956.6319135,3.87160827973,1
263,976.78125,172.245325476,29668.4521484,0.176339713192,1774,431,9417.62195536,10,223750.266288,23957.0852957,33374.707251,2.54385718701,1
264,988.75390625,129.767573113,16839.6230316,0.131243550385,1509,617,9477.92147779,14,362978.002213,14207.2859926,23685.2074704,1.49898751808,1
265,990.453125,109.497350095,11989.6696777,0.110552783701,1509,656,10381.1601933,8,281187.765897,7044.66916703,17425.8293604,0.678601335094,1
266,993.5703125,97.6717784529,9539.77630615,0.0983038414334,1392,588,7749.441255,8,200269.350184,6524.32990951,14273.7711645,0.841909719013,0
267,990.2734375,106.96901675,11442.3705444,0.108019676888,1509,588,8260.05208621,8,179581.608551,6616.71272474,14876.7648109,0.801049758002,0
268,985.33203125,108.305138551,11730.0030365,0.109917403592,1509,647,10513.8219425,7,164733.192774,5763.44739058,16277.2693331,0.54817814322,0
269,984.27734375,92.651086673,8584.22386169,0.094131077243,1245,647,7764.59425399,8,210350.310716,5208.95485876,12973.5491127,0.670859891499,0
270,988.0390625,102.418595902,10489.5687866,0.103658448122,1284,627,9649.23109086,9,232022.428899,6857.20647409,16506.437565,0.710647968685,0
271,989.078125,121.450453463,14750.2126465,0.122791567616,1284,627,17117.4650689,9,494224.526679,8718.91941322,25836.3844821,0.509358095847,0
272,984.8671875,103.742346939,10762.4745483,0.105336382667,1225,637,12497.4433544,9,267973.935882,4968.1126826,17465.556037,0.39753032214,0
273,981.28515625,106.165374085,11271.0866547,0.108190135568,1245,401,9696.88734158,6,185927.281376,4866.74755658,14563.6348982,0.501887604253,0
274,973.234375,110.870383527,12292.2419434,0.113919510423,1245,401,9270.96707986,12,273359.02966,6239.04628638,15510.0133662,0.672966070598,0
275,974.30859375,87.949040223,7735.03367615,0.0902681560926,1274,666,6752.47627966,6,128421.46233,4334.71902673,11087.1953064,0.641945094985,0
276,980.140625,94.387849653,8909.06616211,0.0963003136952,1303,647,6725.13259319,7,104206.064439,5097.06698313,11822.1995763,0.757913232564,0
277,972.53125,112.956949591,12759.2724609,0.116147372736,1303,588,10095.6027132,6,151269.312644,7113.86577215,17209.4684853,0.704649932675,0
278,976.96875,126.932433891,16111.8427734,0.129924763603,1382,588,12633.7333125,7,299901.669203,10720.344714,23354.0780265,0.848549233139,0
279,986.0703125,130.592471045,17054.3934937,0.132437280982,1382,617,14611.5166954,10,384097.872113,12761.6099363,27373.1266317,0.873393926339,0
280,982.10546875,118.40631437,14020.0552826,0.120563746092,1264,617,14133.0583013,10,409529.660956,8766.02169781,22899.0799991,0.620249454219,0
281,980.5703125,105.790822764,11191.6981812,0.107887034123,1235,637,11244.633657,10,216858.279665,6664.9531835,17909.5868405,0.592723016758,0
282,979.3046875,107.188579338,11489.3915405,0.109453759087,1392,627,10227.0531085,10,245684.410288,7106.94869494,17334.0018034,0.694916572696,0
283,975.6328125,106.781418905,11402.2714233,0.109448367805,1392,627,7989.81271436,7,201597.711933,8111.80561961,16101.618334,1.0152685563,0
284,977.578125,93.5634485068,8754.11889648,0.0957094334602,1254,686,5883.95887241,6,126728.494796,5614.71832737,11498.6771998,0.954241599766,0
285,977.05859375,100.403018371,10080.766098,0.102760488484,1274,539,4060.76063842,12,122154.950058,9430.69614453,13491.4567829,2.32239646319,0
286,982.02734375,88.2407663502,7786.43284607,0.0898557121773,1274,539,2155.05972243,19,118064.563907,9698.45994866,11853.5196711,4.50032073251,0
287,992.53125,44.5842666861,1987.75683594,0.0449197611522,1088,901,124.512602164,20,102396.973266,3289.90108678,3414.41368894,26.422233811,0
288,994.08203125,30.67924261,941.215927124,0.0308618822648,1068,901,70.3298391148,21,26686.2317266,1357.58741654,1427.91725566,19.3031497531,0
289,996.1796875,38.1926517789,1458.6786499,0.0383391191952,1205,862,469.942923829,17,17723.5842077,1697.29868704,2167.24161087,3.61171240374,0
290,993.51171875,54.9608512959,3020.69517517,0.0553197815976,1284,774,933.165097817,19,32291.4411802,3518.49398865,4451.65908647,3.77049462832,0
291,991.21875,49.2419786456,2424.77246094,0.0496782154753,1284,774,556.804832012,29,24225.2652187,2642.56712743,3199.37195945,4.745948626,0
292,990.2265625,36.4313813138,1327.24554443,0.0367909554172,1147,901,291.032795874,18,15910.7666782,1547.99375779,1839.02655367,5.31896672725,0
293,992.2265625,30.2763869531,916.659606934,0.0305135823786,1078,911,166.865928286,18,12441.1559712,1248.33635717,1415.20228546,7.48107399751,0
294,1001.0234375,21.6125198249,467.101013184,0.021590423376,1088,941,113.962219626,23,6325.87187578,475.540210311,589.502429937,4.17278824395,0
295,999.12890625,21.2921224148,453.354476929,0.0213106860202,1088,950,146.76403681,0,6094.2610396,394.416956243,541.180993053,2.68742237414,0
296,969.34375,38.4837501218,1480.99902344,0.0397008286501,1127,833,952.726834424,0,77680.4187107,753.189404892,1705.91623932,0.790561761963,0
297,967.0234375,56.4339997314,3184.79632568,0.0583584611737,1186,803,1041.97333286,0,57802.9449436,3997.05935413,5039.03268699,3.83604764926,0
298,985.0234375,48.00227287,2304.21820068,0.048732112397,1186,803,342.955704284,21,32909.8311682,3461.70880925,3804.66451354,10.0937490353,0
299,985.8359375,67.4102733899,4544.1449585,0.0683787949147,1313,686,4259.56497366,12,56710.380279,2371.57800941,6631.14298307,0.556765309153,0
300,987.91796875,91.512876428,8374.60655212,0.0926320598701,1490,441,6092.35677099,4,94103.17346,3296.80776161,9389.1645326,0.541138328817,0
301,979.1875,118.092505451,13945.8398438,0.120602545939,1490,441,9143.49428854,11,190683.54989,7637.9231739,16781.4174624,0.835339634157,0
302,974.9921875,124.497113175,15499.531189,0.127690370006,1343,509,11415.190606,8,251077.526876,9544.78292033,20959.9735264,0.836147485377,0
303,980.609375,111.25254452,12377.1286621,0.1134524586,1264,509,9104.34378269,6,161578.051762,8249.02867403,17353.3724567,0.906054172703,0
304,984.0390625,111.564261355,12446.5844116,0.113373813709,1284,588,10525.6304764,9,232156.75104,8970.76495613,19496.3954325,0.852278158181,0
305,986.046875,93.1949703055,8685.30249023,0.0945137322254,1284,588,6135.75446078,9,162360.927112,6803.97948928,12939.7339501,1.10890674208,0
306,981.25390625,78.6859982009,6191.48631287,0.080189233082,1264,676,2807.7254178,14,54186.0295518,4140.10167332,6947.82709112,1.47453937165,0
307,981.77734375,59.4877977441,3538.79808044,0.0605919439095,1196,676,1300.39773326,14,25700.1177898,2371.44381365,3671.84154691,1.82362961192,0
308,991.2421875,23.3797609101,546.613220215,0.0235863255267,1068,931,46.6736204357,20,3421.46203205,317.558068789,364.231689225,6.80380192976,0
309,994.4921875,24.7045024027,610.312438965,0.0248413237562,1078,941,38.5007853952,23,5257.45300697,435.409979684,473.910765079,11.309119417,0
310,995.6796875,22.7073548086,515.623962402,0.0228058833515,1078,931,30.5174377718,21,4109.89130761,248.574004547,279.091442318,8.14531044204,1
311,998.09765625,24.9036078111,620.189682007,0.0249510733295,1098,931,38.4452727172,25,1590.81983992,115.312125751,153.757398468,2.99938373695,1
312,996.8046875,36.3624459852,1322.22747803,0.0364790078149,1147,696,62.2786944032,24,4413.42186718,350.274954274,412.553648677,5.62431434427,1
313,997.43359375,42.5025215747,1806.46434021,0.0426118809724,1147,696,81.6588310629,27,8364.3376461,1131.68768124,1213.3465123,13.8587298704,1
314,1002.2265625,40.0080489643,1600.64398193,0.0399191664453,1137,882,71.9499616078,25,15122.4847076,1212.71282563,1284.66278723,16.8549475014,1
315,1002.83984375,31.5493433961,995.361068726,0.0314600019063,1117,911,50.7784590669,23,5890.669692,634.770769426,685.549228492,12.5007883479,1
316,1004.14453125,24.3635912679,593.584579468,0.024263032372,1068,941,36.2695707457,27,3883.39438437,278.419381408,314.688952154,7.67639030967,1
317,1006.23828125,29.3311151475,860.314315796,0.0291492737794,1088,941,37.8212182486,19,4153.81437156,348.945982081,386.76720033,9.22619625279,0
318,1004.94921875,31.8160201788,1012.25914001,0.031659331223,1166,941,56.0971098066,20,13660.7069836,603.573045317,659.670155124,10.759432124,0
319,1004.03515625,29.3592167434,861.963607788,0.0292412238363,1166,931,64.8289514434,20,5923.22166052,611.744548533,676.573499976,9.43628633368,0
320,1002.91796875,25.2256439883,636.333114624,0.0251522505073,1078,931,80.4647500916,16,3848.41919945,361.840366267,442.305116359,4.49688050798,0
321,1001.26171875,21.8293689108,476.521347046,0.0218018610939,1078,941,43.3073503647,25,3205.09223895,261.63491284,304.942263205,6.04135119413,0
322,1001.15234375,21.4032213728,458.097885132,0.0213785858929,1068,950,42.7630902588,19,1657.41149928,180.79778411,223.560874368,4.2278933308,0
323,1001.75390625,23.248109474,540.474594116,0.0232074058598,1078,941,25.102456283,21,2754.10732994,201.709036354,226.811492637,8.03543024155,0
324,1001.78515625,31.8254015829,1012.85618591,0.0317686895083,1147,941,134.216631052,20,6060.1334701,621.624747141,755.841378194,4.63150313241,0
325,995.1875,34.579448828,1195.73828125,0.0347466671638,1147,911,229.853137258,21,13435.410682,898.050062862,1127.90320012,3.9070602802,0
326,984.5234375,33.9490576185,1152.53851318,0.0344827317719,1078,892,140.216830913,26,7163.20673271,908.413983869,1048.63081478,6.47863725028,0
327,980.79296875,38.399830492,1474.54698181,0.0391518207363,1088,882,127.734210829,24,24066.042424,1376.07516535,1503.80937618,10.7729570365,1
328,984.484375,48.0728588276,2310.99975586,0.0488304944683,1147,833,125.897210651,23,40575.1992442,3574.67884929,3700.57605994,28.3936302545,1
329,983.42578125,78.5491632933,6169.97105408,0.0798729957979,1323,637,2437.62782222,20,93764.2285208,6010.59297125,8448.22079346,2.46575499199,1
330,953.0390625,175.384261264,30759.6390991,0.184026309272,1637,352,5395.04645488,21,238559.489886,19084.7848905,24479.8313454,3.53746442225,1
331,938.71484375,173.220756276,30005.4304047,0.184529686975,1637,352,5282.19876598,21,262100.591048,20104.9714355,25387.1702015,3.806174725,1
332,957.234375,76.2327320995,5811.42944336,0.0796385233235,1245,607,908.97855159,21,76912.0622914,8212.82317972,9121.80173131,9.03522219018,1
333,963.70703125,49.0265802964,2403.60557556,0.0508729092002,1098,843,113.545298863,23,52499.6264153,3974.45398988,4087.99928874,35.0032456621,1
334,965.53125,59.6519773221,3558.35839844,0.0617815087001,1117,833,54.8950098711,20,236993.568152,6447.67214486,6502.56715473,117.454613088,1
335,968.6484375,62.5548621516,3913.11077881,0.0645795313654,1117,833,68.3137798786,20,245026.02068,7378.78386028,7447.09764016,108.013110582,1
336,976.75,45.1426558257,2037.859375,0.046217205862,1107,852,150.712675771,23,31967.1411385,3192.81664998,3343.52932575,21.184791748,1
337,990.34765625,130.341709235,16988.9611664,0.131612074217,2049,519,6218.25349161,16,142476.259514,15443.0919697,21661.3454613,2.48350955626,1
338,989.60546875,162.36134893,26361.2076263,0.164066745847,2049,519,17373.6330955,7,323897.422921,19052.3880538,36426.0211493,1.0966265921,1
339,983.375,172.649957465,29808.0078125,0.175568788575,1862,539,36838.5292101,7,801017.855502,9486.34105365,46324.8702638,0.25751139519,1
340,991.3046875,160.795972168,25855.3446655,0.162206407572,1862,598,30765.1068919,5,645895.941229,8406.86277818,39171.9696701,0.273259664194,0
341,992.26953125,124.327478395,15457.3218842,0.125296075794,1352,627,18141.5855394,7,369835.075321,8311.21233471,26452.7978741,0.458130427281,0
342,987.6875,120.086183245,14420.6914062,0.1215831761,1382,627,16695.0195707,5,379902.936552,6447.70071005,23142.7202808,0.386205040535,0
343,979.9375,103.61683849,10736.4492188,0.105738211356,1382,676,10056.7705685,5,286482.170858,5833.73099236,15890.5015608,0.58007995237,0
344,978.61328125,109.409757242,11970.4949799,0.111800809716,1352,598,11408.6130114,5,251863.546264,6306.10252189,17714.7155333,0.552749270711,0
345,987.0078125,122.717090554,15059.484314,0.124332440939,1352,598,15209.1007515,9,229848.215533,7684.02153368,22893.1222852,0.505225237127,0
346,987.85546875,105.015877749,11028.3345795,0.106306925529,1264,598,11068.5111488,9,268356.420834,6405.79031905,17474.3014679,0.578740015971,0
347,981.43359375,80.5824226504,6493.52684021,0.0821068518172,1245,686,5189.76539178,11,117337.553612,3409.18723046,8598.95262224,0.656905847009,0
348,975.0,116.410876586,13551.4921875,0.119395770857,1411,421,7230.62021723,10,109739.534092,8302.52862307,15533.1488403,1.14824570696,0
349,969.6953125,180.574151952,32607.024353,0.186217412443,1754,137,9398.17313468,19,202852.810199,26045.8563662,35444.0295008,2.77137439297,1
350,966.84765625,177.035892576,31341.7072601,0.183106295425,1754,137,9154.65611947,31,233527.986382,26216.4094512,35371.0655707,2.86372411034,1
351,968.234375,118.62506483,14071.9060059,0.122516890427,1411,421,4406.65532286,7,101772.442815,9480.48724809,13887.1425709,2.1514020393,1
352,966.2265625,158.718142219,25191.4486694,0.164265968644,2186,205,3303.81541579,29,171993.999726,20691.5254618,23995.3408776,6.26291812881,1
353,969.421875,155.426259112,24157.3220215,0.160328813616,2186,205,4611.54535584,21,222404.181341,21561.0705105,26172.6158663,4.67545450533,1
354,972.203125,110.278366488,12161.3181152,0.113431405076,1509,607,5596.94977637,24,83399.4261269,10341.2562704,15938.2060467,1.84765929364,1
355,972.125,145.414654953,21145.421875,0.149584317812,1833,490,9086.40348656,10,183363.366848,11709.7327795,20796.136266,1.28870931131,1
356,974.59375,154.928937213,24002.9755859,0.158967710611,1833,421,9795.72405545,7,237317.43535,12169.619734,21965.3437895,1.24233999091,1
357,976.0078125,133.287752397,17765.624939,0.136564226935,1313,421,11692.4704227,15,199839.184623,9991.49184726,21683.96227,0.854523593906,1
358,973.27734375,135.948394802,18481.9660492,0.139681043307,1754,352,11905.7341952,10,311658.470717,12815.8000485,24721.5342437,1.0764392887,1
359,970.8125,137.685570799,18957.3164062,0.141825090632,1754,352,8951.94972322,14,248109.891712,14226.5176554,23178.4673786,1.58920884223,0
360,970.59375,124.523556851,15506.1162109,0.128296269012,1411,519,8356.96654301,7,266328.380553,11217.8345304,19574.8010734,1.34233330631,0
361,973.765625,111.594654636,12453.3669434,0.114601144024,1509,549,4720.42610157,11,105089.194079,9688.53677112,14408.9628727,2.05247080722,0
362,980.390625,76.600244204,5867.59741211,0.0781323711699,1509,549,1360.04456224,29,38106.3077054,4661.94842244,6021.99298469,3.42779093558,1
363,983.71484375,37.151094764,1380.20384216,0.0377661219611,1088,892,46.5859565939,19,14868.6618235,1558.32645729,1604.91241389,33.4505625993,1
364,979.75390625,46.7490598207,2185.47459412,0.0477151042955,1147,823,123.158474625,25,56029.5827881,3042.28307017,3165.4415448,24.7021821229,1
365,978.0390625,45.4074268333,2061.83441162,0.046427007442,1147,823,150.329950885,24,48885.5788365,2516.88739216,2667.21734304,16.742421436,1
366,986.42578125,58.0202210792,3366.34605408,0.0588186381399,1421,735,306.020537633,30,19710.3492128,2848.18369542,3154.20423305,9.30716519044,1
367,988.44921875,58.5957196284,3433.45835876,0.0592804551988,1421,735,280.043547015,22,15630.3946421,2612.04683247,2892.09037949,9.32728806042,1
368,986.2578125,58.6272315798,3437.15228271,0.0594441238759,1401,774,202.955583694,20,41486.5662733,3702.23405536,3905.18963905,18.2415974371,1
369,986.84765625,57.447974378,3300.26976013,0.0582136199181,1401,774,273.998657616,20,44809.9547458,3820.09567214,4094.09432976,13.9420233127,1
370,985.23828125,44.4297402175,1974.0018158,0.0450954262162,1264,862,168.058161413,29,10796.7220489,1075.30791144,1243.36607286,6.39842720163,1
371,992.58984375,263.879973408,69632.6403656,0.265849963174,3411,-254,8060.77183945,15,329347.396293,36303.3189931,44364.0908326,4.50370258781,1
372,991.25,289.457588107,83785.6953125,0.292012699225,3411,-254,24334.9543127,9,376694.212637,42108.6823144,66443.6366271,1.73037852355,1
373,983.47265625,147.98521633,21899.6242523,0.150472120795,1960,539,22234.4951155,10,456171.008422,7904.13338278,30138.6284983,0.355489672319,1
374,983.01171875,122.601631388,15031.1600189,0.124720416908,1352,539,10864.6665932,6,173422.778063,8189.82419477,19054.490788,0.753803545145,0
375,981.15234375,148.68408543,22106.9572601,0.151540264238,1421,303,16134.4181288,7,564729.72371,11453.7909232,27588.209052,0.709897985277,0
376,974.1171875,171.985356439,29578.9628296,0.176555098962,1441,303,14065.2999664,8,283440.660092,23466.1682975,37531.4682639,1.66837311352,0
377,960.328125,209.617699238,43939.579834,0.218277163588,1950,166,14576.4978743,18,510156.165186,36179.7687929,50756.2666672,2.48206181656,1
378,967.00390625,229.885815713,52847.488266,0.237729976298,1950,166,14867.4478283,14,685285.368257,46546.195524,61413.6433524,3.13074550935,1
379,973.28125,209.873564524,44046.9130859,0.215635063887,1882,235,10145.3488627,25,690946.941974,49981.9246053,60127.273468,4.92658510633,1
380,973.23828125,181.663133308,33001.4940033,0.186658433816,1598,352,4461.49040674,25,925788.077784,42416.5364842,46878.0268909,9.50725713096,1
381,976.4609375,177.599901567,31541.7250366,0.181881214851,2127,509,4302.68338866,24,385713.445204,27120.6289296,31423.3123183,6.30318954007,1
382,996.34375,154.37373165,23831.2490234,0.154940231872,2127,676,3011.65389488,19,127751.101903,13068.0419476,16079.6958425,4.33915795233,1
383,1025.85546875,76.6481829822,5874.94395447,0.07471635656,1803,676,795.639366642,11,16694.7712396,2240.88426158,3036.52362822,2.81645724877,1
